Metric (key = "distance") {float {1.0}}
Metric (key = "angle") {float {1.0}}
Metric (key = "time") {float {1.0}}
Metric (key = "up") {string {"z"}}

Node $node1
{
	Name {string {"Avatar"}}

	Transform
	{
		float[16]
		{
			{1.0, 0.0, 0.0, 0.0,
			 0.0, 1.0, 0.0, 0.0,
			 0.0, 0.0, 1.0, 0.0,
			 0.0, 0.0, 0.0, 1.0}
		}
	}

	BoneNode $node2
	{
		Name {string {"Hips"}}

		Transform
		{
			float[16]
			{
				{1.0, 0.0, 0.0, 0.0,
				 0.0, 0.34273117780685425, 0.9394335150718689, 0.0,
				 0.0, -0.9394335150718689, 0.342731237411499, 0.0,
				 0.0, 0.06382499635219574, 0.926550030708313, 1.0}
			}
		}

		BoneNode $node3
		{
			Name {string {"LHipJoint"}}

			Transform
			{
				float[16]
				{
					{-0.10694801807403564, 0.053196996450424194, -0.9928404092788696, 0.0,
					 0.9941506385803223, -0.009385313838720322, -0.1075921505689621, 0.0,
					 -0.015041716396808624, -0.9985398650169373, -0.05188211798667908, 0.0,
					 0.0, -2.421438694000244e-08, 1.1175870895385742e-08, 1.0}
				}
			}

			BoneNode $node4
			{
				Name {string {"LeftUpLeg"}}

				Transform
				{
					float[16]
					{
						{-0.16257934272289276, 0.9860055446624756, -0.03689592331647873, 0.0,
						 0.2069767564535141, 0.07064148783683777, 0.9757923483848572, 0.0,
						 0.96474289894104, 0.15100707113742828, -0.21556511521339417, 0.0,
						 7.348135113716125e-07, 0.10913850367069244, 3.1174859032034874e-06, 1.0}
					}
				}

				BoneNode $node5
				{
					Name {string {"LeftLeg"}}

					Transform
					{
						float[16]
						{
							{0.9996064901351929, -0.0015522289322689176, 0.028006844222545624, 0.0,
							 -0.0015199139015749097, 0.9940032362937927, 0.1093391552567482, 0.0,
							 -0.028008610010147095, -0.10933870077133179, 0.9936096668243408, 0.0,
							 -3.5119010135531425e-06, 0.4175824820995331, 3.888271749019623e-07, 1.0}
						}
					}

					BoneNode $node6
					{
						Name {string {"LeftFoot"}}

						Transform
						{
							float[16]
							{
								{0.9929317235946655, -0.0918598622083664, 0.07515570521354675, 0.0,
								 0.0983290821313858, 0.28205475211143494, -0.9543461799621582, 0.0,
								 0.06646806746721268, 0.9549905061721802, 0.28909361362457275, 0.0,
								 -3.94647940993309e-08, 0.436197966337204, -2.2945459932088852e-07, 1.0}
							}
						}

						BoneNode $node7
						{
							Name {string {"LeftToeBase"}}

							Transform
							{
								float[16]
								{
									{0.9987649321556091, 0.04929710552096367, -0.006187657825648785, 0.0,
									 -0.04954700544476509, 0.9790189266204834, -0.1976536214351654, 0.0,
									 -0.0036859153769910336, 0.19771605730056763, 0.9802523851394653, 0.0,
									 -1.0896474123001099e-06, 0.14786428213119507, -2.956017851829529e-06, 1.0}
								}
							}
						}
					}
				}
			}
		}

		BoneNode $node8
		{
			Name {string {"LowerBack"}}

			Transform
			{
				float[16]
				{
					{1.0, 0.0, 0.0, 0.0,
					 0.0, 0.9386518001556396, 0.34486642479896545, 0.0,
					 0.0, -0.34486642479896545, 0.9386518597602844, 0.0,
					 0.0, 0.09304624795913696, -2.2724270820617676e-06, 1.0}
				}
			}

			BoneNode $node9
			{
				Name {string {"Spine"}}

				Transform
				{
					float[16]
					{
						{1.0, 0.0, 0.0, 0.0,
						 0.0, 0.9871728420257568, -0.1596556454896927, 0.0,
						 0.0, 0.1596556454896927, 0.9871729016304016, 0.0,
						 0.0, 0.12974035739898682, -1.1408701539039612e-08, 1.0}
					}
				}

				BoneNode $node10
				{
					Name {string {"Spine1"}}

					Transform
					{
						float[16]
						{
							{1.0, 0.0, 0.0, 0.0,
							 0.0, 0.9016299843788147, 0.4325084090232849, 0.0,
							 0.0, -0.43250834941864014, 0.9016299247741699, 0.0,
							 0.0, 0.13724002242088318, 5.103647708892822e-06, 1.0}
						}
					}

					BoneNode $node11
					{
						Name {string {"LeftShoulder"}}

						Transform
						{
							float[16]
							{
								{0.045839983969926834, -0.9289335608482361, 0.3673977553844452, 0.0,
								 0.9986966848373413, 0.03435289487242699, -0.037748709321022034, 0.0,
								 0.022444866597652435, 0.36864927411079407, 0.9292975068092346, 0.0,
								 0.022776000201702118, 0.14803656935691833, 0.03158823400735855, 1.0}
							}
						}

						BoneNode $node12
						{
							Name {string {"LeftArm"}}

							Transform
							{
								float[16]
								{
									{0.9962183237075806, -0.0786745622754097, -0.036871008574962616, 0.0,
									 0.07777979969978333, 0.9966545104980469, -0.0251063983887434, 0.0,
									 0.038722895085811615, 0.022143637761473656, 0.9990047216415405, 0.0,
									 -2.0079314708709717e-06, 0.17114713788032532, 7.310882210731506e-07, 1.0}
								}
							}

							BoneNode $node13
							{
								Name {string {"LeftForeArm"}}

								Transform
								{
									float[16]
									{
										{0.987307071685791, 0.06105509772896767, 0.14661915600299835, 0.0,
										 -0.07994863390922546, 0.9887221455574036, 0.12663643062114716, 0.0,
										 -0.13723379373550415, -0.13675102591514587, 0.9810535311698914, 0.0,
										 -4.2212195694446564e-07, 0.2520040273666382, -2.9243528842926025e-07, 1.0}
									}
								}

								BoneNode $node14
								{
									Name {string {"LeftHand"}}

									Transform
									{
										float[16]
										{
											{0.9885345697402954, -0.14680704474449158, 0.035314567387104034, 0.0,
											 0.1397651731967926, 0.9781462550163269, 0.15393324196338654, 0.0,
											 -0.057141318917274475, -0.14723259210586548, 0.9874498248100281, 0.0,
											 -8.889473974704742e-07, 0.2674809396266937, -1.9371509552001953e-07, 1.0}
										}
									}

									BoneNode $node15
									{
										Name {string {"LThumb"}}

										Transform
										{
											float[16]
											{
												{-0.5716848373413086, 0.7900369763374329, 0.2214006632566452, 0.0,
												 0.8071334958076477, 0.49306589365005493, 0.3246860206127167, 0.0,
												 0.14734899997711182, 0.36431801319122314, -0.9195438027381897, 0.0,
												 0.0055657667107880116, 0.04372566193342209, 0.021808955818414688, 1.0}
											}
										}
									}

									BoneNode $node16
									{
										Name {string {"LeftFingerBase"}}

										Transform
										{
											float[16]
											{
												{0.3741011619567871, 0.2375764548778534, -0.8964405655860901, 0.0,
												 -0.09615528583526611, 0.9713565707206726, 0.21730349957942963, 0.0,
												 0.9223896265029907, 0.0049039870500564575, 0.38622987270355225, 0.0,
												 4.429370164871216e-06, 0.03574707731604576, -2.0675361156463623e-07, 1.0}
											}
										}

										BoneNode $node17
										{
											Name {string {"LeftHandFinger1"}}

											Transform
											{
												float[16]
												{
													{0.9051414728164673, -0.40497905015945435, 0.1292698085308075, 0.0,
													 0.4176516830921173, 0.9038616418838501, -0.09274277091026306, 0.0,
													 -0.07928310334682465, 0.13793498277664185, 0.9872627258300781, 0.0,
													 -4.37186099588871e-06, 0.08163904398679733, -3.1837262213230133e-06, 1.0}
												}
											}
										}
									}
								}
							}
						}
					}

					BoneNode $node18
					{
						Name {string {"Neck"}}

						Transform
						{
							float[16]
							{
								{1.0, 0.0, 0.0, 0.0,
								 0.0, 0.9976866245269775, 0.06798127293586731, 0.0,
								 0.0, -0.06798124313354492, 0.9976866245269775, 0.0,
								 0.0, 0.21634246408939362, -7.074326276779175e-06, 1.0}
							}
						}

						BoneNode $node19
						{
							Name {string {"Neck1"}}

							Transform
							{
								float[16]
								{
									{1.0, 0.0, 0.0, 0.0,
									 0.0, 0.9999998807907104, 2.9802322387695312e-08, 0.0,
									 0.0, -5.960464477539063e-08, 0.9999999403953552, 0.0,
									 0.0, 0.05157586932182312, -4.880130290985107e-07, 1.0}
								}
							}

							BoneNode $node20
							{
								Name {string {"Head"}}

								Transform
								{
									float[16]
									{
										{1.0, 0.0, 0.0, 0.0,
										 0.0, 0.9214192628860474, -0.38857007026672363, 0.0,
										 0.0, 0.38857007026672363, 0.9214192628860474, 0.0,
										 0.0, 0.05156667158007622, 2.911314368247986e-06, 1.0}
									}
								}
							}
						}
					}

					BoneNode $node21
					{
						Name {string {"RightShoulder"}}

						Transform
						{
							float[16]
							{
								{0.045839983969926834, 0.9289335608482361, -0.3673977553844452, 0.0,
								 -0.9986966848373413, 0.03435289487242699, -0.037748709321022034, 0.0,
								 -0.022444866597652435, 0.36864927411079407, 0.9292975068092346, 0.0,
								 -0.022776000201702118, 0.14803656935691833, 0.03158823400735855, 1.0}
							}
						}

						BoneNode $node22
						{
							Name {string {"RightArm"}}

							Transform
							{
								float[16]
								{
									{0.9962183237075806, 0.0786745622754097, 0.036871008574962616, 0.0,
									 -0.07777979969978333, 0.9966545104980469, -0.0251063983887434, 0.0,
									 -0.038722895085811615, 0.022143637761473656, 0.9990047216415405, 0.0,
									 2.0079314708709717e-06, 0.17114713788032532, 7.310882210731506e-07, 1.0}
								}
							}

							BoneNode $node23
							{
								Name {string {"RightForeArm"}}

								Transform
								{
									float[16]
									{
										{0.987307071685791, -0.06105510890483856, -0.1466190367937088, 0.0,
										 0.07994863390922546, 0.9887221455574036, 0.12663643062114716, 0.0,
										 0.1372336894273758, -0.13675102591514587, 0.9810535311698914, 0.0,
										 4.2212195694446564e-07, 0.2520040273666382, -2.9243528842926025e-07, 1.0}
									}
								}

								BoneNode $node24
								{
									Name {string {"RightHand"}}

									Transform
									{
										float[16]
										{
											{0.988534688949585, 0.14680665731430054, -0.035312071442604065, 0.0,
											 -0.13976514339447021, 0.9781461954116821, 0.15393325686454773, 0.0,
											 0.057138796895742416, -0.14723294973373413, 0.9874499440193176, 0.0,
											 8.796341717243195e-07, 0.26748090982437134, -2.2351741790771484e-07, 1.0}
										}
									}

									BoneNode $node25
									{
										Name {string {"RThumb"}}

										Transform
										{
											float[16]
											{
												{-0.5715709924697876, -0.7901085019111633, -0.2214387208223343, 0.0,
												 -0.8072109818458557, 0.4929492473602295, 0.3246719241142273, 0.0,
												 -0.14736786484718323, 0.3643207550048828, -0.9195395112037659, 0.0,
												 -0.005565783940255642, 0.04372571036219597, 0.021808955818414688, 1.0}
											}
										}
									}

									BoneNode $node26
									{
										Name {string {"RightFingerBase"}}

										Transform
										{
											float[16]
											{
												{0.374103844165802, -0.23757728934288025, 0.8964391946792603, 0.0,
												 0.09615722298622131, 0.9713563919067383, 0.2173035442829132, 0.0,
												 -0.9223882555961609, 0.0049050189554691315, 0.38623297214508057, 0.0,
												 -4.505272954702377e-06, 0.035747066140174866, -2.1792948246002197e-07, 1.0}
											}
										}

										BoneNode $node27
										{
											Name {string {"RightHandFinger1"}}

											Transform
											{
												float[16]
												{
													{0.9051419496536255, 0.4049787223339081, -0.12926867604255676, 0.0,
													 -0.41765096783638, 0.9038621783256531, -0.0927407294511795, 0.0,
													 0.07928301393985748, 0.13793271780014038, 0.9872632026672363, 0.0,
													 4.281522706151009e-06, 0.08163895457983017, -2.9243528842926025e-06, 1.0}
												}
											}
										}
									}
								}
							}
						}
					}
				}
			}
		}

		BoneNode $node28
		{
			Name {string {"RHipJoint"}}

			Transform
			{
				float[16]
				{
					{-0.10694801807403564, -0.053196996450424194, 0.9928404092788696, 0.0,
					 -0.9941506385803223, -0.009385313838720322, -0.1075921505689621, 0.0,
					 0.015041716396808624, -0.9985398650169373, -0.05188211798667908, 0.0,
					 0.0, -2.421438694000244e-08, 1.1175870895385742e-08, 1.0}
				}
			}

			BoneNode $node29
			{
				Name {string {"RightUpLeg"}}

				Transform
				{
					float[16]
					{
						{-0.16257934272289276, -0.9860055446624756, 0.03689592331647873, 0.0,
						 -0.2069767564535141, 0.07064148783683777, 0.9757923483848572, 0.0,
						 -0.96474289894104, 0.15100707113742828, -0.21556511521339417, 0.0,
						 -7.348135113716125e-07, 0.10913850367069244, 3.1174859032034874e-06, 1.0}
					}
				}

				BoneNode $node30
				{
					Name {string {"RightLeg"}}

					Transform
					{
						float[16]
						{
							{0.9996064901351929, 0.0015522289322689176, -0.028006844222545624, 0.0,
							 0.0015199139015749097, 0.9940032362937927, 0.1093391552567482, 0.0,
							 0.028008610010147095, -0.10933870077133179, 0.9936096668243408, 0.0,
							 3.5119010135531425e-06, 0.4175824820995331, 3.888271749019623e-07, 1.0}
						}
					}

					BoneNode $node31
					{
						Name {string {"RightFoot"}}

						Transform
						{
							float[16]
							{
								{0.9929317235946655, 0.0918598622083664, -0.07515570521354675, 0.0,
								 -0.0983290821313858, 0.28205475211143494, -0.9543461799621582, 0.0,
								 -0.06646806746721268, 0.9549905061721802, 0.28909361362457275, 0.0,
								 3.94647940993309e-08, 0.436197966337204, -2.2945459932088852e-07, 1.0}
							}
						}

						BoneNode $node32
						{
							Name {string {"RightToeBase"}}

							Transform
							{
								float[16]
								{
									{0.9987651109695435, -0.04929453879594803, 0.006193096283823252, 0.0,
									 0.04954557493329048, 0.9790191054344177, -0.19765344262123108, 0.0,
									 0.0036800727248191833, 0.19771617650985718, 0.9802523851394653, 0.0,
									 1.0896474123001099e-06, 0.14786428213119507, -2.956017851829529e-06, 1.0}
								}
							}
						}
					}
				}
			}
		}
	}

	GeometryNode $node33
	{
		Name {string {"Avatar:Body"}}
		ObjectRef {ref {$geometry1}}
		MaterialRef (index = 0) {ref {$material1}}

		Transform
		{
			float[16]
			{
				{1.0, 0.0, 0.0, 0.0,
				 0.0, 1.0, 0.0, 0.0,
				 0.0, 0.0, 1.0, 0.0,
				 0.0, 0.0, 0.0, 1.0}
			}
		}
	}

	GeometryNode $node34
	{
		Name {string {"Avatar:Male_casualsuit01"}}
		ObjectRef {ref {$geometry2}}
		MaterialRef (index = 0) {ref {$material2}}

		Transform
		{
			float[16]
			{
				{1.0, 0.0, 0.0, 0.0,
				 0.0, 1.0, 0.0, 0.0,
				 0.0, 0.0, 1.0, 0.0,
				 0.0, 0.0, 0.0, 1.0}
			}
		}
	}

	GeometryNode $node35
	{
		Name {string {"Avatar:Shoes05"}}
		ObjectRef {ref {$geometry3}}
		MaterialRef (index = 0) {ref {$material3}}

		Transform
		{
			float[16]
			{
				{1.0, 0.0, 0.0, 0.0,
				 0.0, 1.0, 0.0, 0.0,
				 0.0, 0.0, 1.0, 0.0,
				 0.0, 0.0, 0.0, 1.0}
			}
		}
	}
}

LightNode $node36
{
	Name {string {"Lamp"}}
	ObjectRef {ref {$light1}}

	Transform
	{
		float[16]
		{
			{-0.29086464643478394, 0.9551711678504944, -0.05518905818462372, 0.0,
			 -0.7711008191108704, -0.1998833566904068, 0.6045247316360474, 0.0,
			 0.5663931965827942, 0.21839119493961334, 0.7946722507476807, 0.0,
			 4.076245307922363, 1.0054539442062378, 5.903861999511719, 1.0}
		}
	}
}

GeometryObject $geometry1		// Avatar:Body
{
	Mesh (primitive = "triangles")
	{
		VertexArray (attrib = "position")
		{
			float[3]		// 4088
			{
				{-0.06301099807024002, 0.03478100150823593, 1.482010006904602}, {-0.057450998574495316, 0.030574999749660492, 1.4914100170135498}, {-0.060270000249147415, 0.039615001529455185, 1.4964499473571777}, {-0.0659639984369278, 0.04374200105667114, 1.4868299961090088}, {-0.06982699781656265, 0.038725998252630234, 1.4737200736999512}, {-0.0729369968175888, 0.04746299982070923, 1.4785100221633911}, {-0.050227999687194824, 0.01618799939751625, 1.4822700023651123}, {-0.04700100049376488, 0.012505000457167625, 1.4945499897003174},
				{-0.05054999887943268, 0.019210999831557274, 1.4988300800323486}, {-0.054653000086545944, 0.022864999249577522, 1.4868199825286865}, {-0.057130999863147736, 0.020287999883294106, 1.4725100994110107}, {-0.06016499921679497, 0.02737100049853325, 1.4770700931549072}, {-0.06288599967956543, 0.024816999211907387, 1.462280035018921}, {-0.06731700152158737, 0.03124699927866459, 1.4687700271606445}, {-0.02536099962890148, -0.008468500338494778, 1.46697998046875}, {-0.018528999760746956, -0.011188999749720097, 1.465399980545044},
				{-0.016898000612854958, -0.014499000273644924, 1.4783799648284912}, {-0.02283100038766861, -0.011819000355899334, 1.4803600311279297}, {-0.013710999861359596, -0.0093318996950984, 1.4507700204849243}, {-0.012001000344753265, -0.013058999553322792, 1.463819980621338}, {-0.020767999812960625, -0.007705199997872114, 1.452530026435852}, {-0.011319000273942947, -0.017542000859975815, 1.476449966430664}, {-0.005936199799180031, -0.01413199957460165, 1.4625400304794312}, {-0.0056707002222537994, -0.019061999395489693, 1.475250005722046},
				{-0.0067357998341321945, -0.010142000392079353, 1.4493499994277954}, {-0.027538999915122986, -0.00499190017580986, 1.4544100761413574}, {-0.016340000554919243, -0.006945199798792601, 1.4386799335479736}, {-0.007954100146889687, -0.007965199649333954, 1.4372400045394897}, {-8.471599721815437e-05, -0.010362000204622746, 1.4487700462341309}, {-6.840599962742999e-05, -0.014721999876201153, 1.4619100093841553}, {-0.032892998307943344, -0.002175200032070279, 1.4436099529266357}, {-0.024752000346779823, -0.005205200053751469, 1.4408600330352783},
				{-0.05852799862623215, 0.018059000372886658, 1.4567300081253052}, {-0.05176600068807602, 0.01309099979698658, 1.4678900241851807}, {-0.045972999185323715, 0.009168099611997604, 1.4787700176239014}, {-0.04292299970984459, 0.006251499988138676, 1.4913300275802612}, {-0.052974000573158264, 0.026698000729084015, 1.502619981765747}, {-0.0661349967122078, 0.053240999579429626, 1.4918899536132812}, {-0.07307100296020508, 0.056797001510858536, 1.483030080795288}, {-0.06029000133275986, 0.05037099868059158, 1.5021800994873047},
				{-0.06390400230884552, 0.062401000410318375, 1.4957399368286133}, {-0.07072900235652924, 0.06600499898195267, 1.486910104751587}, {-0.05764700099825859, 0.05999099835753441, 1.5060700178146362}, {-0.058093998581171036, 0.07076100260019302, 1.4973900318145752}, {-0.06600899994373322, 0.07472100108861923, 1.4875900745391846}, {-0.051681999117136, 0.06802099943161011, 1.5090399980545044}, {-0.05004499852657318, 0.07857800275087357, 1.4980900287628174}, {-0.058605000376701355, 0.0825980007648468, 1.486840009689331},
				{-0.04300900176167488, 0.0757879987359047, 1.5110100507736206}, {-0.04080300033092499, 0.08522100001573563, 1.4974900484085083}, {-0.04913799837231636, 0.08957500010728836, 1.484410047531128}, {-0.034311000257730484, 0.0818609967827797, 1.5118800401687622}, {-0.029400000348687172, 0.09007500112056732, 1.496399998664856}, {-0.037317998707294464, 0.09482800215482712, 1.481850028038025}, {-0.02501099929213524, 0.08558099716901779, 1.5127999782562256}, {-0.007863299921154976, 0.091730996966362, 1.49521005153656},
				{0.0, 0.09162499755620956, 1.4952399730682373}, {0.0, 0.09781800210475922, 1.4770100116729736}, {-0.009966700337827206, 0.09780500084161758, 1.477679967880249}, {-0.007383299991488457, 0.08801800012588501, 1.5137799978256226}, {0.0, 0.0880649983882904, 1.51419997215271}, {-4.8867001169128343e-05, -0.019785000011324883, 1.4747800827026367}, {-1.766199966368731e-05, -0.00823180004954338, 1.4365999698638916}, {-0.03384000062942505, -0.0019251999910920858, 1.4569100141525269},
				{-0.03983699902892113, 0.0017448000144213438, 1.4465100765228271}, {-0.030400000512599945, -0.005125199910253286, 1.4690500497817993}, {-0.028054000809788704, -0.007968500256538391, 1.4827100038528442}, {-0.04049700126051903, 0.0029347999952733517, 1.4745099544525146}, {-0.0367170013487339, -1.8575999547465472e-06, 1.4881700277328491}, {-0.04563799872994423, 0.0073680998757481575, 1.4638700485229492}, {-0.05245000123977661, 0.012047999538481236, 1.451930046081543}, {-0.11444000154733658, 0.027052000164985657, 1.4380300045013428},
				{-0.13662000000476837, 0.019248999655246735, 1.4418100118637085}, {-0.13399000465869904, 0.011789999902248383, 1.4368700981140137}, {-0.11302000284194946, 0.019060999155044556, 1.4307700395584106}, {-0.1279599964618683, 0.004923100117594004, 1.4262700080871582}, {-0.1090800017118454, 0.009106400422751904, 1.4249999523162842}, {-0.10668999701738358, -0.01082600001245737, 1.4026200771331787}, {-0.13481999933719635, -0.01435299962759018, 1.4002900123596191}, {-0.12588000297546387, -0.02187200076878071, 1.385640025138855},
				{-0.08755899965763092, -0.019092999398708344, 1.3899199962615967}, {-0.05180399864912033, -0.023114999756217003, 1.3917700052261353}, {-0.0538799986243248, -0.03169399872422218, 1.3733400106430054}, {-0.03219899907708168, -0.033013999462127686, 1.374060034751892}, {-0.030659999698400497, -0.025335000827908516, 1.3903700113296509}, {-0.12419000267982483, -0.03519099950790405, 1.3673501014709473}, {-0.08231599628925323, -0.03009199909865856, 1.3722600936889648}, {0.0, -0.0337119996547699, 1.3753700256347656},
				{0.0, -0.026559000834822655, 1.3900200128555298}, {-0.014375000260770321, -0.026619000360369682, 1.3893300294876099}, {-0.014825000427663326, -0.03344700112938881, 1.3747799396514893}, {-0.1237500011920929, -0.0456559993326664, 1.3495800495147705}, {-0.08099599927663803, -0.04221799969673157, 1.3517400026321411}, {-0.12019000202417374, -0.05341599881649017, 1.336359977722168}, {-0.08156400173902512, -0.052003998309373856, 1.3382599353790283}, {-0.11558999866247177, -0.06051500141620636, 1.3248400688171387},
				{-0.08111800253391266, -0.059957001358270645, 1.3257999420166016}, {0.0, -0.04784199967980385, 1.3405300378799438}, {-0.012993000447750092, -0.0470849983394146, 1.3417999744415283}, {-0.011486999690532684, -0.05273199826478958, 1.3254799842834473}, {0.0, -0.05320199951529503, 1.3239800930023193}, {0.0, -0.04111500084400177, 1.3594599962234497}, {-0.014545000158250332, -0.041023001074790955, 1.3587599992752075}, {-0.06290300190448761, 0.01486899983137846, 1.4405500888824463},
				{-0.06778299808502197, 0.020878000184893608, 1.445620059967041}, {-0.1146399974822998, 0.03302200138568878, 1.4427599906921387}, {-0.13920000195503235, 0.027834000065922737, 1.4518699645996094}, {-0.0316459983587265, -0.04137999936938286, 1.3573200702667236}, {-0.06835000216960907, -0.011997999623417854, 1.4071800708770752}, {-0.04402400180697441, -0.016248999163508415, 1.407770037651062}, {-0.030667999759316444, -0.04837999865412712, 1.3414900302886963}, {-0.030799999833106995, -0.05528999865055084, 1.3267700672149658},
				{-0.027116000652313232, -0.018339000642299652, 1.405019998550415}, {-0.08556699752807617, -0.005700699985027313, 1.4116899967193604}, {-0.029604999348521233, -0.0048952000215649605, 1.4307200908660889}, {-0.04022499918937683, 0.00010217000090051442, 1.4327800273895264}, {-0.019368000328540802, -0.0071852002292871475, 1.4277100563049316}, {-0.0488089993596077, 0.004290000069886446, 1.4342700242996216}, {-0.08510299772024155, 0.028700999915599823, 1.4410700798034668}, {-0.0837320014834404, 0.022724000737071037, 1.4332900047302246},
				{-0.07172700017690659, 0.028008999302983284, 1.4531300067901611}, {-0.0761760026216507, 0.034915000200271606, 1.4602500200271606}, {-0.07319600135087967, 0.07985500246286392, 1.4781700372695923}, {-0.06830599904060364, 0.08857099711894989, 1.4775900840759277}, {-0.030122000724077225, 0.10191000252962112, 1.4666399955749512}, {-0.02313300035893917, 0.09704100340604782, 1.4792399406433105}, {-0.013233000412583351, 0.10227999836206436, 1.465090036392212}, {-0.07741200178861618, 0.07062699645757675, 1.4775500297546387},
				{0.0, 0.10135000199079514, 1.465149998664856}, {-0.0449570007622242, 0.10028000175952911, 1.4696900844573975}, {-0.08122099936008453, 0.06067400053143501, 1.474020004272461}, {-0.07963000237941742, 0.04225600138306618, 1.4654300212860107}, {-0.08175099641084671, 0.050852999091148376, 1.4694000482559204}, {-0.05807900056242943, 0.09530100226402283, 1.4739500284194946}, {-0.09361399710178375, 0.05229099839925766, 1.4605900049209595}, {-0.0928409993648529, 0.06318400055170059, 1.4649300575256348},
				{-0.06819500029087067, 0.10200999677181244, 1.4656000137329102}, {-0.05204100161790848, 0.10599000006914139, 1.4603099822998047}, {-0.09224499762058258, 0.04291300103068352, 1.4550700187683105}, {-0.07835199683904648, 0.09553500264883041, 1.4696600437164307}, {-0.08305399864912033, 0.08633799850940704, 1.4702500104904175}, {-0.08843699842691422, 0.07504799962043762, 1.467590093612671}, {-0.03558399900794029, 0.10638000071048737, 1.4574201107025146}, {-0.01601099967956543, 0.1051499992609024, 1.4559500217437744},
				{2.7599000986811006e-06, 0.10395999997854233, 1.4552199840545654}, {-0.01945599913597107, 0.10845000296831131, 1.4442200660705566}, {0.0, 0.10650999844074249, 1.4441800117492676}, {-0.10236000269651413, 0.097291000187397, 1.4627599716186523}, {-0.09384199976921082, 0.10599000006914139, 1.4605300426483154}, {-0.07766599953174591, 0.11035999655723572, 1.454990029335022}, {-0.05937499925494194, 0.11214999854564667, 1.4498900175094604}, {-0.11259999871253967, 0.04266199842095375, 1.4477800130844116},
				{-0.11274000257253647, 0.05403999984264374, 1.453660011291504}, {-0.04137299954891205, 0.1114099994301796, 1.44704008102417}, {-0.11281999945640564, 0.06666699796915054, 1.4587299823760986}, {-0.10876999795436859, 0.08117499947547913, 1.4604699611663818}, {-0.08017700165510178, 0.01459100004285574, 1.4277900457382202}, {-0.036465998739004135, -0.008057599887251854, 1.4177300930023193}, {-0.05154800042510033, -0.0024784000124782324, 1.4200201034545898}, {-0.023461999371647835, -0.01117900013923645, 1.4156500101089478},
				{-0.0646819993853569, 0.0032275000121444464, 1.4210799932479858}, {-0.08879999816417694, 0.035406000912189484, 1.4491000175476074}, {-0.009345700033009052, -0.008035199716687202, 1.4257500171661377}, {-4.461800017452333e-06, -0.008511800318956375, 1.4248299598693848}, {-0.010963000357151031, -0.011982000432908535, 1.4150400161743164}, {0.0, -0.012648999691009521, 1.413680076599121}, {-0.01268099993467331, -0.01895900070667267, 1.4032199382781982}, {0.0, -0.019254999235272408, 1.402090072631836},
				{-0.05197000131011009, -0.041593000292778015, 1.3542300462722778}, {-0.053116001188755035, -0.04966900125145912, 1.3397600650787354}, {-0.053888000547885895, -0.057829998433589935, 1.3266299962997437}, {-0.021245000883936882, 0.11236000061035156, 1.4312400817871094}, {0.0, 0.11067000031471252, 1.4320000410079956}, {-0.13592000305652618, 0.05721699818968773, 1.4549800157546997}, {-0.13075999915599823, 0.07224100083112717, 1.4537301063537598}, {-0.04623100161552429, 0.11712999641895294, 1.4342200756072998},
				{-0.06675300002098083, 0.12008000165224075, 1.437880039215088}, {-0.12711000442504883, 0.08817300200462341, 1.4533900022506714}, {-0.11833000183105469, 0.1057099997997284, 1.4511100053787231}, {-0.10454999655485153, 0.11801999807357788, 1.4498300552368164}, {-0.08701399713754654, 0.12229999899864197, 1.4446200132369995}, {-0.1379999965429306, 0.04347499832510948, 1.455009937286377}, {-0.8494399785995483, -0.014601999893784523, 1.425029993057251}, {-0.8461599946022034, -0.014681000262498856, 1.425029993057251},
				{-0.8452000021934509, -0.01164500042796135, 1.4290000200271606}, {-0.8485299944877625, -0.012223999947309494, 1.4288300275802612}, {-0.848039984703064, 0.0035735999699681997, 1.426490068435669}, {-0.8454800248146057, 0.003066200064495206, 1.4271399974822998}, {-0.8457900285720825, 0.005597599782049656, 1.4232200384140015}, {-0.8481199741363525, 0.005591200198978186, 1.4228700399398804}, {-0.848039984703064, -0.00597369996830821, 1.431089997291565}, {-0.8448899984359741, -0.005847900174558163, 1.4316500425338745},
				{-0.8451899886131287, -0.000599409977439791, 1.4302599430084229}, {-0.848360002040863, 0.0003314100031275302, 1.4300799369812012}, {-0.8299300074577332, -0.004912199918180704, 1.431610107421875}, {-0.8265299797058105, -0.004419699776917696, 1.4321500062942505}, {-0.8259099721908569, 0.0009281099773943424, 1.4303900003433228}, {-0.8292499780654907, 0.0009462099988013506, 1.4297599792480469}, {-0.8295900225639343, -0.013728000223636627, 1.427049994468689}, {-0.8265200257301331, -0.013172999955713749, 1.4276399612426758},
				{-0.8268100023269653, -0.009554799646139145, 1.4307799339294434}, {-0.83024001121521, -0.010100999847054482, 1.430209994316101}, {-0.8292999863624573, 0.004011599812656641, 1.4268300533294678}, {-0.8255400061607361, 0.005117400083690882, 1.425800085067749}, {-0.82778000831604, 0.006555099971592426, 1.420949935913086}, {-0.8296399712562561, 0.005122799891978502, 1.4229199886322021}, {-0.8698700070381165, -0.014844000339508057, 1.4221100807189941}, {-0.861519992351532, -0.014564000070095062, 1.4229600429534912},
				{-0.8612300157546997, -0.011199000291526318, 1.4271900653839111}, {-0.8692700266838074, -0.012059999629855156, 1.4261500835418701}, {-0.8701000213623047, 0.0024041999131441116, 1.425469994544983}, {-0.8624100089073181, 0.0027683000080287457, 1.4253599643707275}, {-0.8619899749755859, 0.004962400067597628, 1.4215500354766846}, {-0.8705800175666809, 0.004489600192755461, 1.4219599962234497}, {-0.869189977645874, -0.007457000203430653, 1.4286201000213623}, {-0.8613700270652771, -0.006673899944871664, 1.4294099807739258},
				{-0.862030029296875, -0.0011354000307619572, 1.4282500743865967}, {-0.8695999979972839, -0.002200100105255842, 1.4281001091003418}, {-0.854390025138855, -0.014417000114917755, 1.414520025253296}, {-0.8550500273704529, -0.015771999955177307, 1.4173800945281982}, {-0.8623700141906738, -0.015328999608755112, 1.4169000387191772}, {-0.8621399998664856, -0.013615000061690807, 1.4134299755096436}, {-0.8421099781990051, -0.005773200187832117, 1.431610107421875}, {-0.8417400121688843, -0.0007927200058475137, 1.4296900033950806},
				{-0.8446599841117859, -0.014911999925971031, 1.4158300161361694}, {-0.8440499901771545, -0.016266999766230583, 1.4193000793457031}, {-0.8464699983596802, -0.01626400090754032, 1.419029951095581}, {-0.8468999862670898, -0.015050999820232391, 1.4157800674438477}, {-0.8277599811553955, -0.014113999903202057, 1.4151899814605713}, {-0.829039990901947, -0.016047999262809753, 1.418720006942749}, {-0.832859992980957, -0.016011999920010567, 1.4188799858093262}, {-0.8320599794387817, -0.014403999783098698, 1.4153200387954712},
				{-0.8360700011253357, 0.004768500104546547, 1.4194200038909912}, {-0.835889995098114, 0.005168399773538113, 1.4238700866699219}, {-0.8315500020980835, 0.004875999875366688, 1.4235000610351562}, {-0.8311499953269958, 0.0046200999058783054, 1.4196701049804688}, {-0.8709499835968018, 0.003937200177460909, 1.417720079421997}, {-0.8617200255393982, 0.005027700215578079, 1.417720079421997}, {-0.8287799954414368, 0.004711099900305271, 1.4189800024032593}, {-0.826770007610321, 0.006862000096589327, 1.4170100688934326},
				{-0.848110020160675, 0.005022100172936916, 1.417829990386963}, {-0.8457000255584717, 0.005300399847328663, 1.4179000854492188}, {-0.8550500273704529, -0.015771999955177307, 1.4173800945281982}, {-0.8556299805641174, -0.015650000423192978, 1.4200700521469116}, {-0.8620100021362305, -0.015394999645650387, 1.419909954071045}, {-0.8623700141906738, -0.015328999608755112, 1.4169000387191772}, {-0.829039990901947, -0.016047999262809753, 1.418720006942749}, {-0.8295699954032898, -0.015737000852823257, 1.4228700399398804},
				{-0.8332200050354004, -0.015759000554680824, 1.4225900173187256}, {-0.832859992980957, -0.016011999920010567, 1.4188799858093262}, {-0.8376100063323975, -0.015745999291539192, 1.4226000308990479}, {-0.837440013885498, -0.01599299907684326, 1.419409990310669}, {-0.843500018119812, -0.014454999938607216, 1.4251999855041504}, {-0.8426300287246704, -0.011535000056028366, 1.4289500713348389}, {-0.8419100046157837, 0.00249810004606843, 1.4274200201034546}, {-0.8419700264930725, 0.005516699980944395, 1.423550009727478},
				{-0.8792700171470642, 0.0017266999930143356, 1.4249300956726074}, {-0.8828399777412415, 0.0015312000177800655, 1.4245901107788086}, {-0.8811200261116028, -0.002696499926969409, 1.4270700216293335}, {-0.8785799741744995, -0.0025261000264436007, 1.4276100397109985}, {-0.8780500292778015, -0.007150299847126007, 1.428260087966919}, {-0.880050003528595, -0.007203599903732538, 1.4276100397109985}, {-0.8802099823951721, -0.011688999831676483, 1.4255199432373047}, {-0.8781599998474121, -0.011874999850988388, 1.425570011138916},
				{-0.8944900035858154, -0.012141999788582325, 1.4149600267410278}, {-0.8865600228309631, -0.013086000457406044, 1.4143800735473633}, {-0.8844799995422363, -0.014028999954462051, 1.4158101081848145}, {-0.8904500007629395, -0.013731000013649464, 1.4171299934387207}, {-0.8784800171852112, -0.014980999752879143, 1.4203500747680664}, {-0.8815299868583679, -0.014556000009179115, 1.4205600023269653}, {-0.8830599784851074, -0.014592000283300877, 1.4175100326538086}, {-0.8794199824333191, -0.014999999664723873, 1.4176299571990967},
				{-0.8841599822044373, -0.01400499977171421, 1.4216400384902954}, {-0.8868299722671509, -0.013404999859631062, 1.4224300384521484}, {-0.8919900059700012, -0.013527000322937965, 1.4201200008392334}, {-0.8876199722290039, -0.014175999909639359, 1.4187500476837158}, {-0.8980100154876709, -0.011754999868571758, 1.4203200340270996}, {-0.8970800042152405, -0.01245999988168478, 1.4187800884246826}, {-0.8932399749755859, -0.012640999630093575, 1.4210000038146973}, {-0.8926299810409546, 0.0024357999209314585, 1.4198800325393677},
				{-0.8967800140380859, 0.0008713100105524063, 1.422800064086914}, {-0.8924099802970886, 0.0007907599792815745, 1.4237699508666992}, {-0.8890799880027771, 0.002531900070607662, 1.4220900535583496}, {-0.9001100063323975, -0.01079300045967102, 1.4198700189590454}, {-0.8992699980735779, -0.01116199977695942, 1.4182000160217285}, {-0.8970800042152405, -0.01245999988168478, 1.4187800884246826}, {-0.8980100154876709, -0.011754999868571758, 1.4203200340270996}, {-0.886139988899231, 0.0004341999883763492, 1.4250199794769287},
				{-0.888159990310669, -0.0005726700183004141, 1.424910068511963}, {-0.8847900032997131, -0.003531400114297867, 1.4263700246810913}, {-0.8833000063896179, -0.003245699917897582, 1.4268600940704346}, {-0.9007200002670288, -0.002409999957308173, 1.4216200113296509}, {-0.9008600115776062, -0.001533100032247603, 1.4206900596618652}, {-0.9019500017166138, -0.005730399861931801, 1.419029951095581}, {-0.9015700221061707, -0.005746900103986263, 1.4207899570465088}, {-0.8820400238037109, -0.007466000039130449, 1.4272000789642334},
				{-0.8840500116348267, -0.007479600142687559, 1.4263999462127686}, {-0.8845800161361694, -0.011056999675929546, 1.4248199462890625}, {-0.8824700117111206, -0.011311000213027, 1.4253300428390503}, {-0.886139988899231, -0.003639400005340576, 1.4252400398254395}, {-0.8852199912071228, -0.007469600066542625, 1.4255199432373047}, {-0.8861299753189087, -0.010764000006020069, 1.423840045928955}, {-0.8539000153541565, 0.001245700055733323, 1.4126900434494019}, {-0.8540899753570557, -0.0041646999306976795, 1.4103000164031982},
				{-0.8611500263214111, -0.0044109998270869255, 1.4099600315093994}, {-0.8619099855422974, 0.001324299955740571, 1.4120900630950928}, {-0.8431400060653687, 0.00023592000070493668, 1.4123300313949585}, {-0.8445000052452087, -0.004634399898350239, 1.4108999967575073}, {-0.8472800254821777, -0.004776299931108952, 1.4115700721740723}, {-0.846750020980835, 0.000555549981072545, 1.4132200479507446}, {-0.8268499970436096, 0.0006667799898423254, 1.4140000343322754}, {-0.8272500038146973, -0.004021599888801575, 1.4115500450134277},
				{-0.829770028591156, -0.00459760008379817, 1.4105000495910645}, {-0.8304200172424316, 0.00043541000923141837, 1.4131900072097778}, {-0.8979300260543823, -0.0005864700069651008, 1.4163600206375122}, {-0.8990100026130676, -0.006069900002330542, 1.413680076599121}, {-0.8894500136375427, -0.0015651000430807471, 1.4242300987243652}, {-0.8978599905967712, -0.0001385100040351972, 1.423259973526001}, {-0.8936300277709961, -0.0004960200167261064, 1.4238500595092773}, {-0.8904500007629395, -0.013731000013649464, 1.4171299934387207},
				{-0.8887699842453003, -0.012171000242233276, 1.4222099781036377}, {-0.8923599720001221, -0.0004616999940481037, 1.4130001068115234}, {-0.8845800161361694, -0.0005151400109753013, 1.4124300479888916}, {-0.8847699761390686, -0.005276099778711796, 1.4108600616455078}, {-0.8933799862861633, -0.005815399810671806, 1.4111499786376953}, {-0.8844799995422363, -0.014028999954462051, 1.4158101081848145}, {-0.8806899785995483, -0.014519000425934792, 1.4156500101089478}, {-0.8819500207901001, -0.013183999806642532, 1.4137300252914429},
				{-0.8806899785995483, -0.014519000425934792, 1.4156500101089478}, {-0.8870499730110168, 0.0030569001100957394, 1.4180500507354736}, {-0.8848299980163574, 0.0034707998856902122, 1.4214301109313965}, {-0.8766599893569946, 0.0021937000565230846, 1.4251199960708618}, {-0.8764299750328064, -0.0023777999449521303, 1.4279201030731201}, {-0.8761000037193298, -0.007077400106936693, 1.4284999370574951}, {-0.8761100172996521, -0.011788999661803246, 1.425800085067749}, {-0.8777400255203247, -0.0004989000153727829, 1.4124799966812134},
				{-0.8744699954986572, -0.000647020002361387, 1.413059949874878}, {-0.8744699954986572, -0.005344099830836058, 1.4115700721740723}, {-0.877590000629425, -0.005022999830543995, 1.411180019378662}, {-0.8330399990081787, -0.004876300226897001, 1.4318000078201294}, {-0.8318600058555603, 0.0005857499781996012, 1.429960012435913}, {-0.8367199897766113, -0.0006671699811704457, 1.4295599460601807}, {-0.8369500041007996, -0.005504199769347906, 1.4316000938415527}, {-0.837440013885498, -0.01599299907684326, 1.419409990310669},
				{-0.8374800086021423, -0.014793000183999538, 1.415719985961914}, {-0.8422399759292603, 0.005466899834573269, 1.418410062789917}, {-0.84375, -0.015596999786794186, 1.4222800731658936}, {-0.8440499901771545, -0.016266999766230583, 1.4193000793457031}, {-0.8334400057792664, -0.014038000255823135, 1.4261900186538696}, {-0.8336499929428101, -0.010552000254392624, 1.4296700954437256}, {-0.8371700048446655, -0.01115499995648861, 1.4289400577545166}, {-0.8372799754142761, -0.014173000119626522, 1.4256200790405273},
				{-0.8315200209617615, 0.0029992000199854374, 1.427720069885254}, {-0.8363199830055237, 0.002398200100287795, 1.42739999294281}, {-0.8371099829673767, -0.0051333000883460045, 1.4109300374984741}, {-0.8367800116539001, 0.0005597900017164648, 1.412950038909912}, {-0.8557400107383728, -0.006399599835276604, 1.4303700923919678}, {-0.851639986038208, -0.0060455999337136745, 1.4304699897766113}, {-0.8516600131988525, 0.00021113999537192285, 1.4294500350952148}, {-0.8553400039672852, -0.0002726399980019778, 1.428689956665039},
				{-0.8774099946022034, 0.003839199896901846, 1.4176100492477417}, {-0.8819100260734558, 0.0035971999168395996, 1.4174200296401978}, {-0.8809199929237366, 0.003887699916958809, 1.4208199977874756}, {-0.8769699931144714, 0.0039901998825371265, 1.4211299419403076}, {-0.8545799851417542, 0.003471700008958578, 1.425570011138916}, {-0.8511999845504761, 0.0037094000726938248, 1.4259600639343262}, {-0.8507999777793884, 0.005599599797278643, 1.4225599765777588}, {-0.8542799949645996, 0.005389499943703413, 1.4221400022506714},
				{-0.8764899969100952, -0.013019000180065632, 1.4138200283050537}, {-0.8737800121307373, -0.013325000181794167, 1.4142301082611084}, {-0.8736500144004822, -0.014764999970793724, 1.4162399768829346}, {-0.8763300180435181, -0.01450399961322546, 1.41579008102417}, {-0.8720999956130981, -0.01474700029939413, 1.4165599346160889}, {-0.871940016746521, -0.015201999805867672, 1.4187500476837158}, {-0.8736299872398376, -0.015111999586224556, 1.418260097503662}, {-0.8736500144004822, -0.014764999970793724, 1.4162399768829346},
