Metric (key = "distance") {float {1.0}}
Metric (key = "angle") {float {1.0}}
Metric (key = "time") {float {1.0}}
Metric (key = "up") {string {"z"}}

Node $node1
{
	Name {string {"Avatar_cmu"}}

	Transform
	{
		float[16]
		{
			{1.0, 0.0, 0.0, 0.0,
			 0.0, 1.0, 0.0, 0.0,
			 0.0, 0.0, 1.0, 0.0,
			 0.0, 0.0, 0.0, 1.0}
		}
	}

	BoneNode $node2
	{
		Name {string {"Hips"}}

		Transform
		{
			float[16]
			{
				{1.0, 0.0, 0.0, 0.0,
				 0.0, 0.4367915093898773, 0.8995627760887146, 0.0,
				 0.0, -0.8995627760887146, 0.4367915391921997, 0.0,
				 0.0, -0.0132039999589324, 0.8742870092391968, 1.0}
			}
		}

		BoneNode $node3
		{
			Name {string {"LHipJoint"}}

			Transform
			{
				float[16]
				{
					{-0.10144045948982239, 0.14249300956726074, -0.9845841526985168, 0.0,
					 0.9935516715049744, -0.035873498767614365, -0.1075560450553894, 0.0,
					 -0.050646454095840454, -0.9891455173492432, -0.1379351019859314, 0.0,
					 0.0, 8.381903171539307e-09, -5.587935447692871e-09, 1.0}
				}
			}

			BoneNode $node4
			{
				Name {string {"LeftUpLeg"}}

				Transform
				{
					float[16]
					{
						{-0.14581410586833954, 0.9784026741981506, -0.14651377499103546, 0.0,
						 0.21065251529216766, 0.17540600895881653, 0.9616951942443848, 0.0,
						 0.9666247963905334, 0.10936523973941803, -0.23167966306209564, 0.0,
						 3.771856427192688e-08, 0.10203801095485687, 5.037290975451469e-07, 1.0}
					}
				}

				BoneNode $node5
				{
					Name {string {"LeftLeg"}}

					Transform
					{
						float[16]
						{
							{0.9998502731323242, 0.011226466856896877, 0.013159599155187607, 0.0,
							 -0.012701649218797684, 0.9929343461990356, 0.11798283457756042, 0.0,
							 -0.011742092669010162, -0.11813231557607651, 0.9929283261299133, 0.0,
							 -7.162452675402164e-07, 0.3944413661956787, 4.563480615615845e-08, 1.0}
						}
					}

					BoneNode $node6
					{
						Name {string {"LeftFoot"}}

						Transform
						{
							float[16]
							{
								{0.9974393248558044, -0.021155113354325294, 0.0683167427778244, 0.0,
								 0.07151725143194199, 0.29503780603408813, -0.9528053402900696, 0.0,
								 6.800401024520397e-07, 0.9552513360977173, 0.29579535126686096, 0.0,
								 1.607149897608906e-06, 0.407600998878479, -2.9310467652976513e-07, 1.0}
							}
						}

						BoneNode $node7
						{
							Name {string {"LeftToeBase"}}

							Transform
							{
								float[16]
								{
									{0.999961793422699, -0.004968259483575821, 0.007198544219136238, 0.0,
									 0.0062517449259757996, 0.9815738797187805, -0.19098122417926788, 0.0,
									 -0.0061170561239123344, 0.19101892411708832, 0.9815673828125, 0.0,
									 6.684567779302597e-07, 0.13889509439468384, 4.598870873451233e-06, 1.0}
								}
							}
						}
					}
				}
			}
		}

		BoneNode $node8
		{
			Name {string {"LowerBack"}}

			Transform
			{
				float[16]
				{
					{1.0, 0.0, 0.0, 0.0,
					 0.0, 0.8403910994529724, 0.5419803261756897, 0.0,
					 0.0, -0.5419803857803345, 0.8403911590576172, 0.0,
					 0.0, 0.08867903053760529, 1.3820827007293701e-06, 1.0}
				}
			}

			BoneNode $node9
			{
				Name {string {"Spine"}}

				Transform
				{
					float[16]
					{
						{1.0, 0.0, 0.0, 0.0,
						 0.0, 0.9815582633018494, -0.19116312265396118, 0.0,
						 0.0, 0.19116312265396118, 0.9815582036972046, 0.0,
						 0.0, 0.14234678447246552, 5.383044481277466e-07, 1.0}
					}
				}

				BoneNode $node10
				{
					Name {string {"Spine1"}}

					Transform
					{
						float[16]
						{
							{1.0, 0.0, 0.0, 0.0,
							 0.0, 0.978683590888977, 0.20537374913692474, 0.0,
							 0.0, -0.20537376403808594, 0.978683590888977, 0.0,
							 0.0, 0.14428944885730743, 1.30385160446167e-08, 1.0}
						}
					}

					BoneNode $node11
					{
						Name {string {"LeftShoulder"}}

						Transform
						{
							float[16]
							{
								{-0.1507224440574646, -0.9682807326316833, 0.19928675889968872, 0.0,
								 0.988248348236084, -0.15276998281478882, 0.005153053440153599, 0.0,
								 0.025455433875322342, 0.197721466422081, 0.979927659034729, 0.0,
								 0.022735999897122383, 0.10830899327993393, 0.025952622294425964, 1.0}
							}
						}

						BoneNode $node12
						{
							Name {string {"LeftArm"}}

							Transform
							{
								float[16]
								{
									{0.7715730667114258, -0.6359128355979919, -0.017027774825692177, 0.0,
									 0.6354107856750488, 0.7716934680938721, -0.0272466242313385, 0.0,
									 0.03046669065952301, 0.010203126817941666, 0.9994837045669556, 0.0,
									 3.4688273444771767e-06, 0.14905615150928497, -5.876645445823669e-07, 1.0}
								}
							}

							BoneNode $node13
							{
								Name {string {"LeftForeArm"}}

								Transform
								{
									float[16]
									{
										{0.9999832510948181, 0.005779724568128586, -0.0002574753016233444, 0.0,
										 -0.004050014540553093, 0.7310927510261536, 0.6822660565376282, 0.0,
										 0.004131622612476349, -0.6822534799575806, 0.7311040163040161, 0.0,
										 -3.161665517836809e-06, 0.24214528501033783, 1.555308699607849e-07, 1.0}
									}
								}

								BoneNode $node14
								{
									Name {string {"LeftHand"}}

									Transform
									{
										float[16]
										{
											{0.993304431438446, -0.1108013391494751, -0.03270048275589943, 0.0,
											 0.11498168110847473, 0.9756371974945068, 0.18684598803520203, 0.0,
											 0.01120099239051342, -0.18935486674308777, 0.9818449020385742, 0.0,
											 -1.7900019884109497e-06, 0.23861175775527954, -6.407499313354492e-06, 1.0}
										}
									}

									BoneNode $node15
									{
										Name {string {"LThumb"}}

										Transform
										{
											float[16]
											{
												{-0.6006848812103271, 0.797637939453125, 0.0543256439268589, 0.0,
												 0.6654683947563171, 0.4611769914627075, 0.5869140625, 0.0,
												 0.44309094548225403, 0.38870230317115784, -0.8078247904777527, 0.0,
												 0.0014152927324175835, 0.03948473930358887, 0.02052856981754303, 1.0}
											}
										}
									}

									BoneNode $node16
									{
										Name {string {"LeftFingerBase"}}

										Transform
										{
											float[16]
											{
												{-0.2550938129425049, 0.19857901334762573, -0.9463050365447998, 0.0,
												 -0.020323846489191055, 0.9773662686347961, 0.21057578921318054, 0.0,
												 0.9667025208473206, 0.07294909656047821, -0.24528414011001587, 0.0,
												 3.026798367500305e-07, 0.032247498631477356, 3.874301910400391e-06, 1.0}
											}
										}

										BoneNode $node17
										{
											Name {string {"LeftHandFinger1"}}

											Transform
											{
												float[16]
												{
													{0.9951489567756653, -0.09828966856002808, -0.004211090505123138, 0.0,
													 0.0957232341170311, 0.9575089812278748, 0.2720547318458557, 0.0,
													 -0.022708043456077576, -0.2711380124092102, 0.9622725248336792, 0.0,
													 3.635883331298828e-06, 0.0746789202094078, 4.015862941741943e-06, 1.0}
												}
											}
										}
									}
								}
							}
						}
					}

					BoneNode $node18
					{
						Name {string {"Neck"}}

						Transform
						{
							float[16]
							{
								{1.0, 0.0, 0.0, 0.0,
								 0.0, 0.9724740386009216, 0.23301109671592712, 0.0,
								 0.0, -0.23301111161708832, 0.9724740386009216, 0.0,
								 0.0, 0.17659296095371246, -1.862645149230957e-07, 1.0}
							}
						}

						BoneNode $node19
						{
							Name {string {"Neck1"}}

							Transform
							{
								float[16]
								{
									{1.0, 0.0, 0.0, 0.0,
									 0.0, 1.0, -4.470348358154297e-07, 0.0,
									 0.0, 4.470348358154297e-07, 1.0, 0.0,
									 0.0, 0.054100170731544495, 1.4789402484893799e-06, 1.0}
								}
							}

							BoneNode $node20
							{
								Name {string {"Head"}}

								Transform
								{
									float[16]
									{
										{1.0, 0.0, 0.0, 0.0,
										 0.0, 0.9142038226127625, -0.4052545130252838, 0.0,
										 0.0, 0.4052545130252838, 0.9142038226127625, 0.0,
										 0.0, 0.05411001667380333, -9.611248970031738e-07, 1.0}
									}
								}
							}
						}
					}

					BoneNode $node21
					{
						Name {string {"RightShoulder"}}

						Transform
						{
							float[16]
							{
								{-0.1507224440574646, 0.9682807326316833, -0.19928675889968872, 0.0,
								 -0.988248348236084, -0.15276998281478882, 0.005153053440153599, 0.0,
								 -0.025455433875322342, 0.197721466422081, 0.979927659034729, 0.0,
								 -0.022735999897122383, 0.10830899327993393, 0.025952622294425964, 1.0}
							}
						}

						BoneNode $node22
						{
							Name {string {"RightArm"}}

							Transform
							{
								float[16]
								{
									{0.7715730667114258, 0.6359128355979919, 0.017027774825692177, 0.0,
									 -0.6354107856750488, 0.7716934680938721, -0.0272466242313385, 0.0,
									 -0.03046669065952301, 0.010203126817941666, 0.9994837045669556, 0.0,
									 -3.4688273444771767e-06, 0.14905615150928497, -5.876645445823669e-07, 1.0}
								}
							}

							BoneNode $node23
							{
								Name {string {"RightForeArm"}}

								Transform
								{
									float[16]
									{
										{0.9999832510948181, -0.005779724568128586, 0.0002574753016233444, 0.0,
										 0.004050014540553093, 0.7310927510261536, 0.6822660565376282, 0.0,
										 -0.004131622612476349, -0.6822534799575806, 0.7311040163040161, 0.0,
										 3.161665517836809e-06, 0.24214528501033783, 1.555308699607849e-07, 1.0}
									}
								}

								BoneNode $node24
								{
									Name {string {"RightHand"}}

									Transform
									{
										float[16]
										{
											{0.993304431438446, 0.1108013391494751, 0.03270048275589943, 0.0,
											 -0.11498168110847473, 0.9756371974945068, 0.18684598803520203, 0.0,
											 -0.01120099239051342, -0.18935486674308777, 0.9818449020385742, 0.0,
											 1.7900019884109497e-06, 0.23861175775527954, -6.407499313354492e-06, 1.0}
										}
									}

									BoneNode $node25
									{
										Name {string {"RThumb"}}

										Transform
										{
											float[16]
											{
												{-0.6006848812103271, -0.797637939453125, -0.0543256439268589, 0.0,
												 -0.6654683947563171, 0.4611769914627075, 0.5869140625, 0.0,
												 -0.44309094548225403, 0.38870230317115784, -0.8078247904777527, 0.0,
												 -0.0014152927324175835, 0.03948473930358887, 0.02052856981754303, 1.0}
											}
										}
									}

									BoneNode $node26
									{
										Name {string {"RightFingerBase"}}

										Transform
										{
											float[16]
											{
												{-0.2550938129425049, -0.19857901334762573, 0.9463050365447998, 0.0,
												 0.020323846489191055, 0.9773662686347961, 0.21057578921318054, 0.0,
												 -0.9667025208473206, 0.07294909656047821, -0.24528414011001587, 0.0,
												 -3.026798367500305e-07, 0.032247498631477356, 3.874301910400391e-06, 1.0}
											}
										}

										BoneNode $node27
										{
											Name {string {"RightHandFinger1"}}

											Transform
											{
												float[16]
												{
													{0.9951489567756653, 0.09828966856002808, 0.004211090505123138, 0.0,
													 -0.0957232341170311, 0.9575089812278748, 0.2720547318458557, 0.0,
													 0.022708043456077576, -0.2711380124092102, 0.9622725248336792, 0.0,
													 -3.635883331298828e-06, 0.0746789202094078, 4.015862941741943e-06, 1.0}
												}
											}
										}
									}
								}
							}
						}
					}
				}
			}
		}

		BoneNode $node28
		{
			Name {string {"RHipJoint"}}

			Transform
			{
				float[16]
				{
					{-0.10144045948982239, -0.14249300956726074, 0.9845841526985168, 0.0,
					 -0.9935516715049744, -0.035873498767614365, -0.1075560450553894, 0.0,
					 0.050646454095840454, -0.9891455173492432, -0.1379351019859314, 0.0,
					 0.0, 8.381903171539307e-09, -5.587935447692871e-09, 1.0}
				}
			}

			BoneNode $node29
			{
				Name {string {"RightUpLeg"}}

				Transform
				{
					float[16]
					{
						{-0.14581410586833954, -0.9784026741981506, 0.14651377499103546, 0.0,
						 -0.21065251529216766, 0.17540600895881653, 0.9616951942443848, 0.0,
						 -0.9666247963905334, 0.10936523973941803, -0.23167966306209564, 0.0,
						 -3.771856427192688e-08, 0.10203801095485687, 5.037290975451469e-07, 1.0}
					}
				}

				BoneNode $node30
				{
					Name {string {"RightLeg"}}

					Transform
					{
						float[16]
						{
							{0.9998502731323242, -0.011226466856896877, -0.013159599155187607, 0.0,
							 0.012701649218797684, 0.9929343461990356, 0.11798283457756042, 0.0,
							 0.011742092669010162, -0.11813231557607651, 0.9929283261299133, 0.0,
							 7.162452675402164e-07, 0.3944413661956787, 4.563480615615845e-08, 1.0}
						}
					}

					BoneNode $node31
					{
						Name {string {"RightFoot"}}

						Transform
						{
							float[16]
							{
								{0.9974393248558044, 0.021155113354325294, -0.0683167427778244, 0.0,
								 -0.07151725143194199, 0.29503780603408813, -0.9528053402900696, 0.0,
								 -6.800401024520397e-07, 0.9552513360977173, 0.29579535126686096, 0.0,
								 -1.607149897608906e-06, 0.407600998878479, -2.9310467652976513e-07, 1.0}
							}
						}

						BoneNode $node32
						{
							Name {string {"RightToeBase"}}

							Transform
							{
								float[16]
								{
									{0.999961793422699, 0.004968259483575821, -0.007198544219136238, 0.0,
									 -0.0062517449259757996, 0.9815738797187805, -0.19098122417926788, 0.0,
									 0.0061170561239123344, 0.19101892411708832, 0.9815673828125, 0.0,
									 -6.684567779302597e-07, 0.13889509439468384, 4.598870873451233e-06, 1.0}
								}
							}
						}
					}
				}
			}
		}
	}

	GeometryNode $node33
	{
		Name {string {"Avatar_cmu:Body"}}
		ObjectRef {ref {$geometry1}}
		MaterialRef (index = 0) {ref {$material1}}

		Transform
		{
			float[16]
			{
				{1.0, 0.0, 0.0, 0.0,
				 0.0, 1.0, 0.0, 0.0,
				 0.0, 0.0, 1.0, 0.0,
				 0.0, 0.0, 0.0, 1.0}
			}
		}
	}

	GeometryNode $node34
	{
		Name {string {"Avatar_cmu:Male_casualsuit01"}}
		ObjectRef {ref {$geometry2}}
		MaterialRef (index = 0) {ref {$material2}}

		Transform
		{
			float[16]
			{
				{1.0, 0.0, 0.0, 0.0,
				 0.0, 1.0, 0.0, 0.0,
				 0.0, 0.0, 1.0, 0.0,
				 0.0, 0.0, 0.0, 1.0}
			}
		}
	}

	GeometryNode $node35
	{
		Name {string {"Avatar_cmu:Shoes02"}}
		ObjectRef {ref {$geometry3}}
		MaterialRef (index = 0) {ref {$material3}}

		Transform
		{
			float[16]
			{
				{1.0, 0.0, 0.0, 0.0,
				 0.0, 1.0, 0.0, 0.0,
				 0.0, 0.0, 1.0, 0.0,
				 0.0, 0.0, 0.0, 1.0}
			}
		}
	}
}

GeometryObject $geometry1		// Avatar_cmu:Body
{
	Mesh (primitive = "triangles")
	{
		VertexArray (attrib = "position")
		{
			float[3]		// 4084
			{
				{-0.054503001272678375, -0.03142699971795082, 1.4201500415802002}, {-0.0508200004696846, -0.03516700118780136, 1.430050015449524}, {-0.052570000290870667, -0.02735999971628189, 1.434380054473877}, {-0.05671299993991852, -0.023252999410033226, 1.42507004737854}, {-0.06079699844121933, -0.027333000674843788, 1.4111700057983398}, {-0.0630199983716011, -0.019202999770641327, 1.4156301021575928}, {-0.049952998757362366, -0.04407000169157982, 1.4118800163269043}, {-0.0454070009291172, -0.04770300164818764, 1.4216300249099731},
				{-0.04868299886584282, -0.042160000652074814, 1.4257700443267822}, {-0.052400000393390656, -0.03823700174689293, 1.41579008102417}, {-0.055736999958753586, -0.039746999740600586, 1.4022700786590576}, {-0.05900999903678894, -0.034279998391866684, 1.406830072402954}, {-0.012230000458657742, -0.06987299770116806, 1.3949999809265137}, {-0.011212999932467937, -0.07293300330638885, 1.4062399864196777}, {-0.017020000144839287, -0.07114700227975845, 1.4070899486541748}, {-0.01850000023841858, -0.0684799998998642, 1.3959600925445557},
				{-0.005976700223982334, -0.07058300077915192, 1.3941900730133057}, {-0.005590000189840794, -0.0740400031208992, 1.4055399894714355}, {-0.024656999856233597, -0.06611700356006622, 1.3972499370574951}, {-0.0228899996727705, -0.06870999932289124, 1.408250093460083}, {-0.01413699984550476, -0.0678199976682663, 1.3837900161743164}, {-0.006866700015962124, -0.06838999688625336, 1.3829801082611084}, {0.0, -0.07080300152301788, 1.393860101699829}, {0.0, -0.07459700107574463, 1.4052300453186035},
				{-0.02873699925839901, -0.06348299980163574, 1.386579990386963}, {-0.021532999351620674, -0.06634700298309326, 1.384950041770935}, {-0.051989998668432236, -0.04534300044178963, 1.3983399868011475}, {-0.045882999897003174, -0.04960000142455101, 1.4079699516296387}, {-0.04173300042748451, -0.053289998322725296, 1.4181499481201172}, {-0.05738700181245804, -0.015282999724149704, 1.4290399551391602}, {-0.06382299959659576, -0.011260000057518482, 1.4193201065063477}, {-0.053119998425245285, -0.018869999796152115, 1.4386500120162964},
				{-0.05555000156164169, -0.0073899999260902405, 1.4313099384307861}, {-0.0618630014359951, -0.003719999920576811, 1.4211000204086304}, {-0.05115700140595436, -0.010617000050842762, 1.4418399333953857}, {-0.051669999957084656, -7.999999797903001e-05, 1.4329800605773926}, {-0.058632999658584595, 0.003463299944996834, 1.4224700927734375}, {-0.048650000244379044, -0.01355700008571148, 1.452470064163208}, {-0.0437530018389225, -0.005049999803304672, 1.4549400806427002}, {-0.046783000230789185, -0.002836700063198805, 1.4440799951553345},
				{-0.04583299905061722, 0.007120000198483467, 1.4336400032043457}, {-0.05325999855995178, 0.010739999823272228, 1.4226500988006592}, {-0.037133000791072845, 0.0016867000376805663, 1.456030011177063}, {-0.04032000154256821, 0.0042467000894248486, 1.4454700946807861}, {-0.03836299851536751, 0.013530000112950802, 1.4330101013183594}, {-0.04603699967265129, 0.017799999564886093, 1.4212501049041748}, {-0.030246999114751816, 0.006913300137966871, 1.4570600986480713}, {-0.032997000962495804, 0.009703299961984158, 1.4457000494003296},
				{-0.02875700034201145, 0.01891699992120266, 1.4313099384307861}, {-0.035190001130104065, 0.023819999769330025, 1.4180999994277954}, {-0.0223229993134737, 0.010739999823272228, 1.458150029182434}, {-0.024469999596476555, 0.013690000399947166, 1.4457800388336182}, {-0.008363300003111362, 0.021472999826073647, 1.4297800064086914}, {0.0, 0.02108299918472767, 1.4296700954437256}, {0.0, 0.027576999738812447, 1.4137200117111206}, {-0.01018300000578165, 0.027363000437617302, 1.4138100147247314},
				{-0.006909999996423721, 0.01484300009906292, 1.4596099853515625}, {0.0, 0.014933000318706036, 1.460050106048584}, {0.0, 0.017489999532699585, 1.44622004032135}, {-0.007400000002235174, 0.01744299940764904, 1.4459600448608398}, {0.0, -0.06850700080394745, 1.3826500177383423}, {-0.030453000217676163, -0.06308300048112869, 1.3991100788116455}, {-0.03509699925780296, -0.05973000079393387, 1.3887100219726562}, {-0.02784699946641922, -0.06571699678897858, 1.4098600149154663},
				{-0.04123999923467636, -0.05429000034928322, 1.4045701026916504}, {-0.03734299913048744, -0.05830699950456619, 1.4145500659942627}, {-0.04699299857020378, -0.05041300132870674, 1.394439935684204}, {-0.01433700043708086, 0.013546999543905258, 1.4588899612426758}, {-0.01538699958473444, 0.01640300080180168, 1.4457099437713623}, {-0.017969999462366104, 0.021152999252080917, 1.430030107498169}, {-0.021782999858260155, 0.026482999324798584, 1.4149999618530273}, {-0.11101000010967255, -0.03732699900865555, 1.3740500211715698},
				{-0.14169000089168549, -0.04230700060725212, 1.3733799457550049}, {-0.13219000399112701, -0.049963001161813736, 1.3675400018692017}, {-0.10516999661922455, -0.044822998344898224, 1.3685801029205322}, {-0.12004999816417694, -0.056703001260757446, 1.3605000972747803}, {-0.098130002617836, -0.052792999893426895, 1.3643100261688232}, {-0.09390699863433838, -0.07103999704122543, 1.3464900255203247}, {-0.1193699985742569, -0.07586299628019333, 1.3364500999450684}, {-0.10745000094175339, -0.0826369971036911, 1.3276900053024292},
				{-0.07626300305128098, -0.07907699793577194, 1.3381900787353516}, {-0.04826299846172333, -0.08504000306129456, 1.3387000560760498}, {-0.04938000068068504, -0.09255699813365936, 1.325010061264038}, {-0.02969300001859665, -0.09541299939155579, 1.325510025024414}, {-0.028557000681757927, -0.08835999667644501, 1.338479995727539}, {-0.10197000205516815, -0.09334299713373184, 1.315750002861023}, {-0.07410699874162674, -0.08943299949169159, 1.3221900463104248}, {0.0, -0.09677000343799591, 1.3255300521850586},
				{0.0, -0.089649997651577, 1.3381099700927734}, {-0.013117000460624695, -0.08967699855566025, 1.337939977645874}, {-0.01347300037741661, -0.0965069979429245, 1.325600028038025}, {-0.09870299696922302, -0.10339999943971634, 1.30253005027771}, {-0.0709799975156784, -0.1001100018620491, 1.3081600666046143}, {-0.09684699773788452, -0.11195000261068344, 1.289989948272705}, {-0.07163699716329575, -0.11077000200748444, 1.2946100234985352}, {-0.09654299914836884, -0.12003999948501587, 1.2782100439071655},
				{-0.07269299775362015, -0.11947999894618988, 1.2817100286483765}, {0.0, -0.11062999814748764, 1.2960000038146973}, {-0.011982999742031097, -0.11023999750614166, 1.2970800399780273}, {-0.011912999674677849, -0.11706999689340591, 1.2808500528335571}, {0.0, -0.11686000227928162, 1.2798700332641602}, {0.0, -0.10385999828577042, 1.312000036239624}, {-0.013123000040650368, -0.10365000367164612, 1.3121399879455566}, {-0.055977001786231995, -0.048172999173402786, 1.382889986038208},
				{-0.06102700158953667, -0.04267999902367592, 1.3869199752807617}, {-0.11540000140666962, -0.031120000407099724, 1.3790099620819092}, {-0.14836999773979187, -0.03376699984073639, 1.3787500858306885}, {-0.029172999784350395, -0.10305999964475632, 1.3119200468063354}, {-0.05935699865221977, -0.07372000068426132, 1.3536200523376465}, {-0.04057300090789795, -0.07880699634552002, 1.3523099422454834}, {-0.02865299955010414, -0.11068999767303467, 1.2972400188446045}, {-0.029260000213980675, -0.11860000342130661, 1.2820700407028198},
				{-0.02501000091433525, -0.08116299659013748, 1.351099967956543}, {-0.07447999715805054, -0.06684999912977219, 1.3565700054168701}, {-0.02597999945282936, -0.06685300171375275, 1.3743200302124023}, {-0.03491000086069107, -0.06260000169277191, 1.3759700059890747}, {-0.017020000144839287, -0.06882700324058533, 1.3728699684143066}, {-0.042667001485824585, -0.05823700129985809, 1.3779300451278687}, {-0.08107999712228775, -0.03554299846291542, 1.3802499771118164}, {-0.07676000148057938, -0.041756998747587204, 1.3747100830078125},
				{-0.06528700143098831, -0.036566998809576035, 1.3914999961853027}, {-0.0690469965338707, -0.030542999505996704, 1.396399974822998}, {-0.06793700158596039, 0.008993299677968025, 1.412019968032837}, {-0.06314300000667572, 0.016680000349879265, 1.4125299453735352}, {-0.027083000168204308, 0.031237000599503517, 1.4035799503326416}, {-0.012600000016391277, 0.03172700107097626, 1.4019999504089355}, {-0.07143999636173248, 0.0012666999828070402, 1.4109300374984741}, {0.0, 0.031539998948574066, 1.401479959487915},
				{-0.04232700169086456, 0.029559999704360962, 1.406980037689209}, {-0.07410699874162674, -0.006826700177043676, 1.4089200496673584}, {-0.07152000069618225, -0.023159999400377274, 1.4013700485229492}, {-0.07388299703598022, -0.014879999682307243, 1.4056200981140137}, {-0.05558300018310547, 0.024210000410676003, 1.4110400676727295}, {-0.09138000011444092, -0.010999999940395355, 1.3958699703216553}, {-0.0903870016336441, -0.0031032999977469444, 1.398859977722168}, {-0.06534299999475479, 0.03166300058364868, 1.402209997177124},
				{-0.0490729995071888, 0.035606998950242996, 1.39792001247406}, {-0.08973699808120728, -0.020896999165415764, 1.3915899991989136}, {-0.07558999955654144, 0.02491299994289875, 1.403630018234253}, {-0.08196000009775162, 0.016750000417232513, 1.4032399654388428}, {-0.08648999780416489, 0.006636700127273798, 1.401360034942627}, {-0.03223000094294548, 0.03589300066232681, 1.3946900367736816}, {-0.014716999605298042, 0.035110000520944595, 1.3928300142288208}, {0.0, 0.03449999913573265, 1.3916900157928467},
				{-0.017743000760674477, 0.039076998829841614, 1.3824700117111206}, {0.0, 0.03723699972033501, 1.381659984588623}, {-0.10236000269651413, 0.028593000024557114, 1.3943500518798828}, {-0.09063000231981277, 0.03577300161123276, 1.3934900760650635}, {-0.07382699847221375, 0.039792999625205994, 1.3915899991989136}, {-0.05534699931740761, 0.04157299920916557, 1.3881499767303467}, {-0.11722999811172485, -0.02085999958217144, 1.3852300643920898}, {-0.11772999912500381, -0.009303299710154533, 1.3894100189208984},
				{-0.037282999604940414, 0.041196998208761215, 1.385159969329834}, {-0.11641000211238861, 0.002356699900701642, 1.3921699523925781}, {-0.11067000031471252, 0.014612999744713306, 1.3929400444030762}, {-0.07146299630403519, -0.0487929992377758, 1.3706600666046143}, {-0.03214000165462494, -0.07096300274133682, 1.3636300563812256}, {-0.04456000030040741, -0.06609000265598297, 1.3654600381851196}, {-0.02071700058877468, -0.07355000078678131, 1.362130045890808}, {-0.05569000169634819, -0.06045699864625931, 1.366569995880127},
				{-0.0859299972653389, -0.029426999390125275, 1.386120080947876}, {-0.00818329956382513, -0.06929299980401993, 1.3717999458312988}, {0.0, -0.06940300017595291, 1.371340036392212}, {-0.009913300164043903, -0.07399000227451324, 1.3610800504684448}, {0.0, -0.07410699874162674, 1.3603899478912354}, {-0.011633000336587429, -0.08164999634027481, 1.3500699996948242}, {0.0, -0.08161299675703049, 1.3493599891662598}, {-0.04755700007081032, -0.10130999982357025, 1.3108100891113281},
				{-0.048266999423503876, -0.1103300005197525, 1.2966400384902954}, {-0.04952000081539154, -0.11947000026702881, 1.2825100421905518}, {-0.019370000809431076, 0.04375699907541275, 1.3700900077819824}, {0.0, 0.04083000123500824, 1.3701300621032715}, {-0.14907999336719513, -0.006486699916422367, 1.3828500509262085}, {-0.14300000667572021, 0.00789669994264841, 1.384600043296814}, {-0.04081699997186661, 0.047210000455379486, 1.3732600212097168}, {-0.06063299998641014, 0.04868299886584282, 1.3768800497055054},
				{-0.13184000551700592, 0.022140000015497208, 1.3842699527740479}, {-0.11894000321626663, 0.03531700000166893, 1.383660078048706}, {-0.10148999840021133, 0.045570001006126404, 1.3839099407196045}, {-0.08110000193119049, 0.04927299916744232, 1.3809199333190918}, {-0.15025000274181366, -0.01955999992787838, 1.3814300298690796}, {-0.4790700078010559, -0.30366000533103943, 0.962689995765686}, {-0.4786199927330017, -0.3013499975204468, 0.9645200371742249}, {-0.4827899932861328, -0.30004000663757324, 0.9652900099754333},
				{-0.4828999936580658, -0.30281001329421997, 0.9636499881744385}, {-0.48899000883102417, -0.29366999864578247, 0.9543100595474243}, {-0.48892998695373535, -0.29218998551368713, 0.9563500285148621}, {-0.487309992313385, -0.29027000069618225, 0.9529600143432617}, {-0.4872699975967407, -0.2917900085449219, 0.9515100121498108}, {-0.4877299964427948, -0.299699991941452, 0.9615499973297119}, {-0.4877200126647949, -0.29739001393318176, 0.9636000394821167}, {-0.48934999108314514, -0.29455000162124634, 0.9599800109863281},
				{-0.4901899993419647, -0.2963399887084961, 0.9575200080871582}, {-0.48506999015808105, -0.2856200039386749, 0.970710039138794}, {-0.4849500060081482, -0.2829900085926056, 0.9724200367927551}, {-0.486409991979599, -0.2791599929332733, 0.9690600037574768}, {-0.4865899980068207, -0.28165000677108765, 0.9669899940490723}, {-0.47710999846458435, -0.289249986410141, 0.9729500412940979}, {-0.47721999883651733, -0.28696998953819275, 0.9745399951934814}, {-0.48124998807907104, -0.28578001260757446, 0.97434002161026},
				{-0.481440007686615, -0.2883700132369995, 0.9724500179290771}, {-0.48625999689102173, -0.2793799936771393, 0.9636600017547607}, {-0.48548001050949097, -0.27529001235961914, 0.9644900560379028}, {-0.4835300147533417, -0.274619996547699, 0.9597600102424622}, {-0.4844299852848053, -0.27761998772621155, 0.9606200456619263}, {-0.47777000069618225, -0.3167099952697754, 0.9493800401687622}, {-0.47811999917030334, -0.31119999289512634, 0.9546400308609009}, {-0.48287999629974365, -0.31053999066352844, 0.9546900391578674},
				{-0.48219001293182373, -0.3159700036048889, 0.9497900009155273}, {-0.48809000849723816, -0.30886000394821167, 0.9414600133895874}, {-0.4879400134086609, -0.3034699857234955, 0.9458500146865845}, {-0.48596999049186707, -0.3009600043296814, 0.9434500336647034}, {-0.48629000782966614, -0.30709999799728394, 0.9388099908828735}, {-0.48614001274108887, -0.3142800033092499, 0.9482800364494324}, {-0.4867500066757202, -0.3088800013065338, 0.9530600309371948}, {-0.48844999074935913, -0.3060699999332428, 0.9492900371551514},
				{-0.48813000321388245, -0.3116700053215027, 0.9451000094413757}, {-0.47152000665664673, -0.3041299879550934, 0.9552800059318542}, {-0.4731599986553192, -0.3059299886226654, 0.956820011138916}, {-0.4731599986553192, -0.31033000349998474, 0.9521499872207642}, {-0.4712499976158142, -0.3082999885082245, 0.9500700235366821}, {-0.48717001080513, -0.29521000385284424, 0.965149998664856}, {-0.4882200062274933, -0.29197001457214355, 0.9616299867630005}, {-0.47137999534606934, -0.2982499897480011, 0.961080014705658},
				{-0.47325998544692993, -0.2992900013923645, 0.963640034198761}, {-0.4734399914741516, -0.30090999603271484, 0.9623500108718872}, {-0.4715999960899353, -0.29982998967170715, 0.9600100517272949}, {-0.4681299924850464, -0.2861100137233734, 0.967710018157959}, {-0.4698300063610077, -0.2885499894618988, 0.9699900150299072}, {-0.47067001461982727, -0.2911199927330017, 0.9683899879455566}, {-0.46876999735832214, -0.2890700101852417, 0.9660199880599976}, {-0.4825800061225891, -0.2829299867153168, 0.9562100172042847},
				{-0.4859600067138672, -0.2834100127220154, 0.9584200382232666}, {-0.48506999015808105, -0.2796199917793274, 0.9602100253105164}, {-0.4820399880409241, -0.27882999181747437, 0.9584300518035889}, {-0.4828599989414215, -0.3063800036907196, 0.9370800256729126}, {-0.4830400049686432, -0.2995400130748749, 0.9420000314712524}, {-0.48124000430107117, -0.27654001116752625, 0.9591700434684753}, {-0.48072001338005066, -0.272379994392395, 0.9581100344657898}, {-0.4831100106239319, -0.290800005197525, 0.9494200348854065},
				{-0.4831399917602539, -0.2890799939632416, 0.9505500197410583}, {-0.4731599986553192, -0.3059299886226654, 0.956820011138916}, {-0.47523000836372375, -0.30706000328063965, 0.9575999975204468}, {-0.47543999552726746, -0.3110499978065491, 0.9536700248718262}, {-0.4731599986553192, -0.31033000349998474, 0.9521499872207642}, {-0.4698300063610077, -0.2885499894618988, 0.9699900150299072}, {-0.4730300009250641, -0.28951001167297363, 0.9718600511550903}, {-0.4735899865627289, -0.291949987411499, 0.9701499938964844},
				{-0.47067001461982727, -0.2911199927330017, 0.9683899879455566}, {-0.4744899868965149, -0.2950800061225891, 0.9679800271987915}, {-0.4720200002193451, -0.2945599853992462, 0.9664300084114075}, {-0.47832000255584717, -0.29930999875068665, 0.9658499956130981}, {-0.4823800027370453, -0.298009991645813, 0.9665700197219849}, {-0.4882799983024597, -0.2899399995803833, 0.9586400389671326}, {-0.4869999885559082, -0.2876499891281128, 0.9551000595092773}, {-0.48785001039505005, -0.31532999873161316, 0.9359100461006165},
				{-0.4877600073814392, -0.31769999861717224, 0.933620035648346}, {-0.4876999855041504, -0.319489985704422, 0.9378700256347656}, {-0.4879699945449829, -0.3179199993610382, 0.9396100044250488}, {-0.4863100051879883, -0.3201499879360199, 0.9427200555801392}, {-0.4859899878501892, -0.321370005607605, 0.9412200450897217}, {-0.48232999444007874, -0.32319000363349915, 0.9427000284194946}, {-0.4821699857711792, -0.3219299912452698, 0.9441500306129456}, {-0.47457998991012573, -0.33011001348495483, 0.9301699995994568},
				{-0.47336000204086304, -0.3249000012874603, 0.9353200197219849}, {-0.4739699959754944, -0.3244599997997284, 0.9376699924468994}, {-0.47530999779701233, -0.32875001430511475, 0.9344000220298767}, {-0.476749986410141, -0.32214000821113586, 0.943560004234314}, {-0.4771899878978729, -0.3241499960422516, 0.9416600465774536}, {-0.47488999366760254, -0.3243100047111511, 0.9394700527191162}, {-0.4746299982070923, -0.32201001048088074, 0.9419600367546082}, {-0.4783500134944916, -0.3259899914264679, 0.9401000142097473},
				{-0.47944000363349915, -0.3276500105857849, 0.938450038433075}, {-0.4777899980545044, -0.3305499851703644, 0.9344900250434875}, {-0.4762499928474426, -0.32754001021385193, 0.937000036239624}, {-0.4790799915790558, -0.33379998803138733, 0.9299100041389465}, {-0.47749999165534973, -0.333079993724823, 0.9302800297737122}, {-0.47898998856544495, -0.33125001192092896, 0.9335800409317017}, {-0.4851599931716919, -0.3224300146102905, 0.9252000451087952}, {-0.48695001006126404, -0.32697999477386475, 0.9246399998664856},
				{-0.48737001419067383, -0.3243600130081177, 0.927839994430542}, {-0.48664000630378723, -0.32069000601768494, 0.9282700419425964}, {-0.479310005903244, -0.3346000015735626, 0.9279299974441528}, {-0.47775998711586, -0.3337000012397766, 0.9279800057411194}, {-0.47749999165534973, -0.333079993724823, 0.9302800297737122}, {-0.4790799915790558, -0.33379998803138733, 0.9299100041389465}, {-0.4878700077533722, -0.32069000601768494, 0.9322800040245056}, {-0.48743999004364014, -0.32249999046325684, 0.9315600395202637},
				{-0.4870299994945526, -0.32221999764442444, 0.9357900023460388}, {-0.48743999004364014, -0.32120999693870544, 0.9366900324821472}, {-0.4847300052642822, -0.33101001381874084, 0.9235399961471558}, {-0.4844000041484833, -0.3303599953651428, 0.9226100444793701}, {-0.4811199903488159, -0.33285999298095703, 0.9236700534820557}, {-0.4825200140476227, -0.3331499993801117, 0.9245700240135193}, {-0.4856399893760681, -0.32273998856544495, 0.9398800134658813}, {-0.48517999053001404, -0.3238599896430969, 0.9384199976921082},
				{-0.4823000133037567, -0.3256100118160248, 0.9394200444221497}, {-0.482479989528656, -0.32444998621940613, 0.9411100149154663}, {-0.4861699938774109, -0.32287999987602234, 0.9345300197601318}, {-0.4845699965953827, -0.3243600130081177, 0.9373400211334229}, {-0.48170000314712524, -0.32622000575065613, 0.9379200339317322}, {-0.47738000750541687, -0.294979989528656, 0.9463800191879272}, {-0.47301000356674194, -0.2972100079059601, 0.9483200311660767}, {-0.4727500081062317, -0.3018699884414673, 0.944350004196167},
				{-0.4770300090312958, -0.29993999004364014, 0.9416400194168091}, {-0.47626999020576477, -0.28883999586105347, 0.9516500234603882}, {-0.47282999753952026, -0.29186001420021057, 0.9530800580978394}, {-0.47350001335144043, -0.2937600016593933, 0.9523600339889526}, {-0.47727999091148376, -0.2909800112247467, 0.9505699872970581}, {-0.4748300015926361, -0.27709999680519104, 0.9597400426864624}, {-0.470660001039505, -0.2797999978065491, 0.9607500433921814}, {-0.47064998745918274, -0.28220999240875244, 0.9590700268745422},
				{-0.4746699929237366, -0.27994000911712646, 0.9577600359916687}, {-0.48135998845100403, -0.32666999101638794, 0.9221700429916382}, {-0.4767099916934967, -0.3295400142669678, 0.9235700368881226}, {-0.48653000593185425, -0.32378000020980835, 0.9310300350189209}, {-0.48691999912261963, -0.3283900022506714, 0.924750030040741}, {-0.4868899881839752, -0.32585999369621277, 0.9277700185775757}, {-0.47530999779701233, -0.32875001430511475, 0.9344000220298767}, {-0.4799099862575531, -0.3283199965953827, 0.9364800453186035},
				{-0.47846001386642456, -0.3218500018119812, 0.9243600368499756}, {-0.4775199890136719, -0.316430002450943, 0.9289799928665161}, {-0.4741300046443939, -0.3186799883842468, 0.9308200478553772}, {-0.4745599925518036, -0.3248499929904938, 0.9259000420570374}, {-0.4739699959754944, -0.3244599997997284, 0.9376699924468994}, {-0.4734799861907959, -0.3220199942588806, 0.9401900172233582}, {-0.47262999415397644, -0.32166001200675964, 0.9379400014877319}, {-0.4734799861907959, -0.3220199942588806, 0.9401900172233582},
				{-0.4836899936199188, -0.3178600072860718, 0.9276700019836426}, {-0.4862399995326996, -0.31718000769615173, 0.9301900267601013}, {-0.48802998661994934, -0.31332001090049744, 0.9374500513076782}, {-0.4881399869918823, -0.3164699971675873, 0.9410800337791443}, {-0.4864000082015991, -0.31887999176979065, 0.9440200328826904}, {-0.48225000500679016, -0.3205299973487854, 0.9455000162124634}, {-0.4771899878978729, -0.3118399977684021, 0.9332500100135803}, {-0.47738000750541687, -0.3098599910736084, 0.9355300068855286},
				{-0.4742000102996826, -0.31182000041007996, 0.9374200105667114}, {-0.4741100072860718, -0.3137100040912628, 0.9352700114250183}, {-0.4856100082397461, -0.2880299985408783, 0.9693300127983093}, {-0.48695001006126404, -0.28402000665664673, 0.9660400152206421}, {-0.4871399998664856, -0.2881700098514557, 0.9640700221061707}, {-0.486160010099411, -0.29124000668525696, 0.9676600098609924}, {-0.4720200002193451, -0.2945599853992462, 0.9664300084114075}, {-0.4699999988079071, -0.29328998923301697, 0.9637200236320496},
				{-0.48322001099586487, -0.2866800129413605, 0.9524400234222412}, {-0.4756999909877777, -0.2994599938392639, 0.9648900032043457}, {-0.47325998544692993, -0.2992900013923645, 0.963640034198761}, {-0.4770900011062622, -0.2918800115585327, 0.9711300134658813}, {-0.48137998580932617, -0.2909500002861023, 0.9709100127220154}, {-0.48146000504493713, -0.2936899960041046, 0.9691500067710876}, {-0.4775499999523163, -0.2946600019931793, 0.9689000248908997}, {-0.4866900146007538, -0.2819199860095978, 0.9636200070381165},
				{-0.48712998628616333, -0.2858699858188629, 0.9615300297737122}, {-0.47148001194000244, -0.28714001178741455, 0.9564800262451172}, {-0.4758000075817108, -0.2844099998474121, 0.954740047454834}, {-0.48750001192092896, -0.3052299916744232, 0.9567000269889832}, {-0.4876199960708618, -0.30215999484062195, 0.9591500163078308}, {-0.48993998765945435, -0.29861998558044434, 0.9552800059318542}, {-0.4891600012779236, -0.30125999450683594, 0.9529300332069397}, {-0.4830099940299988, -0.31080999970436096, 0.9331700205802917},
				{-0.48309001326560974, -0.3139500021934509, 0.9303300380706787}, {-0.4857499897480011, -0.3140999972820282, 0.9322600364685059}, {-0.48576000332832336, -0.3114599883556366, 0.9348000288009644}, {-0.4885199964046478, -0.2979399859905243, 0.9501500129699707}, {-0.4888400137424469, -0.29563000798225403, 0.9521200060844421}, {-0.48712998628616333, -0.2934899926185608, 0.9498800039291382}, {-0.4867999851703644, -0.2958100140094757, 0.9479300379753113}, {-0.47249001264572144, -0.3178600072860718, 0.941260039806366},
				{-0.4726000130176544, -0.31626999378204346, 0.9431400299072266}, {-0.47352999448776245, -0.31749001145362854, 0.9447600245475769}, {-0.4733699858188629, -0.3190700113773346, 0.942840039730072}, {-0.4736799895763397, -0.3165299892425537, 0.9458299875259399}, {-0.47512999176979065, -0.3172700107097626, 0.9470400214195251}, {-0.47484999895095825, -0.31828999519348145, 0.9457200169563293}, {-0.47352999448776245, -0.31749001145362854, 0.9447600245475769}, {-0.47157999873161316, -0.3012999892234802, 0.9586499929428101},
				{-0.4733099937438965, -0.3026599884033203, 0.9603700041770935}, {-0.47332999110221863, -0.3041599988937378, 0.9589200019836426}, {-0.4715900123119354, -0.30270999670028687, 0.957260012626648}, {-0.4775800108909607, -0.2923299968242645, 0.9496700167655945}, {-0.47325998544692993, -0.29499000310897827, 0.9513200521469116}, {-0.4731200039386749, -0.29603999853134155, 0.9497400522232056}, {-0.47734999656677246, -0.2935599982738495, 0.9481199979782104}, {-0.4831700026988983, -0.30737000703811646, 0.9584300518035889},
