Metric (key = "distance") {float {1.0}}
Metric (key = "angle") {float {1.0}}
Metric (key = "time") {float {1.0}}
Metric (key = "up") {string {"z"}}

Node $node1
{
	Name {string {"Man"}}

	Transform
	{
		float[16]
		{
			{1.0, 0.0, 0.0, 0.0,
			 0.0, 1.0, 0.0, 0.0,
			 0.0, 0.0, 1.0, 0.0,
			 0.0, 0.0, 0.0, 1.0}
		}
	}

	BoneNode $node2
	{
		Name {string {"Hips"}}

		Transform
		{
			float[16]
			{
				{1.0, 0.0, 0.0, 0.0,
				 0.0, 0.342731237411499, 0.9394334554672241, 0.0,
				 0.0, -0.9394334554672241, 0.3427312970161438, 0.0,
				 0.0, 0.06373299658298492, 0.9265400171279907, 1.0}
			}
		}

		BoneNode $node3
		{
			Name {string {"LHipJoint"}}

			Transform
			{
				float[16]
				{
					{-0.10750019550323486, 0.009795159101486206, -0.9941566586494446, 0.0,
					 0.9941504001617432, -0.00938548892736435, -0.10759222507476807, 0.0,
					 -0.010384567081928253, -0.9999077916145325, -0.00872892141342163, 0.0,
					 0.0, -2.0489096641540527e-08, -1.862645149230957e-08, 1.0}
				}
			}

			BoneNode $node4
			{
				Name {string {"LeftUpLeg"}}

				Transform
				{
					float[16]
					{
						{-0.1749405413866043, 0.9842125773429871, -0.026856940239667892, 0.0,
						 0.24914580583572388, 0.07064169645309448, 0.9658862948417664, 0.0,
						 0.9525346755981445, 0.1622813642024994, -0.2575705349445343, 0.0,
						 -2.4065375328063965e-06, 0.10913804173469543, -6.310758180916309e-06, 1.0}
					}
				}

				BoneNode $node5
				{
					Name {string {"LeftLeg"}}

					Transform
					{
						float[16]
						{
							{0.9992205500602722, -0.0015522257890552282, 0.03944496810436249, 0.0,
							 -0.0027711549773812294, 0.9940035343170166, 0.10931460559368134, 0.0,
							 -0.039378102868795395, -0.10933872312307358, 0.9932242631912231, 0.0,
							 -3.5371631383895874e-06, 0.41758257150650024, 3.450550138950348e-07, 1.0}
						}
					}

					BoneNode $node6
					{
						Name {string {"LeftFoot"}}

						Transform
						{
							float[16]
							{
								{0.9929319024085999, -0.09185828268527985, 0.07515609264373779, 0.0,
								 0.09832897782325745, 0.2820546627044678, -0.954346239566803, 0.0,
								 0.06646645069122314, 0.954990804195404, 0.28909337520599365, 0.0,
								 -3.14321368932724e-08, 0.43619799613952637, 7.770722731947899e-07, 1.0}
							}
						}

						BoneNode $node7
						{
							Name {string {"LeftToeBase"}}

							Transform
							{
								float[16]
								{
									{0.9987650513648987, 0.04929361119866371, -0.006198530085384846, 0.0,
									 -0.04954573139548302, 0.9790189266204834, -0.19765330851078033, 0.0,
									 -0.0036745606921613216, 0.19771626591682434, 0.9802523255348206, 0.0,
									 -2.4158507585525513e-06, 0.1478683352470398, 6.170943379402161e-06, 1.0}
								}
							}
						}
					}
				}
			}
		}

		BoneNode $node8
		{
			Name {string {"LowerBack"}}

			Transform
			{
				float[16]
				{
					{1.0, 0.0, 0.0, 0.0,
					 0.0, 0.9386516809463501, 0.34486666321754456, 0.0,
					 0.0, -0.34486663341522217, 0.9386516809463501, 0.0,
					 0.0, 0.09305567294359207, 1.125037670135498e-06, 1.0}
				}
			}

			BoneNode $node9
			{
				Name {string {"Spine"}}

				Transform
				{
					float[16]
					{
						{1.0, 0.0, 0.0, 0.0,
						 0.0, 0.9871728420257568, -0.15965579450130463, 0.0,
						 0.0, 0.15965577960014343, 0.9871727824211121, 0.0,
						 0.0, 0.12974029779434204, -2.9802322387695312e-08, 1.0}
					}
				}

				BoneNode $node10
				{
					Name {string {"Spine1"}}

					Transform
					{
						float[16]
						{
							{1.0, 0.0, 0.0, 0.0,
							 0.0, 0.9016299247741699, 0.4325083792209625, 0.0,
							 0.0, -0.4325083792209625, 0.9016299247741699, 0.0,
							 0.0, 0.13724039494991302, 3.1441450119018555e-06, 1.0}
						}
					}

					BoneNode $node11
					{
						Name {string {"LeftShoulder"}}

						Transform
						{
							float[16]
							{
								{0.04666144400835037, -0.9142272472381592, 0.4025060832500458, 0.0,
								 0.998696506023407, 0.034352995455265045, -0.03774873912334442, 0.0,
								 0.02068362943828106, 0.4037429392337799, 0.9146386981010437, 0.0,
								 0.022776000201702118, 0.14803704619407654, 0.031590159982442856, 1.0}
							}
						}

						BoneNode $node12
						{
							Name {string {"LeftArm"}}

							Transform
							{
								float[16]
								{
									{0.9959574341773987, -0.07796850055456161, -0.044603366404771805, 0.0,
									 0.07676690816879272, 0.9966544508934021, -0.028048867359757423, 0.0,
									 0.04664107784628868, 0.024511419236660004, 0.9986109733581543, 0.0,
									 7.839873433113098e-06, 0.17114673554897308, -1.421663910150528e-06, 1.0}
								}
							}

							BoneNode $node13
							{
								Name {string {"LeftForeArm"}}

								Transform
								{
									float[16]
									{
										{0.985778272151947, 0.055146023631095886, 0.15874582529067993, 0.0,
										 -0.07608355581760406, 0.9887222051620483, 0.12899494171142578, 0.0,
										 -0.14984199404716492, -0.1392383724451065, 0.9788565635681152, 0.0,
										 -3.6228448152542114e-07, 0.2520040273666382, -2.7567148208618164e-07, 1.0}
									}
								}

								BoneNode $node14
								{
									Name {string {"LeftHand"}}

									Transform
									{
										float[16]
										{
											{0.9891403317451477, -0.146806001663208, -0.00703214667737484, 0.0,
											 0.1462251842021942, 0.9781461954116821, 0.14781083166599274, 0.0,
											 -0.01482104230672121, -0.14723393321037292, 0.9889906644821167, 0.0,
											 -8.298084139823914e-07, 0.2674809992313385, -1.825392246246338e-07, 1.0}
										}
									}

									BoneNode $node15
									{
										Name {string {"LThumb"}}

										Transform
										{
											float[16]
											{
												{-0.5716882944107056, 0.7900359034538269, 0.22139567136764526, 0.0,
												 0.8071293830871582, 0.4930664896965027, 0.3246956169605255, 0.0,
												 0.14735853672027588, 0.3643195629119873, -0.9195415377616882, 0.0,
												 0.005555853247642517, 0.04372524470090866, 0.021811721846461296, 1.0}
											}
										}
									}

									BoneNode $node16
									{
										Name {string {"LeftFingerBase"}}

										Transform
										{
											float[16]
											{
												{0.37411120533943176, 0.23757745325565338, -0.8964360952377319, 0.0,
												 -0.09615925699472427, 0.971356213092804, 0.21730275452136993, 0.0,
												 0.922385036945343, 0.004905249923467636, 0.38624048233032227, 0.0,
												 -5.09992241859436e-06, 0.03574678674340248, 3.1497329473495483e-06, 1.0}
											}
										}

										BoneNode $node17
										{
											Name {string {"LeftHandFinger1"}}

											Transform
											{
												float[16]
												{
													{0.9051425457000732, -0.4049778878688812, 0.12926658987998962, 0.0,
													 0.4176499843597412, 0.9038625955581665, -0.09274206310510635, 0.0,
													 -0.07928074896335602, 0.13793301582336426, 0.9872635006904602, 0.0,
													 2.196291461586952e-06, 0.08163778483867645, 4.656147211790085e-06, 1.0}
												}
											}
										}
									}
								}
							}
						}
					}

					BoneNode $node18
					{
						Name {string {"Neck"}}

						Transform
						{
							float[16]
							{
								{1.0, 0.0, 0.0, 0.0,
								 0.0, 0.9976866245269775, 0.06798112392425537, 0.0,
								 0.0, -0.06798115372657776, 0.9976866245269775, 0.0,
								 0.0, 0.21633312106132507, -3.255903720855713e-06, 1.0}
							}
						}

						BoneNode $node19
						{
							Name {string {"Neck1"}}

							Transform
							{
								float[16]
								{
									{1.0, 0.0, 0.0, 0.0,
									 0.0, 0.9999999403953552, -2.9802322387695312e-08, 0.0,
									 0.0, 0.0, 1.0, 0.0,
									 0.0, 0.051575854420661926, -5.476176738739014e-07, 1.0}
								}
							}

							BoneNode $node20
							{
								Name {string {"Head"}}

								Transform
								{
									float[16]
									{
										{1.0, 0.0, 0.0, 0.0,
										 0.0, 0.9214193820953369, -0.3885698616504669, 0.0,
										 0.0, 0.3885698616504669, 0.9214193224906921, 0.0,
										 0.0, 0.051576077938079834, -5.941838026046753e-07, 1.0}
									}
								}
							}
						}
					}

					BoneNode $node21
					{
						Name {string {"RightShoulder"}}

						Transform
						{
							float[16]
							{
								{0.04666144400835037, 0.9142272472381592, -0.4025060832500458, 0.0,
								 -0.998696506023407, 0.034352995455265045, -0.03774873912334442, 0.0,
								 -0.02068362943828106, 0.4037429392337799, 0.9146386981010437, 0.0,
								 -0.022776000201702118, 0.14803704619407654, 0.031590159982442856, 1.0}
							}
						}

						BoneNode $node22
						{
							Name {string {"RightArm"}}

							Transform
							{
								float[16]
								{
									{0.9959574937820435, 0.07796849310398102, 0.04460350051522255, 0.0,
									 -0.07676690816879272, 0.9966544508934021, -0.028048867359757423, 0.0,
									 -0.046641189604997635, 0.024511409923434258, 0.9986109137535095, 0.0,
									 -7.839873433113098e-06, 0.17114673554897308, -1.421663910150528e-06, 1.0}
								}
							}

							BoneNode $node23
							{
								Name {string {"RightForeArm"}}

								Transform
								{
									float[16]
									{
										{0.9857782125473022, -0.05514601618051529, -0.15874594449996948, 0.0,
										 0.07608355581760406, 0.9887221455574036, 0.12899495661258698, 0.0,
										 0.1498420685529709, -0.1392383575439453, 0.9788565039634705, 0.0,
										 3.5623088479042053e-07, 0.2520039677619934, -2.9243528842926025e-07, 1.0}
									}
								}

								BoneNode $node24
								{
									Name {string {"RightHand"}}

									Transform
									{
										float[16]
										{
											{0.9891401529312134, 0.1468072086572647, 0.0070238979533314705, 0.0,
											 -0.14622512459754944, 0.9781461954116821, 0.14781077206134796, 0.0,
											 0.014829291962087154, -0.14723262190818787, 0.9889906644821167, 0.0,
											 7.180497050285339e-07, 0.2674810290336609, -1.7508864402770996e-07, 1.0}
										}
									}

									BoneNode $node25
									{
										Name {string {"RThumb"}}

										Transform
										{
											float[16]
											{
												{-0.5715762972831726, -0.7901073098182678, -0.22142969071865082, 0.0,
												 -0.8072044849395752, 0.4929509162902832, 0.32468482851982117, 0.0,
												 -0.14738188683986664, 0.36432117223739624, -0.9195372462272644, 0.0,
												 -0.005556036718189716, 0.04372524842619896, 0.021811652928590775, 1.0}
											}
										}
									}

									BoneNode $node26
									{
										Name {string {"RightFingerBase"}}

										Transform
										{
											float[16]
											{
												{0.3741021454334259, -0.23757773637771606, 0.8964399099349976, 0.0,
												 0.09615741670131683, 0.971356213092804, 0.21730387210845947, 0.0,
												 -0.9223890900611877, 0.004905492067337036, 0.3862312436103821, 0.0,
												 5.1050446927547455e-06, 0.035746850073337555, 3.1329691410064697e-06, 1.0}
											}
										}

										BoneNode $node27
										{
											Name {string {"RightHandFinger1"}}

											Transform
											{
												float[16]
												{
													{0.9051418304443359, 0.40497878193855286, -0.1292683631181717, 0.0,
													 -0.41765114665031433, 0.903861939907074, -0.09274205565452576, 0.0,
													 0.07928216457366943, 0.13793376088142395, 0.987263023853302, 0.0,
													 -2.262415364384651e-06, 0.08163778483867645, 4.712259396910667e-06, 1.0}
												}
											}
										}
									}
								}
							}
						}
					}
				}
			}
		}

		BoneNode $node28
		{
			Name {string {"RHipJoint"}}

			Transform
			{
				float[16]
				{
					{-0.10750019550323486, -0.009795159101486206, 0.9941566586494446, 0.0,
					 -0.9941504001617432, -0.00938548892736435, -0.10759222507476807, 0.0,
					 0.010384567081928253, -0.9999077916145325, -0.00872892141342163, 0.0,
					 0.0, -2.0489096641540527e-08, -1.862645149230957e-08, 1.0}
				}
			}

			BoneNode $node29
			{
				Name {string {"RightUpLeg"}}

				Transform
				{
					float[16]
					{
						{-0.1749405413866043, -0.9842125773429871, 0.026856940239667892, 0.0,
						 -0.24914580583572388, 0.07064169645309448, 0.9658862948417664, 0.0,
						 -0.9525346755981445, 0.1622813642024994, -0.2575705349445343, 0.0,
						 2.4065375328063965e-06, 0.10913804173469543, -6.310758180916309e-06, 1.0}
					}
				}

				BoneNode $node30
				{
					Name {string {"RightLeg"}}

					Transform
					{
						float[16]
						{
							{0.9992205500602722, 0.0015522257890552282, -0.03944496810436249, 0.0,
							 0.0027711549773812294, 0.9940035343170166, 0.10931460559368134, 0.0,
							 0.039378102868795395, -0.10933872312307358, 0.9932242631912231, 0.0,
							 3.5371631383895874e-06, 0.41758257150650024, 3.450550138950348e-07, 1.0}
						}
					}

					BoneNode $node31
					{
						Name {string {"RightFoot"}}

						Transform
						{
							float[16]
							{
								{0.9929319024085999, 0.09185828268527985, -0.07515609264373779, 0.0,
								 -0.09832897782325745, 0.2820546627044678, -0.954346239566803, 0.0,
								 -0.06646645069122314, 0.954990804195404, 0.28909337520599365, 0.0,
								 3.14321368932724e-08, 0.43619799613952637, 7.770722731947899e-07, 1.0}
							}
						}

						BoneNode $node32
						{
							Name {string {"RightToeBase"}}

							Transform
							{
								float[16]
								{
									{0.9987649917602539, -0.04929618909955025, 0.0061930096708238125, 0.0,
									 0.049547161906957626, 0.9790189266204834, -0.19765348732471466, 0.0,
									 0.0036804871633648872, 0.1977161467075348, 0.9802523255348206, 0.0,
									 2.4158507585525513e-06, 0.1478683352470398, 6.170943379402161e-06, 1.0}
								}
							}
						}
					}
				}
			}
		}
	}

	GeometryNode $node33
	{
		Name {string {"Man:Body"}}
		ObjectRef {ref {$geometry1}}
		MaterialRef (index = 0) {ref {$material1}}

		Transform
		{
			float[16]
			{
				{1.0, 0.0, 0.0, 0.0,
				 0.0, 1.0, 0.0, 0.0,
				 0.0, 0.0, 1.0, 0.0,
				 0.0, 0.0, 0.0, 1.0}
			}
		}
	}

	GeometryNode $node34
	{
		Name {string {"Man:Eyebrow012"}}
		ObjectRef {ref {$geometry2}}
		MaterialRef (index = 0) {ref {$material2}}

		Transform
		{
			float[16]
			{
				{1.0, 0.0, 0.0, 0.0,
				 0.0, 1.0, 0.0, 0.0,
				 0.0, 0.0, 1.0, 0.0,
				 0.0, 0.0, 0.0, 1.0}
			}
		}
	}

	GeometryNode $node35
	{
		Name {string {"Man:Low-poly"}}
		ObjectRef {ref {$geometry3}}
		MaterialRef (index = 0) {ref {$material3}}

		Transform
		{
			float[16]
			{
				{1.0, 0.0, 0.0, 0.0,
				 0.0, 1.0, 0.0, 0.0,
				 0.0, 0.0, 1.0, 0.0,
				 0.0, 0.0, 0.0, 1.0}
			}
		}
	}

	GeometryNode $node36
	{
		Name {string {"Man:Male_casualsuit04"}}
		ObjectRef {ref {$geometry4}}
		MaterialRef (index = 0) {ref {$material4}}

		Transform
		{
			float[16]
			{
				{1.0, 0.0, 0.0, 0.0,
				 0.0, 1.0, 0.0, 0.0,
				 0.0, 0.0, 1.0, 0.0,
				 0.0, 0.0, 0.0, 1.0}
			}
		}
	}

	GeometryNode $node37
	{
		Name {string {"Man:Shoes02"}}
		ObjectRef {ref {$geometry5}}
		MaterialRef (index = 0) {ref {$material5}}

		Transform
		{
			float[16]
			{
				{1.0, 0.0, 0.0, 0.0,
				 0.0, 1.0, 0.0, 0.0,
				 0.0, 0.0, 1.0, 0.0,
				 0.0, 0.0, 0.0, 1.0}
			}
		}
	}

	GeometryNode $node38
	{
		Name {string {"Man:Short01"}}
		ObjectRef {ref {$geometry6}}
		MaterialRef (index = 0) {ref {$material6}}

		Transform
		{
			float[16]
			{
				{1.0, 0.0, 0.0, 0.0,
				 0.0, 1.0, 0.0, 0.0,
				 0.0, 0.0, 1.0, 0.0,
				 0.0, 0.0, 0.0, 1.0}
			}
		}
	}
}

GeometryObject $geometry1		// Man:Body
{
	Mesh (primitive = "triangles")
	{
		VertexArray (attrib = "position")
		{
			float[3]		// 9416
			{
				{-0.03366300091147423, -0.077053003013134, 1.6270400285720825}, {-0.03378700092434883, -0.0765099972486496, 1.626270055770874}, {-0.030167000368237495, -0.07725299894809723, 1.6264300346374512}, {-0.030027000233530998, -0.0778530016541481, 1.6269199848175049}, {-0.03367000073194504, -0.07730700075626373, 1.6290500164031982}, {-0.03370999917387962, -0.07743699848651886, 1.6277599334716797}, {-0.030016999691724777, -0.07815299928188324, 1.6277000904083252}, {-0.029899999499320984, -0.07811299711465836, 1.6289700269699097},
				{-0.036972999572753906, -0.07586699724197388, 1.626330018043518}, {-0.03722300007939339, -0.07607000321149826, 1.6270400285720825}, {-0.03749300166964531, -0.07581699639558792, 1.628159999847412}, {-0.0401730015873909, -0.07421699911355972, 1.6261399984359741}, {-0.04096699878573418, -0.07391999661922455, 1.6271800994873047}, {-0.039962999522686005, -0.07383999973535538, 1.6254000663757324}, {-0.04262999817728996, -0.0713530033826828, 1.6247600317001343}, {-0.04358699917793274, -0.07114999741315842, 1.6258000135421753},
				{-0.04218300059437752, -0.07129299640655518, 1.6243400573730469}, {-0.04369699954986572, -0.06978999823331833, 1.6241600513458252}, {-0.044753000140190125, -0.069022998213768, 1.6248199939727783}, {-0.042987000197172165, -0.07018300145864487, 1.6237800121307373}, {-0.04424300044775009, -0.06786300241947174, 1.6233500242233276}, {-0.045347001403570175, -0.06728299707174301, 1.6236900091171265}, {-0.04344699904322624, -0.06830299645662308, 1.6230900287628174}, {-0.04454300180077553, -0.06660299748182297, 1.6227500438690186},
				{-0.045483000576496124, -0.06596300005912781, 1.6226699352264404}, {-0.04357999935746193, -0.06735000014305115, 1.622730016708374}, {-0.044429998844861984, -0.06593699753284454, 1.6220800876617432}, {-0.04534300044178963, -0.06539999693632126, 1.621880054473877}, {-0.043480001389980316, -0.06657300144433975, 1.622070074081421}, {-0.044029999524354935, -0.06599999964237213, 1.6211199760437012}, {-0.045072998851537704, -0.06543999910354614, 1.6208300590515137}, {-0.043147001415491104, -0.0667629987001419, 1.621340036392212},
				{-0.04352699965238571, -0.06669999659061432, 1.6201000213623047}, {-0.04447999969124794, -0.06614299863576889, 1.6196200847625732}, {-0.04261000081896782, -0.0674469992518425, 1.6204900741577148}, {-0.03830299898982048, -0.07273700088262558, 1.6166599988937378}, {-0.04098699986934662, -0.0700870007276535, 1.6177799701690674}, {-0.04163699969649315, -0.06915000081062317, 1.616960048675537}, {-0.03872700035572052, -0.07202299684286118, 1.6156200170516968}, {-0.038082998245954514, -0.07333000004291534, 1.6177200078964233},
				{-0.040727000683546066, -0.07075999677181244, 1.6187000274658203}, {-0.026713000610470772, -0.07574699819087982, 1.6172800064086914}, {-0.03042300045490265, -0.0756630003452301, 1.6171200275421143}, {-0.030570000410079956, -0.07515999674797058, 1.616029977798462}, {-0.026559999212622643, -0.07523000240325928, 1.6163100004196167}, {-0.03067700006067753, -0.07470700144767761, 1.615070104598999}, {-0.02661300078034401, -0.0749329999089241, 1.6153099536895752}, {-0.02345299907028675, -0.07495000213384628, 1.6175700426101685},
				{-0.023287000134587288, -0.07483699917793274, 1.6168100833892822}, {-0.022919999435544014, -0.07472299784421921, 1.6159400939941406}, {-0.021222999319434166, -0.07411299645900726, 1.618149995803833}, {-0.02086699940264225, -0.07419999688863754, 1.617460012435913}, {-0.020269999280571938, -0.07417300343513489, 1.61667001247406}, {-0.026342999190092087, -0.0773100033402443, 1.626389980316162}, {-0.026582999154925346, -0.07680000364780426, 1.6257801055908203}, {-0.02604999952018261, -0.07761599868535995, 1.6282800436019897},
				{-0.02621999941766262, -0.07753700017929077, 1.6270300149917603}, {-0.022350000217556953, -0.07705699652433395, 1.627000093460083}, {-0.022763000801205635, -0.07683700323104858, 1.6259000301361084}, {-0.02289699949324131, -0.07638700306415558, 1.6253199577331543}, {-0.02312999963760376, -0.07577300071716309, 1.6247100830078125}, {-0.019307000562548637, -0.07601699978113174, 1.6251599788665771}, {-0.01982700079679489, -0.0755700021982193, 1.624150037765503}, {-0.020169999450445175, -0.07531999796628952, 1.623579978942871},
				{-0.020430000498890877, -0.07479699701070786, 1.6231900453567505}, {-0.017580000683665276, -0.07487700134515762, 1.6231800317764282}, {-0.018200000748038292, -0.07475599646568298, 1.6227900981903076}, {-0.018557000905275345, -0.07463300228118896, 1.6223100423812866}, {-0.01905299909412861, -0.0742959976196289, 1.6220200061798096}, {-0.015752999112010002, -0.0737299993634224, 1.6207000017166138}, {-0.01607999950647354, -0.07407599687576294, 1.6219300031661987}, {-0.01696700043976307, -0.07410600036382675, 1.6216100454330444},
				{-0.016527000814676285, -0.07366999983787537, 1.6205899715423584}, {-0.017069999128580093, -0.07339999824762344, 1.6205999851226807}, {-0.017722999677062035, -0.07403299957513809, 1.6213700771331787}, {-0.01793700084090233, -0.07353299856185913, 1.6213700771331787}, {-0.017552999779582024, -0.07308699935674667, 1.6205400228500366}, {-0.01566299982368946, -0.0737370029091835, 1.6195000410079956}, {-0.016377000138163567, -0.07353000342845917, 1.6196399927139282}, {-0.01703999936580658, -0.07320299744606018, 1.6198999881744385},
				{-0.017636999487876892, -0.07289300113916397, 1.6200499534606934}, {-0.015953000634908676, -0.0737759992480278, 1.618630051612854}, {-0.01678300090134144, -0.07361999899148941, 1.618939995765686}, {-0.017493000254034996, -0.07324299961328506, 1.6192899942398071}, {-0.01826000027358532, -0.07295999675989151, 1.619420051574707}, {-0.039170000702142715, -0.07081999629735947, 1.6146600246429443}, {-0.04213299974799156, -0.06819300353527069, 1.6159400939941406}, {-0.019442999735474586, -0.07429300248622894, 1.615880012512207},
				{-0.022350000217556953, -0.07445699721574783, 1.6148900985717773}, {-0.026287000626325607, -0.07451699674129486, 1.6141700744628906}, {-0.030647000297904015, -0.07405299693346024, 1.6138800382614136}, {-0.0303569994866848, -0.0733800008893013, 1.612610101699829}, {-0.025516999885439873, -0.0739469975233078, 1.6129400730133057}, {-0.04538999870419502, -0.06566700339317322, 1.6190600395202637}, {-0.04604300111532211, -0.06501299887895584, 1.620519995689392}, {-0.046509999781847, -0.06492699682712555, 1.621649980545044},
				{-0.04640299826860428, -0.0654899999499321, 1.6226999759674072}, {-0.04629699885845184, -0.06674300134181976, 1.6238700151443481}, {-0.04551300033926964, -0.06832300126552582, 1.6251699924468994}, {-0.04413999989628792, -0.07064700126647949, 1.6266300678253174}, {-0.04123999923467636, -0.07353699952363968, 1.62785005569458}, {-0.037693001329898834, -0.07547300308942795, 1.6288800239562988}, {-0.033723000437021255, -0.07708299905061722, 1.6298999786376953}, {-0.029563000425696373, -0.07799000293016434, 1.6299400329589844},
				{-0.025669999420642853, -0.07772000133991241, 1.6293599605560303}, {-0.022036999464035034, -0.07743600010871887, 1.6280100345611572}, {-0.019120000302791595, -0.07643300294876099, 1.6261799335479736}, {-0.04207700118422508, -0.07314299792051315, 1.6289000511169434}, {-0.0450269989669323, -0.06990300118923187, 1.6272900104522705}, {-0.015293000265955925, -0.07434999942779541, 1.6224400997161865}, {-0.014686999842524529, -0.0737999975681305, 1.6208699941635132}, {-0.014499999582767487, -0.07383599877357483, 1.6194700002670288},
				{-0.015162999741733074, -0.07394000142812729, 1.6182301044464111}, {-0.016913000494241714, -0.07528000324964523, 1.6238700151443481}, {-0.014340000227093697, -0.07468699663877487, 1.6231800317764282}, {-0.015930000692605972, -0.07573000341653824, 1.6249099969863892}, {-0.018309999257326126, -0.07675299793481827, 1.6271700859069824}, {-0.014039999805390835, -0.07620999962091446, 1.6264899969100952}, {-0.012330000288784504, -0.07545299828052521, 1.624210000038147}, {-0.013252999633550644, -0.07395700365304947, 1.6211800575256348},
				{-0.011266999877989292, -0.07480700314044952, 1.6218600273132324}, {-0.01322299987077713, -0.07395999878644943, 1.6194500923156738}, {-0.011183000169694424, -0.07490299642086029, 1.6197900772094727}, {-0.013772999867796898, -0.07397700101137161, 1.6178100109100342}, {-0.011889999732375145, -0.07488299906253815, 1.618090033531189}, {-0.009050000458955765, -0.07979299873113632, 1.627769947052002}, {-0.011717000044882298, -0.07784699648618698, 1.6274299621582031}, {-0.010083000175654888, -0.07710699737071991, 1.624750018119812},
				{-0.00775330001488328, -0.07895000278949738, 1.6243700981140137}, {-0.007236700039356947, -0.07837700098752975, 1.6209900379180908}, {-0.009373299777507782, -0.07653000205755234, 1.621920108795166}, {-0.009596699848771095, -0.07640299946069717, 1.619379997253418}, {-0.007866700179874897, -0.07798700034618378, 1.6183500289916992}, {-0.010289999656379223, -0.07636699825525284, 1.6173100471496582}, {-0.008726700209081173, -0.07817699760198593, 1.6155800819396973}, {-0.0062500000931322575, -0.08043000102043152, 1.6269099712371826},
				{-0.005200000014156103, -0.07981699705123901, 1.6236799955368042}, {-0.00494999997317791, -0.07976700365543365, 1.6202499866485596}, {-0.005326699931174517, -0.08066300302743912, 1.6165000200271606}, {-0.006560000125318766, -0.08201300352811813, 1.6123299598693848}, {-0.0031500000040978193, -0.08087699860334396, 1.6260499954223633}, {-0.00268330005928874, -0.0804700031876564, 1.6231600046157837}, {-0.006149999797344208, -0.08575300127267838, 1.6077300310134888}, {-0.0033199999015778303, -0.08629599958658218, 1.608299970626831},
				{-0.0031999999191612005, -0.0833669975399971, 1.6125400066375732}, {-0.0026100000832229853, -0.08082299679517746, 1.6199400424957275}, {-0.002859999891370535, -0.0817900002002716, 1.6163499355316162}, {0.0, -0.08128999918699265, 1.6254301071166992}, {0.0, -0.08095300197601318, 1.6227500438690186}, {0.0, -0.08642300218343735, 1.6084699630737305}, {0.0, -0.08371300250291824, 1.6126799583435059}, {0.0, -0.0812000036239624, 1.6196999549865723},
				{0.0, -0.08210700005292892, 1.6163300275802612}, {-0.029927000403404236, -0.07278300076723099, 1.6109299659729004}, {-0.024613000452518463, -0.07360699772834778, 1.611680030822754}, {-0.019912999123334885, -0.07404299825429916, 1.6129200458526611}, {-0.021316999569535255, -0.07422299683094025, 1.6139500141143799}, {-0.016363000497221947, -0.07445000112056732, 1.614590048789978}, {-0.01800999976694584, -0.07410699874162674, 1.6152000427246094}, {-0.04033000022172928, -0.06893700361251831, 1.6119999885559082},
				{-0.039657000452280045, -0.06973999738693237, 1.6136000156402588}, {-0.04292000085115433, -0.06719999760389328, 1.614959955215454}, {-0.044022999703884125, -0.06668999791145325, 1.6137199401855469}, {-0.0493369996547699, -0.06436699628829956, 1.6229701042175293}, {-0.04778299853205681, -0.0649230033159256, 1.6228599548339844}, {-0.04751000180840492, -0.065932996571064, 1.6242200136184692}, {-0.04909700155258179, -0.06530000269412994, 1.624500036239624}, {-0.04887999966740608, -0.06377299875020981, 1.6197500228881836},
				{-0.047377001494169235, -0.0643400028347969, 1.620039939880371}, {-0.0477369986474514, -0.06436000019311905, 1.6216000318527222}, {-0.049219999462366104, -0.06362300366163254, 1.6214100122451782}, {-0.046640001237392426, -0.06747999787330627, 1.6256300210952759}, {-0.048096999526023865, -0.06698700040578842, 1.6261999607086182}, {-0.0462770015001297, -0.06930699944496155, 1.6277300119400024}, {-0.04276299849152565, -0.07299000024795532, 1.6296000480651855}, {-0.03816699981689453, -0.07533299922943115, 1.630210041999817},
				{-0.03861299902200699, -0.07564999908208847, 1.6310300827026367}, {-0.024329999461770058, -0.07844699919223785, 1.6314300298690796}, {-0.025030000135302544, -0.0776429995894432, 1.630560040473938}, {-0.02126999944448471, -0.0775500014424324, 1.6289499998092651}, {-0.020230000838637352, -0.078063003718853, 1.630079984664917}, {-0.033987000584602356, -0.07733999937772751, 1.631119966506958}, {-0.03398999944329262, -0.07790300250053406, 1.631700038909912}, {-0.028776999562978745, -0.0788159966468811, 1.6319000720977783},
				{-0.029423000290989876, -0.07807999849319458, 1.631350040435791}, {-0.016739999875426292, -0.0771699994802475, 1.6285400390625}, {-0.01091699954122305, -0.08058299869298935, 1.630370020866394}, {-0.014202999882400036, -0.07878299802541733, 1.6298000812530518}, {-0.007799999788403511, -0.08167000114917755, 1.6301400661468506}, {-0.003819999983534217, -0.08184000104665756, 1.6292800903320312}, {0.0, -0.08223599940538406, 1.6291100978851318}, {-0.019812999293208122, -0.08250299841165543, 1.6353299617767334},
				{-0.022572999820113182, -0.08020299673080444, 1.6327300071716309}, {-0.01776299998164177, -0.0799029991030693, 1.631500005722046}, {-0.014449999667704105, -0.08178000152111053, 1.632930040359497}, {-0.02637300081551075, -0.0821399986743927, 1.6361700296401978}, {-0.027979999780654907, -0.07999599725008011, 1.633310079574585}, {-0.040456999093294144, -0.07730700075626373, 1.6350899934768677}, {-0.03945999965071678, -0.07636000216007233, 1.6324400901794434}, {-0.03392000123858452, -0.07883299887180328, 1.6331700086593628},
				{-0.033799998462200165, -0.08036000281572342, 1.6360499858856201}, {-0.0465800017118454, -0.07307299971580505, 1.633270025253296}, {-0.04461300000548363, -0.07298000156879425, 1.630769968032837}, {-0.052622999995946884, -0.06127699837088585, 1.6212799549102783}, {-0.05097699910402298, -0.06283999979496002, 1.6213500499725342}, {-0.05102299898862839, -0.06341999769210815, 1.6234800815582275}, {-0.052896998822689056, -0.06210700049996376, 1.6239299774169922}, {-0.05087700113654137, -0.06458999961614609, 1.6253199577331543},
				{-0.05261699855327606, -0.06333000212907791, 1.6262600421905518}, {-0.052246998995542526, -0.06137000024318695, 1.6184101104736328}, {-0.05049699917435646, -0.06285300105810165, 1.6192500591278076}, {-0.0500670000910759, -0.0663599967956543, 1.6268999576568604}, {-0.05189000070095062, -0.06520599871873856, 1.6283600330352783}, {-0.048020001500844955, -0.0689530000090599, 1.6287000179290771}, {-0.04990300163626671, -0.0682229995727539, 1.630769968032837}, {-0.04780999943614006, -0.07258599996566772, 1.6371500492095947},
				{-0.04109000042080879, -0.07773000001907349, 1.6389600038528442}, {-0.05180700123310089, -0.06701300293207169, 1.6336300373077393}, {-0.024947000667452812, -0.0835459977388382, 1.6404900550842285}, {-0.015483000315725803, -0.08439300209283829, 1.6396000385284424}, {-0.010497000068426132, -0.08352299779653549, 1.6344399452209473}, {-0.05479700118303299, -0.05911700055003166, 1.6209499835968018}, {-0.054979998618364334, -0.05987299978733063, 1.624459981918335}, {-0.054747000336647034, -0.06104699894785881, 1.6275999546051025},
				{-0.05423999950289726, -0.05931999906897545, 1.6173900365829468}, {-0.05367700010538101, -0.06329300254583359, 1.6304199695587158}, {-0.0333000011742115, -0.08145300298929214, 1.6401000022888184}, {-0.053530000150203705, -0.06008300185203552, 1.6142899990081787}, {-0.05153699964284897, -0.06191699951887131, 1.615920066833496}, {-0.0049299998208880424, -0.08367300033569336, 1.6343200206756592}, {0.0, -0.08373700082302094, 1.6344000101089478}, {-0.04853000119328499, -0.07164300233125687, 1.641260027885437},
				{-0.04121299833059311, -0.07700999826192856, 1.6435999870300293}, {-0.03329699859023094, -0.080935999751091, 1.6450700759887695}, {-0.02467299997806549, -0.08348999917507172, 1.6457200050354004}, {-0.006686700042337179, -0.08511299639940262, 1.6405799388885498}, {0.0, -0.08482600003480911, 1.6405200958251953}, {-0.015603000298142433, -0.0849199965596199, 1.6458300352096558}, {-0.006823299918323755, -0.08513300120830536, 1.6458100080490112}, {-0.033486999571323395, -0.07989300042390823, 1.650089979171753},
				{-0.024700000882148743, -0.08313599973917007, 1.6511099338531494}, {-0.048847001045942307, -0.06981299817562103, 1.6451400518417358}, {-0.0416329987347126, -0.07557699829339981, 1.6482800245285034}, {0.0, -0.08518999814987183, 1.6461600065231323}, {-0.015650000423192978, -0.08473599702119827, 1.6517400741577148}, {-0.0069599999114871025, -0.08462999761104584, 1.6519200801849365}, {0.0, -0.08483300358057022, 1.6520600318908691}, {-0.056102998554706573, -0.04669699817895889, 1.6651899814605713},
				{-0.05472699925303459, -0.05155299976468086, 1.6614899635314941}, {-0.04804300144314766, -0.06069000065326691, 1.668660044670105}, {-0.0497330017387867, -0.05651000142097473, 1.673200011253357}, {-0.03910300135612488, -0.06808000057935715, 1.6733700037002563}, {-0.040389999747276306, -0.06401299685239792, 1.678629994392395}, {-0.029296999797225, -0.0729999989271164, 1.6765799522399902}, {-0.030006999149918556, -0.06942000240087509, 1.682420015335083}, {-0.05697700008749962, -0.05623700097203255, 1.6164500713348389},
				{-0.05752699822187424, -0.05574300140142441, 1.6208900213241577}, {-0.05745700001716614, -0.05618700012564659, 1.625290036201477}, {-0.05728999897837639, -0.05796999856829643, 1.6291300058364868}, {-0.05601700022816658, -0.06064699962735176, 1.63264000415802}, {-0.053300000727176666, -0.0652260035276413, 1.6366900205612183}, {-0.056102998554706573, -0.05736999958753586, 1.612380027770996}, {-0.05779299885034561, -0.057002998888492584, 1.6350600719451904}, {-0.05464300140738487, -0.0628800019621849, 1.6401900053024292},
				{-0.05939999967813492, -0.05342699959874153, 1.630429983139038}, {-0.06009700149297714, -0.05145600065588951, 1.6254799365997314}, {-0.06283699721097946, -0.029920000582933426, 1.6456100940704346}, {-0.06255300343036652, -0.03458999842405319, 1.6437599658966064}, {-0.05972699820995331, -0.042403001338243484, 1.6532399654388428}, {-0.06032299995422363, -0.037627000361680984, 1.6559700965881348}, {-0.057590000331401825, -0.040800001472234726, 1.669450044631958}, {-0.061142999678850174, -0.03190699964761734, 1.659209966659546},
				{-0.05347999930381775, -0.05607299879193306, 1.6582300662994385}, {-0.05916300043463707, -0.04724700003862381, 1.6505999565124512}, {-0.06455700099468231, -0.02426300011575222, 1.6342101097106934}, {-0.06338699907064438, -0.024567000567913055, 1.6478700637817383}, {-0.06524699926376343, -0.018207000568509102, 1.6354800462722778}, {-0.05120699852705002, 0.038516998291015625, 1.714169979095459}, {-0.048562999814748764, 0.010710000060498714, 1.7169699668884277}, {-0.03654700145125389, 0.01007699966430664, 1.7251300811767578},
				{-0.04125300049781799, 0.041037000715732574, 1.721709966659546}, {0.0, -0.10067000240087509, 1.585960030555725}, {0.0, -0.09993699938058853, 1.5884300470352173}, {-0.0034066999796777964, -0.09932299703359604, 1.5886900424957275}, {-0.0032132999040186405, -0.10017000138759613, 1.5862500667572021}, {-0.0123070003464818, -0.0915369987487793, 1.589709997177124}, {-0.009583299979567528, -0.0954200029373169, 1.5892400741577148}, {-0.009379999712109566, -0.09296999871730804, 1.5935100317001343},
				{-0.011599999852478504, -0.08890700340270996, 1.593709945678711}, {-0.01445700041949749, -0.08690299838781357, 1.590499997138977}, {-0.013403000310063362, -0.08514700084924698, 1.5931700468063354}, {-0.008703299798071384, -0.09055300056934357, 1.5968400239944458}, {-0.01079300045967102, -0.08737300336360931, 1.5969200134277344}, {-0.012887000106275082, -0.08413299918174744, 1.5960099697113037}, {-0.0065067000687122345, -0.09583000093698502, 1.5928200483322144}, {-0.006639999803155661, -0.097850002348423, 1.5890600681304932},
				{-0.003590000094845891, -0.09746000170707703, 1.592210054397583}, {0.0, -0.09771700203418732, 1.5917799472808838}, {0.0, -0.09555000066757202, 1.595060110092163}, {-0.003403299953788519, -0.09509299695491791, 1.5956599712371826}, {-0.006136700045317411, -0.09328699856996536, 1.5962300300598145}, {-0.006639999803155661, -0.09872999787330627, 1.5864800214767456}, {-0.015203000046312809, -0.08125700056552887, 1.5942200422286987}, {-0.01824299991130829, -0.07854299992322922, 1.5902199745178223},
				{-0.017266999930143356, -0.07979299873113632, 1.5884300470352173}, {-0.015452999621629715, -0.0825200006365776, 1.591670036315918}, {-0.00855330005288124, -0.09495300054550171, 1.5797200202941895}, {-0.0064500002190470695, -0.09494999796152115, 1.5784800052642822}, {-0.00569669995456934, -0.09623699635267258, 1.5785800218582153}, {-0.007980000227689743, -0.0963670015335083, 1.5803300142288208}, {-0.017172999680042267, -0.08515699952840805, 1.5829700231552124}, {-0.017869999632239342, -0.08120299875736237, 1.580739974975586},
				{-0.01592000015079975, -0.08349300175905228, 1.579129934310913}, {-0.01614999957382679, -0.08647000044584274, 1.581279993057251}, {-0.005100000184029341, -0.09814699739217758, 1.5802199840545654}, {-0.003800000064074993, -0.09672299772500992, 1.5782400369644165}, {-0.0017800000496208668, -0.0971900001168251, 1.5774600505828857}, {-0.002369999885559082, -0.09927999973297119, 1.5796200037002563}, {-0.00497329980134964, -0.09343300014734268, 1.5775001049041748}, {-0.004089999943971634, -0.094200000166893, 1.5770000219345093},
				{0.0, -0.09733299911022186, 1.577340006828308}, {0.0, -0.09966299682855606, 1.5794700384140015}, {-0.0026233000680804253, -0.09408999979496002, 1.5762900114059448}, {-0.0013767000054940581, -0.09409700334072113, 1.5758800506591797}, {-0.005033299792557955, -0.09068000316619873, 1.5768400430679321}, {-0.00405670003965497, -0.09075000137090683, 1.576080083847046}, {0.0, -0.09408000111579895, 1.5758600234985352}, {-0.0026267000939697027, -0.09090299904346466, 1.5752300024032593},
				{-0.0012832999927923083, -0.09108299762010574, 1.574739933013916}, {-0.006969999987632036, -0.08827000111341476, 1.576200008392334}, {-0.005873300135135651, -0.08870700001716614, 1.5737500190734863}, {0.0, -0.09100300073623657, 1.5745699405670166}, {-0.012070000171661377, -0.08446300029754639, 1.5761799812316895}, {-0.012742999941110611, -0.08432699739933014, 1.5744099617004395}, {-0.009639999829232693, -0.08632300049066544, 1.5739400386810303}, {-0.009560000151395798, -0.08605299890041351, 1.5758800506591797},
				{-0.01363999955356121, -0.0836229994893074, 1.5773799419403076}, {-0.011470000259578228, -0.0849670022726059, 1.5775400400161743}, {-0.012632999569177628, -0.08472300320863724, 1.578220009803772}, {-0.010329999960958958, -0.09272699803113937, 1.5794999599456787}, {-0.008679999969899654, -0.09384000301361084, 1.579430103302002}, {-0.011052999645471573, -0.09335999935865402, 1.58024001121521}, {-0.01299699954688549, -0.08800700306892395, 1.579740047454834}, {-0.011903000064194202, -0.09025699645280838, 1.579800009727478},
				{-0.012719999998807907, -0.09064000099897385, 1.580489993095398}, {-0.014347000047564507, -0.08725299686193466, 1.5802600383758545}, {-0.013150000013411045, -0.08589000254869461, 1.5790600776672363}, {-0.014419999904930592, -0.08454299718141556, 1.5790200233459473}, {-0.007043300196528435, -0.09373699873685837, 1.578660011291504}, {-0.005803300067782402, -0.09254000335931778, 1.5777900218963623}, {-0.005983300041407347, -0.09037700295448303, 1.577720046043396}, {-0.007323300000280142, -0.08818300068378448, 1.5777599811553955},
				{-0.009326700121164322, -0.08631300181150436, 1.5775200128555298}, {-0.014433000236749649, -0.09079699963331223, 1.5818300247192383}, {0.0, -0.10080000013113022, 1.5838600397109985}, {-0.00290669989772141, -0.10034000128507614, 1.5841799974441528}, {-0.00268330005928874, -0.10022000223398209, 1.5819900035858154}, {0.0, -0.10062000155448914, 1.581779956817627}, {-0.0115130003541708, -0.09429299831390381, 1.5812300443649292}, {-0.00955669954419136, -0.09663700312376022, 1.5864900350570679},
				{-0.012527000159025192, -0.0932300016283989, 1.5872700214385986}, {-0.016300000250339508, -0.08329299837350845, 1.5895299911499023}, {-0.016759999096393585, -0.08405300229787827, 1.587730050086975}, {-0.01502699963748455, -0.08823700249195099, 1.5884100198745728}, {-0.01744999922811985, -0.08083000034093857, 1.587090015411377}, {-0.017506999894976616, -0.08160699903964996, 1.586359977722168}, {-0.015057000331580639, -0.08279299736022949, 1.5759000778198242}, {-0.024539999663829803, -0.07662700116634369, 1.5877000093460083},
