Metric (key = "distance") {float {1.0}}
Metric (key = "angle") {float {1.0}}
Metric (key = "time") {float {1.0}}
Metric (key = "up") {string {"z"}}

Node $node1
{
	Name {string {"Avatar"}}

	Transform
	{
		float[16]
		{
			{1.0, 0.0, 0.0, 0.0,
			 0.0, 1.0, 0.0, 0.0,
			 0.0, 0.0, 1.0, 0.0,
			 0.0, 0.0, 0.0, 1.0}
		}
	}

	BoneNode $node2
	{
		Name {string {"Root"}}

		Transform
		{
			float[16]
			{
				{4.371138828673793e-08, 0.0, 1.0, 0.0,
				 0.0, -0.9999999403953552, 0.0, 0.0,
				 1.0, 0.0, -4.371138828673793e-08, 0.0,
				 0.0, 0.026580000296235085, 0.0, 1.0}
			}
		}

		BoneNode $node3
		{
			Name {string {"pelvis"}}

			Transform
			{
				float[16]
				{
					{1.3932508124980814e-07, -6.40714716837465e-08, 0.9999998807907104, 0.0,
					 0.9394333362579346, -0.342731237411499, -3.552713678800501e-15, 0.0,
					 0.342731237411499, 0.9394335150718689, 1.6805268288067055e-08, 0.0,
					 0.9236400127410889, 0.029629996046423912, -4.0373588916509107e-08, 1.0}
				}
			}

			BoneNode $node4
			{
				Name {string {"spine_01"}}

				Transform
				{
					float[16]
					{
						{1.0, 4.1063934475005226e-08, 3.1786534293587465e-08, 0.0,
						 -5.107833800366279e-08, 0.8881605267524719, 0.4595332145690918, 0.0,
						 -9.361301955834733e-09, -0.4595331847667694, 0.8881605863571167, 0.0,
						 -4.9182879990894435e-14, 0.09305576980113983, 1.1585652828216553e-06, 1.0}
					}
				}

				BoneNode $node5
				{
					Name {string {"spine_02"}}

					Transform
					{
						float[16]
						{
							{1.0, 0.0, 0.0, 0.0,
							 4.278386286471047e-15, 0.9634068012237549, -0.2680431604385376, 0.0,
							 1.1903507532486373e-15, 0.2680431604385376, 0.9634069204330444, 0.0,
							 -1.3511064893300707e-16, 0.07041291147470474, 4.023313522338867e-07, 1.0}
						}
					}

					BoneNode $node6
					{
						Name {string {"spine_03"}}

						Transform
						{
							float[16]
							{
								{1.0, -3.552713678800501e-15, 0.0, 0.0,
								 7.257520328033309e-29, 0.9998969435691833, -0.014352977275848389, 0.0,
								 1.1194697338087515e-22, 0.014352992177009583, 0.9998970031738281, 0.0,
								 4.938268256941575e-22, 0.060523975640535355, -7.301568984985352e-07, 1.0}
							}
						}

						BoneNode $node7
						{
							Name {string {"clavicle_l"}}

							Transform
							{
								float[16]
								{
									{-0.1778988093137741, -0.9819377660751343, -0.06442160159349442, 0.0,
									 0.9831074476242065, -0.17448444664478302, -0.05527160316705704, 0.0,
									 0.04303271323442459, -0.07316610962152481, 0.9963909387588501, 0.0,
									 0.022776002064347267, 0.25705215334892273, 0.09251302480697632, 1.0}
								}
							}

							BoneNode $node8
							{
								Name {string {"upperarm_l"}}

								Transform
								{
									float[16]
									{
										{0.7831150889396667, -0.621545672416687, -0.020293395966291428, 0.0,
										 0.6203675270080566, 0.78307044506073, -0.04409801959991455, 0.0,
										 0.0433000847697258, 0.021944459527730942, 0.9988211989402771, 0.0,
										 6.808433681726456e-06, 0.1665283590555191, -8.633360266685486e-07, 1.0}
									}
								}

								BoneNode $node9
								{
									Name {string {"lowerarm_l"}}

									Transform
									{
										float[16]
										{
											{0.999779462814331, 0.020970623940229416, -0.0011510010808706284, 0.0,
											 -0.013577327132225037, 0.687171995639801, 0.726367712020874, 0.0,
											 0.016023293137550354, -0.7261919379234314, 0.6873051524162292, 0.0,
											 -6.721704266965389e-06, 0.2520064115524292, 8.605420589447021e-07, 1.0}
										}
									}

									BoneNode $node10
									{
										Name {string {"hand_l"}}

										Transform
										{
											float[16]
											{
												{0.6540893316268921, 0.05043196305632591, -0.7547343373298645, 0.0,
												 0.12026811391115189, 0.9781486988067627, 0.16959086060523987, 0.0,
												 0.746795117855072, -0.20169803500175476, 0.6337311863899231, 0.0,
												 -7.292255759239197e-07, 0.2674756646156311, -2.0563602447509766e-06, 1.0}
											}
										}

										BoneNode $node11
										{
											Name {string {"index_01_l"}}

											Transform
											{
												float[16]
												{
													{0.5487708449363708, 0.09915183484554291, -0.8300721049308777, 0.0,
													 0.11145565658807755, 0.9753990769386292, 0.19019584357738495, 0.0,
													 0.8285097479820251, -0.1968902200460434, 0.5242194533348083, 0.0,
													 -0.014060046523809433, 0.11556077003479004, 0.009924151003360748, 1.0}
												}
											}

											BoneNode $node12
											{
												Name {string {"index_02_l"}}

												Transform
												{
													float[16]
													{
														{0.9999009370803833, 0.01350904256105423, -0.003949254751205444, 0.0,
														 -0.012367524206638336, 0.9772749543190002, 0.21161425113677979, 0.0,
														 0.006718248128890991, -0.21154440939426422, 0.9773452877998352, 0.0,
														 7.301568984985352e-07, 0.028373248875141144, -2.115964889526367e-06, 1.0}
													}
												}

												BoneNode $node13
												{
													Name {string {"index_03_l"}}

													Transform
													{
														float[16]
														{
															{0.9993934631347656, 0.03476586192846298, 0.001978456974029541, 0.0,
															 -0.03474707901477814, 0.9919026494026184, 0.12215478718280792, 0.0,
															 0.002284437417984009, -0.12214945256710052, 0.992509126663208, 0.0,
															 1.6391277313232422e-06, 0.02542111836373806, 1.9669532775878906e-06, 1.0}
														}
													}
												}
											}
										}

										BoneNode $node14
										{
											Name {string {"middle_01_l"}}

											Transform
											{
												float[16]
												{
													{0.6217278838157654, -0.19428113102912903, -0.7587549686431885, 0.0,
													 0.3560018837451935, 0.9329916834831238, 0.052815016359090805, 0.0,
													 0.6976510882377625, -0.3029547333717346, 0.6492311954498291, 0.0,
													 0.0035344213247299194, 0.11175104975700378, -0.012785203754901886, 1.0}
												}
											}

											BoneNode $node15
											{
												Name {string {"middle_02_l"}}

												Transform
												{
													float[16]
													{
														{0.9972150325775146, 0.07457749545574188, 0.0005065798759460449, 0.0,
														 -0.07431311905384064, 0.993060827255249, 0.09114792197942734, 0.0,
														 0.006294533610343933, -0.0909317284822464, 0.9958372116088867, 0.0,
														 -1.4603137969970703e-06, 0.03696153312921524, -3.6954879760742188e-06, 1.0}
													}
												}

												BoneNode $node16
												{
													Name {string {"middle_03_l"}}

													Transform
													{
														float[16]
														{
															{0.9999364614486694, -0.011243540793657303, -0.0007817894220352173, 0.0,
															 0.011244265362620354, 0.9904380440711975, 0.13749927282333374, 0.0,
															 -0.0007716268301010132, -0.13749930262565613, 0.9905015826225281, 0.0,
															 1.7881393432617188e-07, 0.03009660914540291, 5.662441253662109e-07, 1.0}
														}
													}
												}
											}
										}

										BoneNode $node17
										{
											Name {string {"pinky_01_l"}}

											Transform
											{
												float[16]
												{
													{0.6549110412597656, -0.5206573009490967, -0.5477293729782104, 0.0,
													 0.5757120847702026, 0.8132547736167908, -0.08468931913375854, 0.0,
													 0.48953762650489807, -0.2598705589771271, 0.832358181476593, 0.0,
													 0.03710801899433136, 0.09095889329910278, -0.034797146916389465, 1.0}
												}
											}

											BoneNode $node18
											{
												Name {string {"pinky_02_l"}}

												Transform
												{
													float[16]
													{
														{0.9990591406822205, 0.0433327779173851, 0.0017520338296890259, 0.0,
														 -0.04302755743265152, 0.9853481650352478, 0.1650380790233612, 0.0,
														 0.005425162613391876, -0.16495823860168457, 0.9862856268882751, 0.0,
														 -6.556510925292969e-06, 0.023350179195404053, 6.57886266708374e-06, 1.0}
													}
												}

												BoneNode $node19
												{
													Name {string {"pinky_03_l"}}

													Transform
													{
														float[16]
														{
															{0.999819278717041, -0.0190118458122015, 0.0001101270318031311, 0.0,
															 0.01901167631149292, 0.9997318387031555, -0.013218164443969727, 0.0,
															 0.00014121085405349731, 0.01321786642074585, 0.9999126195907593, 0.0,
															 1.9818544387817383e-06, 0.017085883766412735, -2.6747584342956543e-06, 1.0}
														}
													}
												}
											}
										}

										BoneNode $node20
										{
											Name {string {"ring_01_l"}}

											Transform
											{
												float[16]
												{
													{0.60106360912323, -0.37436532974243164, -0.7060970664024353, 0.0,
													 0.4563243091106415, 0.8860869407653809, -0.0813491940498352, 0.0,
													 0.6561177372932434, -0.2733132243156433, 0.703426718711853, 0.0,
													 0.018720127642154694, 0.10316289961338043, -0.026613187044858932, 1.0}
												}
											}

											BoneNode $node21
											{
												Name {string {"ring_02_l"}}

												Transform
												{
													float[16]
													{
														{0.9957791566848755, 0.09172692894935608, 0.003161802887916565, 0.0,
														 -0.09150832146406174, 0.9895718097686768, 0.11123731732368469, 0.0,
														 0.007074624300003052, -0.1110570877790451, 0.9937888383865356, 0.0,
														 -1.773238182067871e-06, 0.03256003558635712, -1.735985279083252e-06, 1.0}
													}
												}

												BoneNode $node22
												{
													Name {string {"ring_03_l"}}

													Transform
													{
														float[16]
														{
															{0.9984939098358154, -0.05474737286567688, -0.0035512149333953857, 0.0,
															 0.05473020300269127, 0.9895090460777283, 0.13370269536972046, 0.0,
															 -0.003805913031101227, -0.13369570672512054, 0.9910150766372681, 0.0,
															 9.08970832824707e-07, 0.0272064208984375, -1.9744038581848145e-06, 1.0}
														}
													}
												}
											}
										}

										BoneNode $node23
										{
											Name {string {"thumb_01_l"}}

											Transform
											{
												float[16]
												{
													{-0.4328346848487854, 0.7967270016670227, -0.4217585027217865, 0.0,
													 -0.002291962504386902, 0.46688055992126465, 0.8843173980712891, 0.0,
													 0.9014704823493958, 0.3837299346923828, -0.20025594532489777, 0.0,
													 -0.01582152396440506, 0.04371879994869232, 0.016016725450754166, 1.0}
												}
											}

											BoneNode $node24
											{
												Name {string {"thumb_02_l"}}

												Transform
												{
													float[16]
													{
														{0.9311068654060364, -0.3646378815174103, 0.008888870477676392, 0.0,
														 0.36020463705062866, 0.9230743050575256, 0.1348569393157959, 0.0,
														 -0.05737901106476784, -0.12236440181732178, 0.9908252358436584, 0.0,
														 1.862645149230957e-06, 0.033709168434143066, 3.0547380447387695e-07, 1.0}
													}
												}

												BoneNode $node25
												{
													Name {string {"thumb_03_l"}}

													Transform
													{
														float[16]
														{
															{0.9978368282318115, -0.06573948264122009, -3.509223461151123e-06, 0.0,
															 0.0629570409655571, 0.9555883407592773, 0.28790193796157837, 0.0,
															 -0.018923155963420868, -0.28727948665618896, 0.957659900188446, 0.0,
															 4.112720489501953e-06, 0.039927512407302856, -5.289912223815918e-07, 1.0}
														}
													}
												}
											}
										}
									}
								}
							}
						}

						BoneNode $node26
						{
							Name {string {"clavicle_r"}}

							Transform
							{
								float[16]
								{
									{-0.1778983473777771, 0.9819378852844238, 0.06442160159349442, 0.0,
									 -0.9831074476242065, -0.17448413372039795, -0.0552716925740242, 0.0,
									 -0.04303281754255295, -0.07316609472036362, 0.9963909387588501, 0.0,
									 -0.022776002064347267, 0.25705215334892273, 0.09251302480697632, 1.0}
								}
							}

							BoneNode $node27
							{
								Name {string {"upperarm_r"}}

								Transform
								{
									float[16]
									{
										{0.7831148505210876, 0.6215457916259766, 0.020293455570936203, 0.0,
										 -0.6203678250312805, 0.7830703258514404, -0.04409800469875336, 0.0,
										 -0.043300140649080276, 0.02194439060986042, 0.9988211393356323, 0.0,
										 -6.815651431679726e-06, 0.1665283590555191, -8.866190910339355e-07, 1.0}
									}
								}

								BoneNode $node28
								{
									Name {string {"lowerarm_r"}}

									Transform
									{
										float[16]
										{
											{0.999779462814331, -0.02097071148455143, 0.0011510569602251053, 0.0,
											 0.013577330857515335, 0.6871720552444458, 0.7263678312301636, 0.0,
											 -0.016023367643356323, -0.726192057132721, 0.6873051524162292, 0.0,
											 6.691785529255867e-06, 0.2520063817501068, 8.633360266685486e-07, 1.0}
										}
									}

									BoneNode $node29
									{
										Name {string {"hand_r"}}

										Transform
										{
											float[16]
											{
												{0.6540893912315369, -0.050432197749614716, 0.7547341585159302, 0.0,
												 -0.12026795744895935, 0.978148341178894, 0.169591024518013, 0.0,
												 -0.7467949390411377, -0.20169807970523834, 0.6337310671806335, 0.0,
												 6.817281246185303e-07, 0.26747554540634155, -2.1010637283325195e-06, 1.0}
											}
										}

										BoneNode $node30
										{
											Name {string {"index_01_r"}}

											Transform
											{
												float[16]
												{
													{0.548770546913147, -0.09915195405483246, 0.8300721049308777, 0.0,
													 -0.11145585030317307, 0.9753990769386292, 0.19019605219364166, 0.0,
													 -0.8285097479820251, -0.1968904584646225, 0.5242192149162292, 0.0,
													 0.014060024172067642, 0.11556071043014526, 0.00992416962981224, 1.0}
												}
											}

											BoneNode $node31
											{
												Name {string {"index_02_r"}}

												Transform
												{
													float[16]
													{
														{0.9999009370803833, -0.013508960604667664, 0.003948822617530823, 0.0,
														 0.012367527931928635, 0.9772749543190002, 0.21161428093910217, 0.0,
														 -0.006717786192893982, -0.2115444540977478, 0.9773452877998352, 0.0,
														 -8.046627044677734e-07, 0.02837330847978592, -2.1904706954956055e-06, 1.0}
													}
												}

												BoneNode $node32
												{
													Name {string {"index_03_r"}}

													Transform
													{
														float[16]
														{
															{0.9993934631347656, -0.03476572409272194, -0.0019783377647399902, 0.0,
															 0.03474699705839157, 0.9919026494026184, 0.12215474247932434, 0.0,
															 -0.0022844523191452026, -0.12214945256710052, 0.9925090670585632, 0.0,
															 -1.7434358596801758e-06, 0.025421155616641045, 1.996755599975586e-06, 1.0}
														}
													}
												}
											}
										}

										BoneNode $node33
										{
											Name {string {"middle_01_r"}}

											Transform
											{
												float[16]
												{
													{0.6217277646064758, 0.19428104162216187, 0.7587552666664124, 0.0,
													 -0.35600200295448303, 0.932991623878479, 0.05281519144773483, 0.0,
													 -0.6976511478424072, -0.30295512080192566, 0.6492311954498291, 0.0,
													 -0.00353444367647171, 0.11175099015235901, -0.012785177677869797, 1.0}
												}
											}

											BoneNode $node34
											{
												Name {string {"middle_02_r"}}

												Transform
												{
													float[16]
													{
														{0.9972150921821594, -0.07457754015922546, -0.000506862998008728, 0.0,
														 0.07431316375732422, 0.9930607676506042, 0.09114784002304077, 0.0,
														 -0.006294220685958862, -0.09093160927295685, 0.9958372116088867, 0.0,
														 1.430511474609375e-06, 0.036961473524570465, -3.807246685028076e-06, 1.0}
													}
												}

												BoneNode $node35
												{
													Name {string {"middle_03_r"}}

													Transform
													{
														float[16]
														{
															{0.9999364614486694, 0.011243510991334915, 0.0007817894220352173, 0.0,
															 -0.011244197376072407, 0.9904380440711975, 0.13749925792217255, 0.0,
															 0.0007715970277786255, -0.13749928772449493, 0.9905016422271729, 0.0,
															 -1.4901161193847656e-07, 0.03009653463959694, 5.960464477539062e-07, 1.0}
														}
													}
												}
											}
										}

										BoneNode $node36
										{
											Name {string {"pinky_01_r"}}

											Transform
											{
												float[16]
												{
													{0.6549109220504761, 0.5206572413444519, 0.5477294921875, 0.0,
													 -0.5757119655609131, 0.813254714012146, -0.0846894383430481, 0.0,
													 -0.4895378351211548, -0.2598704993724823, 0.8323581218719482, 0.0,
													 -0.03710802644491196, 0.09095880389213562, -0.03479711711406708, 1.0}
												}
											}

											BoneNode $node37
											{
												Name {string {"pinky_02_r"}}

												Transform
												{
													float[16]
													{
														{0.9990592002868652, -0.04333280771970749, -0.0017522871494293213, 0.0,
														 0.0430276021361351, 0.9853482246398926, 0.165038600564003, 0.0,
														 -0.005425006151199341, -0.1649586260318756, 0.9862854480743408, 0.0,
														 6.586313247680664e-06, 0.023350022733211517, 6.686896085739136e-06, 1.0}
													}
												}

												BoneNode $node38
												{
													Name {string {"pinky_03_r"}}

													Transform
													{
														float[16]
														{
															{0.999819278717041, 0.019011886790394783, -0.00011014938354492188, 0.0,
															 -0.01901165395975113, 0.9997318387031555, -0.013218224048614502, 0.0,
															 -0.00014118850231170654, 0.013217948377132416, 0.9999126195907593, 0.0,
															 -1.9222497940063477e-06, 0.01708582043647766, -2.596527338027954e-06, 1.0}
														}
													}
												}
											}
										}

										BoneNode $node39
										{
											Name {string {"ring_01_r"}}

											Transform
											{
												float[16]
												{
													{0.6010633111000061, 0.3743656277656555, 0.7060972452163696, 0.0,
													 -0.45632484555244446, 0.8860868811607361, -0.08134908974170685, 0.0,
													 -0.6561176776885986, -0.2733137011528015, 0.703426718711853, 0.0,
													 -0.018720127642154694, 0.10316282510757446, -0.02661316841840744, 1.0}
												}
											}

											BoneNode $node40
											{
												Name {string {"ring_02_r"}}

												Transform
												{
													float[16]
													{
														{0.9957791566848755, -0.09172716736793518, -0.003162071108818054, 0.0,
														 0.09150859713554382, 0.9895718693733215, 0.11123713850975037, 0.0,
														 -0.007074370980262756, -0.11105690896511078, 0.9937888383865356, 0.0,
														 1.8030405044555664e-06, 0.03256005048751831, -1.7210841178894043e-06, 1.0}
													}
												}

												BoneNode $node41
												{
													Name {string {"ring_03_r"}}

													Transform
													{
														float[16]
														{
															{0.9984938502311707, 0.054747357964515686, 0.003551170229911804, 0.0,
															 -0.054730143398046494, 0.9895090460777283, 0.13370279967784882, 0.0,
															 0.0038059428334236145, -0.1336957961320877, 0.9910151958465576, 0.0,
															 -8.493661880493164e-07, 0.027206435799598694, -2.0638108253479004e-06, 1.0}
														}
													}
												}
											}
										}

										BoneNode $node42
										{
											Name {string {"thumb_01_r"}}

											Transform
											{
												float[16]
												{
													{-0.43283480405807495, -0.7967270612716675, 0.4217584729194641, 0.0,
													 0.0022916942834854126, 0.4668807089328766, 0.8843173384666443, 0.0,
													 -0.9014702439308167, 0.38372984528541565, -0.2002563327550888, 0.0,
													 0.015821509063243866, 0.04371872544288635, 0.016016699373722076, 1.0}
												}
											}

											BoneNode $node43
											{
												Name {string {"thumb_02_r"}}

												Transform
												{
													float[16]
													{
														{0.9311070442199707, 0.3646377921104431, -0.008889485150575638, 0.0,
														 -0.3602046072483063, 0.9230743050575256, 0.1348569542169571, 0.0,
														 0.05737961828708649, -0.12236417829990387, 0.9908252954483032, 0.0,
														 -1.9334256649017334e-06, 0.033709123730659485, 2.682209014892578e-07, 1.0}
													}
												}

												BoneNode $node44
												{
													Name {string {"thumb_03_r"}}

													Transform
													{
														float[16]
														{
															{0.9978367686271667, 0.06573934853076935, 3.5241246223449707e-06, 0.0,
															 -0.06295695900917053, 0.9555882811546326, 0.2879018783569336, 0.0,
															 0.018923133611679077, -0.2872792184352875, 0.9576599597930908, 0.0,
															 -4.112720489501953e-06, 0.039927467703819275, -6.258487701416016e-07, 1.0}
														}
													}
												}
											}
										}
									}
								}
							}
						}

						BoneNode $node45
						{
							Name {string {"neck_01"}}

							Transform
							{
								float[16]
								{
									{1.0, -2.6645352591003757e-15, 0.0, 0.0,
									 -2.0802597141995622e-16, 0.8701417446136475, 0.49280136823654175, 0.0,
									 -2.08449489119814e-22, -0.49280136823654175, 0.8701418042182922, 0.0,
									 6.170767369645586e-22, 0.3322943150997162, 0.09356705844402313, 1.0}
								}
							}

							BoneNode $node46
							{
								Name {string {"head"}}

								Transform
								{
									float[16]
									{
										{1.0, -1.7763568394002505e-15, 0.0, 0.0,
										 2.1720635273031474e-16, 0.9214192628860474, -0.38856974244117737, 0.0,
										 8.08327379682821e-17, 0.388569712638855, 0.9214193224906921, 0.0,
										 -1.326322040595614e-16, 0.10315198451280594, -1.125037670135498e-06, 1.0}
									}
								}
							}
						}
					}
				}
			}

			BoneNode $node47
			{
				Name {string {"thigh_l"}}

				Transform
				{
					float[16]
					{
						{0.9001852869987488, 0.20162400603294373, -0.38602519035339355, 0.0,
						 0.10253007709980011, -0.9595785140991211, -0.26210102438926697, 0.0,
						 -0.42327070236206055, 0.1963592767715454, -0.8844725489616394, 0.0,
						 0.10850001871585846, -0.001017934875562787, -0.011739938519895077, 1.0}
					}
				}

				BoneNode $node48
				{
					Name {string {"calf_l"}}

					Transform
					{
						float[16]
						{
							{0.8918696641921997, -0.0013497588224709034, -0.4522905945777893, 0.0,
							 0.050650760531425476, 0.994003415107727, 0.09691160917282104, 0.0,
							 0.4494474530220032, -0.10934139043092728, 0.886589765548706, 0.0,
							 -4.277564585208893e-06, 0.4175865650177002, 3.118067979812622e-06, 1.0}
						}
					}

					BoneNode $node49
					{
						Name {string {"foot_l"}}

						Transform
						{
							float[16]
							{
								{1.0, 1.9448925741016865e-06, 4.591420292854309e-07, 0.0,
								 -4.023313522338867e-07, 0.4261821508407593, -0.9046374559402466, 0.0,
								 -1.9408762454986572e-06, 0.9046373963356018, 0.4261821508407593, 0.0,
								 -8.071365300565958e-07, 0.43619728088378906, -2.6333145797252655e-07, 1.0}
							}
						}

						BoneNode $node50
						{
							Name {string {"ball_l"}}

							Transform
							{
								float[16]
								{
									{0.9992023706436157, 0.012189395725727081, -0.03802451491355896, 0.0,
									 -0.030274735763669014, 0.8521782755851746, -0.5223749876022339, 0.0,
									 0.026036236435174942, 0.5231095552444458, 0.85186767578125, 0.0,
									 2.8947251848876476e-06, 0.14059118926525116, -4.026107490062714e-06, 1.0}
								}
							}
						}
					}
				}
			}

			BoneNode $node51
			{
				Name {string {"thigh_r"}}

				Transform
				{
					float[16]
					{
						{0.9001840353012085, -0.20162394642829895, 0.3860268294811249, 0.0,
						 -0.10253000259399414, -0.9595785140991211, -0.26210105419158936, 0.0,
						 0.42326968908309937, 0.19635963439941406, -0.8844699859619141, 0.0,
						 -0.10850000381469727, -0.001017910661175847, -0.011739945039153099, 1.0}
					}
				}

				BoneNode $node52
				{
					Name {string {"calf_r"}}

					Transform
					{
						float[16]
						{
							{0.8918697237968445, 0.0013497037580236793, 0.4522903859615326, 0.0,
							 -0.05065074563026428, 0.9940032362937927, 0.0969117283821106, 0.0,
							 -0.44944727420806885, -0.10934148728847504, 0.8865898847579956, 0.0,
							 4.2496249079704285e-06, 0.4175865352153778, 3.11434268951416e-06, 1.0}
						}
					}

					BoneNode $node53
					{
						Name {string {"foot_r"}}

						Transform
						{
							float[16]
							{
								{0.9999998807907104, -1.9319704733788967e-06, -7.778871804475784e-07, 0.0,
								 1.1734664440155029e-07, 0.4261810779571533, -0.9046378135681152, 0.0,
								 2.0954757928848267e-06, 0.9046378135681152, 0.4261811375617981, 0.0,
								 8.249480742961168e-07, 0.43619734048843384, -2.658925950527191e-07, 1.0}
							}
						}

						BoneNode $node54
						{
							Name {string {"ball_r"}}

							Transform
							{
								float[16]
								{
									{0.9992024302482605, -0.01218942180275917, 0.03802451491355896, 0.0,
									 0.03027474880218506, 0.8521785736083984, -0.5223746299743652, 0.0,
									 -0.026036232709884644, 0.5231091380119324, 0.8518679141998291, 0.0,
									 -2.8666690923273563e-06, 0.1405913084745407, -4.030764102935791e-06, 1.0}
								}
							}
						}
					}
				}
			}
		}
	}

	GeometryNode $node55
	{
		Name {string {"Avatar:Body"}}
		ObjectRef {ref {$geometry1}}
		MaterialRef (index = 0) {ref {$material1}}

		Transform
		{
			float[16]
			{
				{1.0, 0.0, 0.0, 0.0,
				 0.0, 1.0, 0.0, 0.0,
				 0.0, 0.0, 1.0, 0.0,
				 0.0, 0.0, 0.0, 1.0}
			}
		}
	}

	GeometryNode $node56
	{
		Name {string {"Avatar:Male_casualsuit01"}}
		ObjectRef {ref {$geometry2}}
		MaterialRef (index = 0) {ref {$material2}}

		Transform
		{
			float[16]
			{
				{1.0, 0.0, 0.0, 0.0,
				 0.0, 1.0, 0.0, 0.0,
				 0.0, 0.0, 1.0, 0.0,
				 0.0, 0.0, 0.0, 1.0}
			}
		}
	}

	GeometryNode $node57
	{
		Name {string {"Avatar:Shoes05"}}
		ObjectRef {ref {$geometry3}}
		MaterialRef (index = 0) {ref {$material3}}

		Transform
		{
			float[16]
			{
				{1.0, 0.0, 0.0, 0.0,
				 0.0, 1.0, 0.0, 0.0,
				 0.0, 0.0, 1.0, 0.0,
				 0.0, 0.0, 0.0, 1.0}
			}
		}
	}
}

GeometryObject $geometry1		// Avatar:Body
{
	Mesh (primitive = "triangles")
	{
		VertexArray (attrib = "position")
		{
			float[3]		// 4109
			{
				{-0.05805300176143646, -0.03629999980330467, 1.4882900714874268}, {-0.053376998752355576, -0.04017699882388115, 1.4996099472045898}, {-0.05675699934363365, -0.03101000003516674, 1.5046600103378296}, {-0.060669999569654465, -0.02725999988615513, 1.4934000968933105}, {-0.06388700008392334, -0.032092999666929245, 1.4786601066589355}, {-0.06714700162410736, -0.023036999627947807, 1.4850000143051147}, {-0.07227999716997147, -0.02801699936389923, 1.4718999862670898}, {-0.07553700357675552, -0.01923700049519539, 1.4774301052093506},
				{-0.050939999520778656, -0.050687000155448914, 1.4791300296783447}, {-0.04749700054526329, -0.05437000095844269, 1.491529941558838}, {-0.0510529987514019, -0.04766299948096275, 1.4958000183105469}, {-0.055383000522851944, -0.04400999844074249, 1.4836599826812744}, {-0.0581200011074543, -0.04658700153231621, 1.4691100120544434}, {-0.06118300184607506, -0.03950300067663193, 1.4736499786376953}, {-0.06508699804544449, -0.041930001229047775, 1.460510015487671}, {-0.06984300166368484, -0.03551299870014191, 1.4666399955749512},
				{-0.02572299912571907, -0.07534299790859222, 1.46409010887146}, {-0.01882000081241131, -0.078063003718853, 1.4625400304794312}, {-0.01711300015449524, -0.08137299865484238, 1.4755100011825562}, {-0.023089999333024025, -0.07869300246238708, 1.47747004032135}, {-0.013946999795734882, -0.0762069970369339, 1.447930097579956}, {-0.012196999974548817, -0.07993300259113312, 1.4609700441360474}, {-0.02111699990928173, -0.07457999885082245, 1.449660062789917}, {-0.011463000439107418, -0.08441700041294098, 1.473580002784729},
				{-0.006023299880325794, -0.08100699633359909, 1.459670066833496}, {-0.005726700183004141, -0.0859370008111, 1.4723700284957886}, {-0.00686000008136034, -0.07701700180768967, 1.4465100765228271}, {-0.02800700068473816, -0.07186699658632278, 1.4514800310134888}, {-0.016603000462055206, -0.07382000237703323, 1.43586003780365}, {-0.008116699755191803, -0.0748400017619133, 1.434440016746521}, {0.0, -0.07723700255155563, 1.445930004119873}, {0.0, -0.08159700036048889, 1.459049940109253},
				{-0.033486999571323395, -0.06904999911785126, 1.4405500888824463}, {-0.0251499991863966, -0.07208000123500824, 1.4379500150680542}, {-0.0604729987680912, -0.048643000423908234, 1.455880045890808}, {-0.052650000900030136, -0.05378299951553345, 1.4645800590515137}, {-0.04661700129508972, -0.05770700052380562, 1.4756799936294556}, {-0.043372999876737595, -0.06062300130724907, 1.4883400201797485}, {-0.0675870031118393, -0.013532999902963638, 1.4900500774383545}, {-0.07593999803066254, -0.009893300011754036, 1.4820499420166016},
				{-0.06088700145483017, -0.016503000631928444, 1.4990700483322144}, {-0.05646299943327904, -0.019912999123334885, 1.509160041809082}, {-0.06475000083446503, -0.004473300185054541, 1.4924800395965576}, {-0.07232999801635742, -0.0008699999889358878, 1.483430027961731}, {-0.05448300018906593, -0.00949000008404255, 1.5142199993133545}, {-0.05827299878001213, -0.00688329990953207, 1.5029799938201904}, {-0.05903699994087219, 0.0038866999093443155, 1.494320034980774}, {-0.06733299791812897, 0.00784670002758503, 1.484320044517517},
				{-0.048170000314712524, -0.000699999975040555, 1.5175800323486328}, {-0.052232999354600906, 0.0011467000003904104, 1.5060100555419922}, {-0.05079999938607216, 0.011703000403940678, 1.4950799942016602}, {-0.05961000174283981, 0.01572299934923649, 1.483680009841919}, {-0.039817001670598984, 0.006219999864697456, 1.5200300216674805}, {-0.04350300133228302, 0.00891330000013113, 1.5080299377441406}, {-0.0410970002412796, 0.0183470007032156, 1.4945399761199951}, {-0.049570001661777496, 0.022700000554323196, 1.4813799858093262},
				{-0.031863000243902206, 0.012179999612271786, 1.5219800472259521}, {-0.03451300039887428, 0.01498700026422739, 1.508970022201538}, {-0.029472999274730682, 0.02319999970495701, 1.493499994277954}, {-0.03743999823927879, 0.027953000739216805, 1.4789299964904785}, {-0.023322999477386475, 0.015990000218153, 1.5240199565887451}, {-0.025053000077605247, 0.018706999719142914, 1.5099000930786133}, {-0.007863299921154976, 0.02485699951648712, 1.4923100471496582}, {0.0, 0.02474999986588955, 1.492340087890625},
				{0.0, 0.030943000689148903, 1.4740999937057495}, {-0.009966700337827206, 0.03092999942600727, 1.4747700691223145}, {-0.007376700174063444, 0.018943000584840775, 1.5259900093078613}, {0.0, 0.019116999581456184, 1.5267300605773926}, {0.0, 0.02119000069797039, 1.5113000869750977}, {-0.007383299991488457, 0.021143000572919846, 1.5108699798583984}, {0.0, -0.0866599977016449, 1.4718999862670898}, {0.0, -0.07510700076818466, 1.433880090713501},
				{-0.034453000873327255, -0.06880000233650208, 1.453890085220337}, {-0.04072999954223633, -0.06513000279664993, 1.4434800148010254}, {-0.030880000442266464, -0.07199999690055847, 1.4661099910736084}, {-0.02840700000524521, -0.07484299689531326, 1.4797999858856201}, {-0.041127000004053116, -0.06394000351428986, 1.4714699983596802}, {-0.03717000037431717, -0.06687700003385544, 1.4852099418640137}, {-0.04648999869823456, -0.05950700119137764, 1.4606399536132812}, {-0.05397700145840645, -0.054680000990629196, 1.4509201049804688},
				{-0.015153000131249428, 0.01801300048828125, 1.5252100229263306}, {-0.016137000173330307, 0.02047000080347061, 1.5102300643920898}, {-0.018470000475645065, 0.02466999925673008, 1.4927799701690674}, {-0.02313300035893917, 0.030167000368237495, 1.4763400554656982}, {-0.12025000154972076, -0.039076998829841614, 1.4354500770568848}, {-0.14844000339508057, -0.046539999544620514, 1.4343700408935547}, {-0.1412999927997589, -0.05423000082373619, 1.4294400215148926}, {-0.11633999645709991, -0.04710699990391731, 1.4285600185394287},
				{-0.13044999539852142, -0.0612029992043972, 1.4207299947738647}, {-0.11020000278949738, -0.05716000124812126, 1.4229400157928467}, {-0.10130999982357025, -0.0771230012178421, 1.4018900394439697}, {-0.12748999893665314, -0.08072999864816666, 1.3921400308609009}, {-0.11492999643087387, -0.08832000195980072, 1.38018000125885}, {-0.0813629999756813, -0.0856269970536232, 1.3896400928497314}, {-0.050613000988960266, -0.08998999744653702, 1.3882700204849243}, {-0.051013000309467316, -0.09852299839258194, 1.3706400394439697},
				{-0.030409999191761017, -0.09986300021409988, 1.3717401027679443}, {-0.029839999973773956, -0.09221000224351883, 1.3875800371170044}, {-0.10952000319957733, -0.1017099991440773, 1.363700032234192}, {-0.07802300155162811, -0.09690000116825104, 1.3683300018310547}, {0.0, -0.10058999806642532, 1.3728100061416626}, {0.0, -0.09343300014734268, 1.387470006942749}, {-0.013817000202834606, -0.09349299967288971, 1.3867700099945068}, {-0.013690000399947166, -0.10030999779701233, 1.3725299835205078},
				{-0.10715000331401825, -0.1122799962759018, 1.3467600345611572}, {-0.07452999800443649, -0.10898000001907349, 1.3494000434875488}, {-0.10575000196695328, -0.12015999853610992, 1.333009958267212}, {-0.07638700306415558, -0.11881999671459198, 1.3352000713348389}, {-0.10518000274896622, -0.12734000384807587, 1.3213800191879272}, {-0.0779929980635643, -0.1268099993467331, 1.3223600387573242}, {0.0, -0.11472000181674957, 1.337860107421875}, {-0.011466999538242817, -0.11394000053405762, 1.339440107345581},
				{-0.010347000323235989, -0.11959999799728394, 1.3228299617767334}, {0.0, -0.12008000165224075, 1.321239948272705}, {0.0, -0.10798999667167664, 1.3568799495697021}, {-0.012873000465333462, -0.10786999762058258, 1.3566999435424805}, {-0.06469299644231796, -0.05167299881577492, 1.4416000843048096}, {-0.07040999829769135, -0.04563000053167343, 1.4467999935150146}, {-0.12280000001192093, -0.032986998558044434, 1.4409500360488892}, {-0.15625, -0.03791699931025505, 1.4418200254440308},
				{-0.029007000848650932, -0.1082099974155426, 1.3553900718688965}, {-0.06564000248908997, -0.07855299860239029, 1.4079599380493164}, {-0.0435900017619133, -0.08312299847602844, 1.4046499729156494}, {-0.028302999213337898, -0.1152300015091896, 1.3391200304031372}, {-0.02904300019145012, -0.1221499964594841, 1.3240000009536743}, {-0.026760000735521317, -0.08521299809217453, 1.4023499488830566}, {-0.08309700340032578, -0.07209999859333038, 1.4127399921417236}, {-0.03001300059258938, -0.07176999747753143, 1.427690029144287},
				{-0.040626998990774155, -0.06668300181627274, 1.4309200048446655}, {-0.019602999091148376, -0.07406000047922134, 1.4248700141906738}, {-0.04936699941754341, -0.062369998544454575, 1.4344899654388428}, {-0.08897999674081802, -0.037627000361680984, 1.4424500465393066}, {-0.08594299852848053, -0.04360700026154518, 1.4350500106811523}, {-0.07505299896001816, -0.038582999259233475, 1.4526700973510742}, {-0.08019699901342392, -0.03170999884605408, 1.4590001106262207}, {-0.0758029967546463, 0.013043000362813473, 1.475290060043335},
				{-0.06995999813079834, 0.021696999669075012, 1.4740300178527832}, {-0.030132999643683434, 0.035036999732255936, 1.4637300968170166}, {-0.013233000412583351, 0.03540999814867973, 1.4621800184249878}, {-0.08125700056552887, 0.003933299798518419, 1.4758100509643555}, {0.0, 0.0344729982316494, 1.462249994277954}, {-0.04531000182032585, 0.033410001546144485, 1.4666800498962402}, {-0.08655700087547302, -0.005826700013130903, 1.4745299816131592}, {-0.08408699929714203, -0.024310000240802765, 1.4648699760437012},
				{-0.08699999749660492, -0.01561299990862608, 1.4702999591827393}, {-0.059032998979091644, 0.0284269992262125, 1.4706300497055054}, {-0.10315000265836716, -0.013783000409603119, 1.46356999874115}, {-0.1015700027346611, -0.003019999945536256, 1.466920018196106}, {-0.06984300166368484, 0.035179998725652695, 1.4623600244522095}, {-0.05283999815583229, 0.0391400009393692, 1.4574400186538696}, {-0.10027000308036804, -0.023197000846266747, 1.4578700065612793}, {-0.0811230018734932, 0.0287299994379282, 1.4662400484085083},
				{-0.08759299665689468, 0.019666999578475952, 1.4681200981140137}, {-0.09515699744224548, 0.008636699989438057, 1.4679501056671143}, {-0.03573000058531761, 0.03951000049710274, 1.4544899463653564}, {-0.016016999259591103, 0.038277000188827515, 1.4530500173568726}, {0.0, 0.03708299994468689, 1.4523200988769531}, {-0.01947700046002865, 0.04157700017094612, 1.4413199424743652}, {0.0, 0.0396369993686676, 1.441290020942688}, {-0.10815999656915665, 0.030727000907063484, 1.4596500396728516},
				{-0.09718000143766403, 0.039239998906850815, 1.4564900398254395}, {-0.07951000332832336, 0.04357700049877167, 1.4518400430679321}, {-0.06032999977469444, 0.04535700008273125, 1.4474799633026123}, {-0.12422999739646912, -0.023110000416636467, 1.4485599994659424}, {-0.1252799928188324, -0.01180300023406744, 1.4541900157928467}, {-0.04171700030565262, 0.04456299915909767, 1.444390058517456}, {-0.12450999766588211, 0.0006566700176335871, 1.458470106124878}, {-0.11694999784231186, 0.014847000129520893, 1.4585399627685547},
				{-0.08098000288009644, -0.05179300159215927, 1.4293400049209595}, {-0.03585699945688248, -0.07479699701070786, 1.4169299602508545}, {-0.05074299871921539, -0.06909000128507614, 1.4208099842071533}, {-0.02305000089108944, -0.07798299938440323, 1.414080023765564}, {-0.06390699744224548, -0.06325700134038925, 1.423069953918457}, {-0.09479700028896332, -0.030876999720931053, 1.4503099918365479}, {-0.009483300149440765, -0.0749099999666214, 1.4230000972747803}, {0.0, -0.07538700103759766, 1.4221899509429932},
				{-0.010997000150382519, -0.07885699719190598, 1.412310004234314}, {0.0, -0.0795229971408844, 1.4111199378967285}, {-0.012416999787092209, -0.08583299815654755, 1.400710105895996}, {0.0, -0.08613000065088272, 1.3995399475097656}, {-0.04777299985289574, -0.10839000344276428, 1.3523399829864502}, {-0.049532998353242874, -0.11649999767541885, 1.3371700048446655}, {-0.05140300095081329, -0.12469000369310379, 1.3235299587249756}, {-0.02126999944448471, 0.045490000396966934, 1.428339958190918},
