Metric (key = "distance") {float {1.0}}
Metric (key = "angle") {float {1.0}}
Metric (key = "time") {float {1.0}}
Metric (key = "up") {string {"z"}}

Node $node1
{
	Name {string {"Woman"}}

	Transform
	{
		float[16]
		{
			{1.0, 0.0, 0.0, 0.0,
			 0.0, 1.0, 0.0, 0.0,
			 0.0, 0.0, 1.0, 0.0,
			 0.0, 0.0, 0.0, 1.0}
		}
	}

	BoneNode $node2
	{
		Name {string {"Hips"}}

		Transform
		{
			float[16]
			{
				{1.0, 0.0, 0.0, 0.0,
				 0.0, 0.5580486059188843, 0.8298081755638123, 0.0,
				 0.0, -0.8298081755638123, 0.5580487251281738, 0.0,
				 0.0, 0.039337001740932465, 0.8556560277938843, 1.0}
			}
		}

		BoneNode $node3
		{
			Name {string {"LHipJoint"}}

			Transform
			{
				float[16]
				{
					{-0.08245354145765305, 0.2387620210647583, -0.9675711989402771, 0.0,
					 0.9883422255516052, -0.10509318113327026, -0.11015702784061432, 0.0,
					 -0.12798650562763214, -0.9653745889663696, -0.2273133099079132, 0.0,
					 0.0, 5.029141902923584e-08, -4.0978193283081055e-08, 1.0}
				}
			}

			BoneNode $node4
			{
				Name {string {"LeftUpLeg"}}

				Transform
				{
					float[16]
					{
						{-0.07691115140914917, 0.9810102581977844, -0.17805467545986176, 0.0,
						 0.25286343693733215, 0.1919371485710144, 0.9482722878456116, 0.0,
						 0.964440107345581, 0.027909189462661743, -0.26282379031181335, 0.0,
						 -6.426125764846802e-07, 0.0909348800778389, -1.0728836059570312e-06, 1.0}
					}
				}

				BoneNode $node5
				{
					Name {string {"LeftLeg"}}

					Transform
					{
						float[16]
						{
							{0.998396098613739, 0.0536678284406662, 0.01803201623260975, 0.0,
							 -0.05574429780244827, 0.9875089526176453, 0.14737260341644287, 0.0,
							 -0.009897605516016483, -0.14814138412475586, 0.9889166951179504, 0.0,
							 -1.9206636352464557e-06, 0.3615305423736572, 2.130400389432907e-07, 1.0}
						}
					}

					BoneNode $node6
					{
						Name {string {"LeftFoot"}}

						Transform
						{
							float[16]
							{
								{0.9957227110862732, -0.08212874829769135, 0.042322516441345215, 0.0,
								 0.06435269117355347, 0.2878071665763855, -0.9555237293243408, 0.0,
								 0.06629525125026703, 0.9541603326797485, 0.29186150431632996, 0.0,
								 4.620524123311043e-07, 0.41736099123954773, -6.62636011838913e-07, 1.0}
							}
						}

						BoneNode $node7
						{
							Name {string {"LeftToeBase"}}

							Transform
							{
								float[16]
								{
									{0.9965716004371643, -0.0803581029176712, 0.01968766748905182, 0.0,
									 0.08259416371583939, 0.9801647067070007, -0.1801537722349167, 0.0,
									 -0.004820347763597965, 0.18116222321987152, 0.9834414720535278, 0.0,
									 3.975699655711651e-06, 0.12402728945016861, -2.2030435502529144e-06, 1.0}
								}
							}
						}
					}
				}
			}
		}

		BoneNode $node8
		{
			Name {string {"LowerBack"}}

			Transform
			{
				float[16]
				{
					{1.0, 0.0, 0.0, 0.0,
					 0.0, 0.6739092469215393, 0.7388141751289368, 0.0,
					 0.0, -0.738814115524292, 0.6739093065261841, 0.0,
					 0.0, 0.08050429821014404, 1.5497207641601562e-06, 1.0}
				}
			}

			BoneNode $node9
			{
				Name {string {"Spine"}}

				Transform
				{
					float[16]
					{
						{1.0, 0.0, 0.0, 0.0,
						 0.0, 0.9791269302368164, -0.20324960350990295, 0.0,
						 0.0, 0.20324961841106415, 0.9791269302368164, 0.0,
						 0.0, 0.14220169186592102, 1.2293457984924316e-06, 1.0}
					}
				}

				BoneNode $node10
				{
					Name {string {"Spine1"}}

					Transform
					{
						float[16]
						{
							{1.0, 0.0, 0.0, 0.0,
							 0.0, 0.9916831851005554, -0.1287035346031189, 0.0,
							 0.0, 0.1287035346031189, 0.9916831851005554, 0.0,
							 0.0, 0.14853890240192413, 4.4330954551696777e-07, 1.0}
						}
					}

					BoneNode $node11
					{
						Name {string {"LeftShoulder"}}

						Transform
						{
							float[16]
							{
								{0.09509595483541489, -0.9891818761825562, -0.11169686168432236, 0.0,
								 0.995460033416748, 0.09494684636592865, 0.006666000001132488, 0.0,
								 0.0040113781578838825, -0.1118236631155014, 0.9937199950218201, 0.0,
								 0.023936999961733818, 0.07547515630722046, 0.01560036838054657, 1.0}
							}
						}

						BoneNode $node12
						{
							Name {string {"LeftArm"}}

							Transform
							{
								float[16]
								{
									{0.9946901798248291, -0.10135521739721298, -0.017854515463113785, 0.0,
									 0.10108428448438644, 0.9947574734687805, -0.015476284548640251, 0.0,
									 0.019329508766531944, 0.013589296489953995, 0.9997209310531616, 0.0,
									 -3.995315637439489e-06, 0.13479536771774292, -4.618195816874504e-07, 1.0}
								}
							}

							BoneNode $node13
							{
								Name {string {"LeftForeArm"}}

								Transform
								{
									float[16]
									{
										{0.9999595284461975, -0.000731315987650305, -0.008963786996901035, 0.0,
										 0.000662026577629149, 0.9999698400497437, -0.007730378303676844, 0.0,
										 0.008969174697995186, 0.0077241286635398865, 0.9999299645423889, 0.0,
										 6.25906977802515e-06, 0.23463885486125946, -1.8998980522155762e-07, 1.0}
									}
								}

								BoneNode $node14
								{
									Name {string {"LeftHand"}}

									Transform
									{
										float[16]
										{
											{0.9872848987579346, -0.10852982103824615, 0.11614594608545303, 0.0,
											 0.0816696435213089, 0.9731650352478027, 0.21512781083583832, 0.0,
											 -0.13637694716453552, -0.20290681719779968, 0.9696547389030457, 0.0,
											 6.649643182754517e-07, 0.21735520660877228, -1.471489667892456e-07, 1.0}
										}
									}

									BoneNode $node15
									{
										Name {string {"LThumb"}}

										Transform
										{
											float[16]
											{
												{-0.617110550403595, 0.7448622584342957, 0.2536824941635132, 0.0,
												 0.7647953033447266, 0.4919299781322479, 0.41604459285736084, 0.0,
												 0.18510182201862335, 0.4507606327533722, -0.8732422590255737, 0.0,
												 0.002406986430287361, 0.033226896077394485, 0.017397206276655197, 1.0}
											}
										}
									}

									BoneNode $node16
									{
										Name {string {"LeftFingerBase"}}

										Transform
										{
											float[16]
											{
												{0.4508708715438843, 0.2388041466474533, -0.8600510954856873, 0.0,
												 -0.1214638352394104, 0.970998227596283, 0.20593412220478058, 0.0,
												 0.8842860460281372, 0.011615417897701263, 0.4668008089065552, 0.0,
												 -2.2153835743665695e-06, 0.027116209268569946, 2.7939677238464355e-07, 1.0}
											}
										}

										BoneNode $node17
										{
											Name {string {"LeftHandFinger1"}}

											Transform
											{
												float[16]
												{
													{0.901804506778717, -0.4189627766609192, 0.10591977834701538, 0.0,
													 0.42687147855758667, 0.9018009901046753, -0.06734798848628998, 0.0,
													 -0.06730228662490845, 0.10594886541366577, 0.9920913577079773, 0.0,
													 1.066364347934723e-06, 0.06401371210813522, 2.5955960154533386e-06, 1.0}
												}
											}
										}
									}
								}
							}
						}
					}

					BoneNode $node18
					{
						Name {string {"Neck"}}

						Transform
						{
							float[16]
							{
								{1.0, 0.0, 0.0, 0.0,
								 0.0, 0.8955302834510803, 0.44500067830085754, 0.0,
								 0.0, -0.44500070810317993, 0.8955302834510803, 0.0,
								 0.0, 0.14901432394981384, 4.470348358154297e-08, 1.0}
							}
						}

						BoneNode $node19
						{
							Name {string {"Neck1"}}

							Transform
							{
								float[16]
								{
									{1.0, 0.0, 0.0, 0.0,
									 0.0, 0.9999999403953552, -8.940696716308594e-08, 0.0,
									 0.0, 8.940696716308594e-08, 1.0, 0.0,
									 0.0, 0.058884527534246445, -2.1457672119140625e-06, 1.0}
								}
							}

							BoneNode $node20
							{
								Name {string {"Head"}}

								Transform
								{
									float[16]
									{
										{1.0, 0.0, 0.0, 0.0,
										 0.0, 0.9126865863800049, -0.4086604118347168, 0.0,
										 0.0, 0.4086603820323944, 0.9126865267753601, 0.0,
										 0.0, 0.05888480693101883, -1.255422830581665e-06, 1.0}
									}
								}
							}
						}
					}

					BoneNode $node21
					{
						Name {string {"RightShoulder"}}

						Transform
						{
							float[16]
							{
								{0.09509595483541489, 0.9891818761825562, 0.11169686168432236, 0.0,
								 -0.995460033416748, 0.09494684636592865, 0.006666000001132488, 0.0,
								 -0.0040113781578838825, -0.1118236631155014, 0.9937199950218201, 0.0,
								 -0.023936999961733818, 0.07547515630722046, 0.01560036838054657, 1.0}
							}
						}

						BoneNode $node22
						{
							Name {string {"RightArm"}}

							Transform
							{
								float[16]
								{
									{0.9946901798248291, 0.10135521739721298, 0.017854515463113785, 0.0,
									 -0.10108428448438644, 0.9947574734687805, -0.015476284548640251, 0.0,
									 -0.019329508766531944, 0.013589296489953995, 0.9997209310531616, 0.0,
									 3.995315637439489e-06, 0.13479536771774292, -4.618195816874504e-07, 1.0}
								}
							}

							BoneNode $node23
							{
								Name {string {"RightForeArm"}}

								Transform
								{
									float[16]
									{
										{0.999959409236908, 0.0007313232636079192, 0.00896474439650774, 0.0,
										 -0.000662026577629149, 0.9999698400497437, -0.007730378303676844, 0.0,
										 -0.008970128372311592, 0.0077241286635398865, 0.9999299049377441, 0.0,
										 -6.25906977802515e-06, 0.23463885486125946, -1.8998980522155762e-07, 1.0}
									}
								}

								BoneNode $node24
								{
									Name {string {"RightHand"}}

									Transform
									{
										float[16]
										{
											{0.987284243106842, 0.10853509604930878, -0.11614610254764557, 0.0,
											 -0.08167456090450287, 0.9731642603874207, 0.21512962877750397, 0.0,
											 0.13637833297252655, -0.20290790498256683, 0.9696542620658875, 0.0,
											 -5.755573511123657e-07, 0.21735520660877228, -1.434236764907837e-07, 1.0}
										}
									}

									BoneNode $node25
									{
										Name {string {"RThumb"}}

										Transform
										{
											float[16]
											{
												{-0.6170083284378052, -0.7449313998222351, -0.25372782349586487, 0.0,
												 -0.7648707628250122, 0.49181902408599854, 0.4160369634628296, 0.0,
												 -0.18513089418411255, 0.4507672190666199, -0.8732327818870544, 0.0,
												 -0.0024165299255400896, 0.033227644860744476, 0.01739523932337761, 1.0}
											}
										}
									}

									BoneNode $node26
									{
										Name {string {"RightFingerBase"}}

										Transform
										{
											float[16]
											{
												{0.4508693218231201, -0.23880557715892792, 0.8600516319274902, 0.0,
												 0.12146899849176407, 0.97099769115448, 0.20593303442001343, 0.0,
												 -0.8842862248420715, 0.011620752513408661, 0.46680060029029846, 0.0,
												 2.4724286049604416e-06, 0.02711612731218338, 2.4586915969848633e-07, 1.0}
											}
										}

										BoneNode $node27
										{
											Name {string {"RightHandFinger1"}}

											Transform
											{
												float[16]
												{
													{0.9018060564994812, 0.41895759105682373, -0.10592567175626755, 0.0,
													 -0.4268675446510315, 0.9018019437789917, -0.0673580914735794, 0.0,
													 0.06730389595031738, 0.10596022009849548, 0.9920900464057922, 0.0,
													 -1.1157244443893433e-06, 0.06401380896568298, 2.5099143385887146e-06, 1.0}
												}
											}
										}
									}
								}
							}
						}
					}
				}
			}
		}

		BoneNode $node28
		{
			Name {string {"RHipJoint"}}

			Transform
			{
				float[16]
				{
					{-0.08245354145765305, -0.2387620210647583, 0.9675711989402771, 0.0,
					 -0.9883422255516052, -0.10509318113327026, -0.11015702784061432, 0.0,
					 0.12798650562763214, -0.9653745889663696, -0.2273133099079132, 0.0,
					 0.0, 5.029141902923584e-08, -4.0978193283081055e-08, 1.0}
				}
			}

			BoneNode $node29
			{
				Name {string {"RightUpLeg"}}

				Transform
				{
					float[16]
					{
						{-0.07691115140914917, -0.9810102581977844, 0.17805467545986176, 0.0,
						 -0.25286343693733215, 0.1919371485710144, 0.9482722878456116, 0.0,
						 -0.964440107345581, 0.027909189462661743, -0.26282379031181335, 0.0,
						 6.426125764846802e-07, 0.0909348800778389, -1.0728836059570312e-06, 1.0}
					}
				}

				BoneNode $node30
				{
					Name {string {"RightLeg"}}

					Transform
					{
						float[16]
						{
							{0.998396098613739, -0.0536678284406662, -0.01803201623260975, 0.0,
							 0.05574429780244827, 0.9875089526176453, 0.14737260341644287, 0.0,
							 0.009897605516016483, -0.14814138412475586, 0.9889166951179504, 0.0,
							 1.9206636352464557e-06, 0.3615305423736572, 2.130400389432907e-07, 1.0}
						}
					}

					BoneNode $node31
					{
						Name {string {"RightFoot"}}

						Transform
						{
							float[16]
							{
								{0.9957225918769836, 0.08212871849536896, -0.04232358932495117, 0.0,
								 -0.06435371190309525, 0.2878071069717407, -0.955523669719696, 0.0,
								 -0.06629491597414017, 0.9541603922843933, 0.2918614447116852, 0.0,
								 -4.620524123311043e-07, 0.41736099123954773, -6.62636011838913e-07, 1.0}
							}
						}

						BoneNode $node32
						{
							Name {string {"RightToeBase"}}

							Transform
							{
								float[16]
								{
									{0.9965717196464539, 0.08035711199045181, -0.019687313586473465, 0.0,
									 -0.08259308338165283, 0.9801648855209351, -0.18015383183956146, 0.0,
									 0.0048201726749539375, 0.18116216361522675, 0.9834414720535278, 0.0,
									 -3.85951716452837e-06, 0.12402728199958801, -2.2132880985736847e-06, 1.0}
								}
							}
						}
					}
				}
			}
		}
	}

	GeometryNode $node33
	{
		Name {string {"Woman:Bob02"}}
		ObjectRef {ref {$geometry1}}
		MaterialRef (index = 0) {ref {$material1}}

		Transform
		{
			float[16]
			{
				{1.0, 0.0, 0.0, 0.0,
				 0.0, 1.0, 0.0, 0.0,
				 0.0, 0.0, 1.0, 0.0,
				 0.0, 0.0, 0.0, 1.0}
			}
		}
	}

	GeometryNode $node34
	{
		Name {string {"Woman:Body"}}
		ObjectRef {ref {$geometry2}}
		MaterialRef (index = 0) {ref {$material2}}

		Transform
		{
			float[16]
			{
				{1.0, 0.0, 0.0, 0.0,
				 0.0, 1.0, 0.0, 0.0,
				 0.0, 0.0, 1.0, 0.0,
				 0.0, 0.0, 0.0, 1.0}
			}
		}
	}

	GeometryNode $node35
	{
		Name {string {"Woman:Eyebrow012"}}
		ObjectRef {ref {$geometry3}}
		MaterialRef (index = 0) {ref {$material3}}

		Transform
		{
			float[16]
			{
				{1.0, 0.0, 0.0, 0.0,
				 0.0, 1.0, 0.0, 0.0,
				 0.0, 0.0, 1.0, 0.0,
				 0.0, 0.0, 0.0, 1.0}
			}
		}
	}

	GeometryNode $node36
	{
		Name {string {"Woman:Female_sportsuit01"}}
		ObjectRef {ref {$geometry4}}
		MaterialRef (index = 0) {ref {$material4}}

		Transform
		{
			float[16]
			{
				{1.0, 0.0, 0.0, 0.0,
				 0.0, 1.0, 0.0, 0.0,
				 0.0, 0.0, 1.0, 0.0,
				 0.0, 0.0, 0.0, 1.0}
			}
		}
	}

	GeometryNode $node37
	{
		Name {string {"Woman:Low-poly"}}
		ObjectRef {ref {$geometry5}}
		MaterialRef (index = 0) {ref {$material5}}

		Transform
		{
			float[16]
			{
				{1.0, 0.0, 0.0, 0.0,
				 0.0, 1.0, 0.0, 0.0,
				 0.0, 0.0, 1.0, 0.0,
				 0.0, 0.0, 0.0, 1.0}
			}
		}
	}
}

GeometryObject $geometry1		// Woman:Bob02
{
	Mesh (primitive = "triangles")
	{
		VertexArray (attrib = "position")
		{
			float[3]		// 1688
			{
				{0.01693899929523468, -0.010765999555587769, 1.6108300685882568}, {0.026959000155329704, -0.0051970998756587505, 1.6080200672149658}, {0.026094000786542892, 0.0009935699636116624, 1.6087000370025635}, {0.015135000459849834, -0.0034568998962640762, 1.612260103225708}, {0.004086200147867203, -0.017578000202775, 1.608180046081543}, {0.0007505500107072294, -0.009734599851071835, 1.6118299961090088}, {-0.018533999100327492, -0.019175000488758087, 1.6050699949264526}, {-0.014022000133991241, -0.028721999377012253, 1.5998300313949585},
				{-0.039138998836278915, -0.028936000540852547, 1.5898300409317017}, {-0.032937001436948776, -0.04004799947142601, 1.5840400457382202}, {-0.055323999375104904, -0.03650299832224846, 1.5676600933074951}, {-0.04868600144982338, -0.04701299965381622, 1.5629799365997314}, {-0.057468999177217484, -0.05067000165581703, 1.5473599433898926}, {-0.0634789988398552, -0.03972800076007843, 1.5503900051116943}, {-0.0692019984126091, -0.04215899854898453, 1.5359899997711182}, {-0.06290800124406815, -0.05215099826455116, 1.5336400270462036},
				{-0.06559299677610397, -0.05303499847650528, 1.5183401107788086}, {-0.07184600085020065, -0.04308300092816353, 1.520490050315857}, {-0.07357899844646454, -0.04323999956250191, 1.5045599937438965}, {-0.06692299991846085, -0.052914999425411224, 1.5023200511932373}, {-0.06857399642467499, -0.05049299821257591, 1.4857399463653564}, {-0.07426399737596512, -0.041682999581098557, 1.4878000020980835}, {-0.0734729990363121, -0.03881999850273132, 1.467590093612671}, {-0.0681380033493042, -0.04744099825620651, 1.4662200212478638},
				{-0.07158499956130981, -0.036132000386714935, 1.4419400691986084}, {-0.06778199970722198, -0.044415999203920364, 1.4404799938201904}, {-0.0632610023021698, -0.03942900151014328, 1.4224600791931152}, {-0.06529799848794937, -0.0310869999229908, 1.4240601062774658}, {-0.05681300163269043, -0.024757999926805496, 1.410830020904541}, {-0.055417001247406006, -0.03150700032711029, 1.4087400436401367}, {-0.047940999269485474, -0.015620999969542027, 1.4012700319290161}, {-0.04642299935221672, -0.01998000033199787, 1.4005100727081299},
				{-0.06298600137233734, -0.0022241000551730394, 1.4150900840759277}, {-0.05313599854707718, 0.0014191999798640609, 1.4039499759674072}, {-0.07912199944257736, -0.009282900020480156, 1.4476399421691895}, {-0.07191599905490875, -0.006315600126981735, 1.42917001247406}, {-0.08200299739837646, -0.01278000045567751, 1.4716999530792236}, {-0.08369500190019608, -0.014371000230312347, 1.5086500644683838}, {-0.08367100358009338, -0.014204000122845173, 1.4917900562286377}, {-0.07807499915361404, -0.012347999960184097, 1.543720006942749},
				{-0.08181700110435486, -0.013499000109732151, 1.5266799926757812}, {-0.0622749999165535, -0.0077956002205610275, 1.5750401020050049}, {-0.071942999958992, -0.010912000201642513, 1.558899998664856}, {-0.04602999985218048, -0.001272600027732551, 1.5951600074768066}, {-0.023936999961733818, 0.005560600198805332, 1.6089301109313965}, {-0.0029688000213354826, 0.010742999613285065, 1.6139099597930908}, {-0.06676200032234192, 0.02967499941587448, 1.4264700412750244}, {-0.05316000059247017, 0.030913999304175377, 1.405709981918335},
				{-0.07820399850606918, 0.029472999274730682, 1.4517700672149658}, {-0.07307600229978561, 0.03068700060248375, 1.4436399936676025}, {-0.08338700234889984, 0.029529999941587448, 1.4774200916290283}, {-0.0848969966173172, 0.029751000925898552, 1.5144600868225098}, {-0.08536899834871292, 0.028992999345064163, 1.4960899353027344}, {-0.07828100025653839, 0.030540000647306442, 1.5519100427627563}, {-0.08293899893760681, 0.0299880001693964, 1.5339900255203247}, {-0.06128900125622749, 0.030278999358415604, 1.5805599689483643},
				{-0.07154399901628494, 0.030240999534726143, 1.5658199787139893}, {-0.04477600008249283, 0.030858999118208885, 1.597059965133667}, {-0.024109000340104103, 0.032377999275922775, 1.6089600324630737}, {-0.003663599956780672, 0.0322440005838871, 1.6131600141525269}, {-0.05817899852991104, 0.060283999890089035, 1.436710000038147}, {-0.04569600149989128, 0.055713001638650894, 1.408460021018982}, {-0.06674300134181976, 0.06733399629592896, 1.4621800184249878}, {-0.06372000277042389, 0.06372000277042389, 1.451859951019287},
				{-0.07277499884366989, 0.0696130022406578, 1.4822900295257568}, {-0.07405500113964081, 0.06944900006055832, 1.519070029258728}, {-0.07498300075531006, 0.06980500370264053, 1.5025200843811035}, {-0.06691200286149979, 0.06739199906587601, 1.552720069885254}, {-0.07121200114488602, 0.06822899729013443, 1.5364100933074951}, {-0.05279700085520744, 0.06344299763441086, 1.5811400413513184}, {-0.061000000685453415, 0.06573999673128128, 1.5676400661468506}, {-0.03729100152850151, 0.05913599953055382, 1.5974500179290771},
				{-0.018415000289678574, 0.05538500100374222, 1.6068600416183472}, {4.316899867262691e-05, 0.0501680001616478, 1.6109700202941895}, {0.01232600025832653, 0.03073599934577942, 1.6128599643707275}, {0.012726999819278717, 0.013937000185251236, 1.6136400699615479}, {0.024588000029325485, 0.015348000451922417, 1.6096200942993164}, {0.024382999166846275, 0.029047999531030655, 1.6092300415039062}, {0.014314999803900719, 0.043696001172065735, 1.6108200550079346}, {0.02490900084376335, 0.03852299973368645, 1.607990026473999},
				{0.016843000426888466, 0.05099400132894516, 1.608220100402832}, {0.025817999616265297, 0.043960001319646835, 1.6062700748443604}, {0.027007000520825386, 0.04824399948120117, 1.604680061340332}, {0.019773999229073524, 0.05565499886870384, 1.6056699752807617}, {-0.02405400015413761, 0.07801199704408646, 1.595139980316162}, {-0.010111000388860703, 0.06872300058603287, 1.6040400266647339}, {0.00010889999975915998, 0.0765720009803772, 1.599869966506958}, {-0.008387099951505661, 0.08824200183153152, 1.5907599925994873},
				{0.005252600181847811, 0.05956700071692467, 1.6079399585723877}, {0.01040400005877018, 0.06528600305318832, 1.6045000553131104}, {-0.030987000092864037, 0.07137200236320496, 1.4089200496673584}, {-0.04171200096607208, 0.07786700129508972, 1.4296000003814697}, {-0.018213000148534775, 0.08970999717712402, 1.4355000257492065}, {-0.013721000403165817, 0.08432800322771072, 1.4097800254821777}, {-0.04543000087141991, 0.08340000361204147, 1.449720025062561}, {-0.048893000930547714, 0.08914700150489807, 1.45878005027771},
				{-0.022268999367952347, 0.1011200025677681, 1.4585100412368774}, {-0.02025900036096573, 0.0945499986410141, 1.4487199783325195}, {-0.05251700058579445, 0.09520400315523148, 1.4802100658416748}, {-0.02592799998819828, 0.10907000303268433, 1.4805400371551514}, {-0.0535149984061718, 0.09742199629545212, 1.502079963684082}, {-0.0543380007147789, 0.09687300026416779, 1.5192999839782715}, {-0.02550400048494339, 0.1131799966096878, 1.5188900232315063}, {-0.025957999750971794, 0.1120000034570694, 1.5021400451660156},
				{-0.05180799961090088, 0.09638799726963043, 1.5364999771118164}, {-0.04788599908351898, 0.09435000270605087, 1.554069995880127}, {-0.022501999512314796, 0.1107499971985817, 1.551200032234192}, {-0.0242139995098114, 0.11354000121355057, 1.5357400178909302}, {-0.043710000813007355, 0.09061600267887115, 1.566890001296997}, {-0.0359949991106987, 0.08595100045204163, 1.581010103225708}, {-0.015432000160217285, 0.09900899976491928, 1.5781199932098389}, {-0.02034899964928627, 0.10567999631166458, 1.5653600692749023},
				{0.0049414001405239105, 0.10290999710559845, 1.5737299919128418}, {0.007370300125330687, 0.09170900285243988, 1.5866600275039673}, {0.022272000089287758, 0.09106200188398361, 1.5820300579071045}, {0.02256700024008751, 0.10040999948978424, 1.5687899589538574}, {0.023513000458478928, 0.05778200179338455, 1.602970004081726}, {0.028409000486135483, 0.050783999264240265, 1.6030700206756592}, {0.02962999977171421, 0.05283699929714203, 1.6017000675201416}, {0.02746099978685379, 0.05902300029993057, 1.6006100177764893},
				{0.01153900008648634, 0.07949099689722061, 1.5961899757385254}, {0.022784000262618065, 0.07964400202035904, 1.5920400619506836}, {0.01750900037586689, 0.06729699671268463, 1.601289987564087}, {0.024894999340176582, 0.06801500171422958, 1.598230004310608}, {0.03382899984717369, 0.09730599820613861, 1.5652899742126465}, {0.03200199827551842, 0.08870799839496613, 1.5783300399780273}, {0.0398700013756752, 0.08537200093269348, 1.5755400657653809}, {0.04323799908161163, 0.09364599734544754, 1.5627400875091553},
				{0.030482999980449677, 0.07852599769830704, 1.5889101028442383}, {0.03686700016260147, 0.07615199685096741, 1.585900068283081}, {0.03002000041306019, 0.06756199896335602, 1.5955700874328613}, {0.03452400118112564, 0.06643400341272354, 1.5933799743652344}, {0.030686000362038612, 0.05924199894070625, 1.5988900661468506}, {0.033323999494314194, 0.058720000088214874, 1.5971100330352783}, {-0.009432399645447731, -0.03915100172162056, 1.5939199924468994}, {-0.026778999716043472, -0.05105400085449219, 1.5783300399780273},
				{-0.01808900013566017, -0.06437499821186066, 1.5709800720214844}, {-0.00042187998769804835, -0.052772000432014465, 1.585400104522705}, {0.007395199965685606, -0.0254139993339777, 1.6045100688934326}, {0.01309099979698658, -0.03874899819493294, 1.5986199378967285}, {0.0187780000269413, -0.017978999763727188, 1.6093100309371948}, {0.0235849991440773, -0.02739899978041649, 1.6050000190734863}, {0.007946600206196308, -0.060715001076459885, 1.5789999961853027}, {-0.009932399727404118, -0.07085400074720383, 1.5638200044631958},
				{0.0026759998872876167, -0.07920899987220764, 1.5518200397491455}, {0.015363000333309174, -0.06614399701356888, 1.5720800161361694}, {0.01792600005865097, -0.04669500142335892, 1.592940092086792}, {0.02308499999344349, -0.053332000970840454, 1.5868899822235107}, {0.026081999763846397, -0.03333299979567528, 1.6011099815368652}, {0.028790000826120377, -0.038520000874996185, 1.5970699787139893}, {0.022797999903559685, -0.07017000019550323, 1.563539981842041}, {0.011487999930977821, -0.08345799893140793, 1.5408599376678467},
				{0.018831999972462654, -0.0810609981417656, 1.5268800258636475}, {0.027659999206662178, -0.06877099722623825, 1.553320050239563}, {0.03029000014066696, -0.05703999847173691, 1.5784499645233154}, {0.0359870009124279, -0.053268998861312866, 1.5687700510025024}, {0.03345799818634987, -0.042452000081539154, 1.5922999382019043}, {0.038791000843048096, -0.04469599947333336, 1.5848400592803955}, {0.04361699894070625, -0.04809600114822388, 1.5781700611114502}, {0.0423710010945797, -0.05648199841380119, 1.5649199485778809},
				{0.046480000019073486, -0.05731299892067909, 1.5594899654388428}, {0.048990000039339066, -0.04893700033426285, 1.5694100856781006}, {0.05538899824023247, -0.0067263999953866005, 1.584280014038086}, {0.05535399913787842, -0.017938999459147453, 1.580049991607666}, {0.0627250000834465, -0.018563000485301018, 1.5666100978851318}, {0.06322800368070602, -0.0073287999257445335, 1.570620059967041}, {0.04283899813890457, -0.025805000215768814, 1.5950900316238403}, {0.03614800050854683, -0.022746000438928604, 1.5991400480270386},
				{0.03722900152206421, -0.030592000111937523, 1.5953800678253174}, {0.04317000135779381, -0.03470100089907646, 1.5902299880981445}, {0.03539999946951866, 0.056846000254154205, 1.5959800481796265}, {0.03317499905824661, 0.05151600018143654, 1.5993199348449707}, {0.03355000168085098, 0.04910999909043312, 1.5996400117874146}, {0.0376259982585907, 0.05417099967598915, 1.5961400270462036}, {0.05173400044441223, 0.08804400265216827, 1.5610100030899048}, {0.046859998255968094, 0.08065800368785858, 1.5742100477218628},
				{0.05327799916267395, 0.07418099790811539, 1.5740599632263184}, {0.0592459999024868, 0.07961399853229523, 1.5598000288009644}, {0.04242600128054619, 0.07257799804210663, 1.5844199657440186}, {0.04770199954509735, 0.06793999671936035, 1.5845799446105957}, {0.03791400045156479, 0.06376899778842926, 1.5913300514221191}, {0.042187999933958054, 0.0605820007622242, 1.5917000770568848}, {0.03863599896430969, 0.049619998782873154, 1.5983600616455078}, {0.03344700112938881, 0.044815998524427414, 1.6010000705718994},
				{0.03300299867987633, 0.039076000452041626, 1.6030099391937256}, {0.03909900039434433, 0.043062999844551086, 1.6012001037597656}, {0.06578999757766724, 0.06686799973249435, 1.56086003780365}, {0.0588809996843338, 0.06465700268745422, 1.5762799978256226}, {0.06279700249433517, 0.05126199871301651, 1.5780301094055176}, {0.06992799788713455, 0.05010399967432022, 1.5609300136566162}, {0.05206200107932091, 0.06022899970412254, 1.586940050125122}, {0.05478300154209137, 0.04984100162982941, 1.5895800590515137},
				{0.04483100026845932, 0.055107999593019485, 1.5941600799560547}, {0.04657299816608429, 0.04704200103878975, 1.5970799922943115}, {0.031043000519275665, 0.04974000155925751, 1.6014299392700195}, {0.03317499905824661, 0.05151600018143654, 1.5993199348449707}, {0.032641999423503876, 0.05333999916911125, 1.5992600917816162}, {0.031208999454975128, 0.052719999104738235, 1.6005200147628784}, {0.030042000114917755, 0.04301699995994568, 1.603760004043579}, {0.03344700112938881, 0.044815998524427414, 1.6010000705718994},
				{0.03355000168085098, 0.04910999909043312, 1.5996400117874146}, {0.03066899999976158, 0.0471699982881546, 1.6023900508880615}, {0.028609000146389008, 0.02897999994456768, 1.6065399646759033}, {0.029261000454425812, 0.037615999579429626, 1.6051700115203857}, {0.028304999694228172, 0.016279999166727066, 1.6070300340652466}, {0.03925500065088272, 0.03154199942946434, 1.6039299964904785}, {0.03894700109958649, 0.018512999638915062, 1.6048500537872314}, {0.04684799909591675, 0.019639000296592712, 1.5997400283813477},
				{0.0473800003528595, 0.033337999135255814, 1.5993599891662598}, {0.031895000487565994, 0.017295999452471733, 1.6064200401306152}, {0.032409001141786575, 0.00368930003605783, 1.6052100658416748}, {0.03941800072789192, 0.004683299921452999, 1.6040300130844116}, {0.04071899875998497, -0.006789300125092268, 1.6016700267791748}, {0.03379099816083908, -0.007337000221014023, 1.6033999919891357}, {0.033994000405073166, -0.008884499780833721, 1.6031100749969482}, {0.040908001363277435, -0.008421000093221664, 1.601330041885376},
				{0.03520999848842621, -0.016832999885082245, 1.6009700298309326}, {0.042031001299619675, -0.01796800084412098, 1.598210096359253}, {0.032253000885248184, -0.016713999211788177, 1.60329008102417}, {0.03520999848842621, -0.016832999885082245, 1.6009700298309326}, {0.033994000405073166, -0.008884499780833721, 1.6031100749969482}, {0.03096099942922592, -0.009427799843251705, 1.6047699451446533}, {0.030073000118136406, -0.0034016999416053295, 1.6055099964141846}, {0.03319400176405907, -0.002642699982970953, 1.6041901111602783},
				{0.032409001141786575, 0.00368930003605783, 1.6052100658416748}, {0.029201999306678772, 0.0027181000914424658, 1.6062099933624268}, {0.03333500027656555, -0.021619999781250954, 1.6017999649047852}, {0.03451799973845482, -0.028158999979496002, 1.5992400646209717}, {0.03722900152206421, -0.030592000111937523, 1.5953800678253174}, {0.03614800050854683, -0.022746000438928604, 1.5991400480270386}, {0.05537699908018112, -0.005125000141561031, 1.5847400426864624}, {0.06322400271892548, -0.0056547001004219055, 1.5710500478744507},
				{0.054809000343084335, 0.02070000022649765, 1.5896300077438354}, {0.05520400032401085, 0.006335000041872263, 1.5879099369049072}, {0.06316599994897842, 0.0058721997775137424, 1.5740599632263184}, {0.06280399858951569, 0.020733999088406563, 1.5759400129318237}, {0.055410001426935196, 0.034807998687028885, 1.5902800559997559}, {0.06328599900007248, 0.03467399999499321, 1.577620029449463}, {0.05446099862456322, -0.0480629988014698, 1.5596100091934204}, {0.051823001354932785, -0.056616999208927155, 1.5507800579071045},
				{0.056210000067949295, -0.05431700125336647, 1.5423500537872314}, {0.059804998338222504, -0.047230999916791916, 1.549570083618164}, {0.05548899993300438, -0.0278949998319149, 1.5755500793457031}, {0.05573200061917305, -0.0376259982585907, 1.569309949874878}, {0.06190900132060051, -0.03763499855995178, 1.5570000410079956}, {0.062483999878168106, -0.028341999277472496, 1.5622799396514893}, {0.04826600104570389, -0.007483799941837788, 1.5954101085662842}, {0.04913400113582611, -0.018281999975442886, 1.5914000272750854},
				{0.048131998628377914, -0.005834300071001053, 1.5958199501037598}, {0.047217998653650284, 0.005727400071918964, 1.5985500812530518}, {0.049306999891996384, -0.027728000655770302, 1.5871400833129883}, {0.049644000828266144, -0.03752199932932854, 1.581279993057251}, {0.07192199677228928, -0.018623000010848045, 1.5500800609588623}, {0.07251899689435959, -0.007637999951839447, 1.553879976272583}, {0.07243700325489044, -0.0060673002153635025, 1.5542700290679932}, {0.07196100056171417, 0.004923100117594004, 1.5571200847625732},
				{0.07127299904823303, 0.01918799988925457, 1.5586800575256348}, {0.06846100091934204, -0.037776000797748566, 1.5419399738311768}, {0.07049400359392166, -0.028591999784111977, 1.5461000204086304}, {0.05971800163388252, -0.051927998661994934, 1.5318900346755981}, {0.06532800197601318, -0.045864999294281006, 1.5371699333190918}, {0.07100699841976166, 0.032607000321149826, 1.5598399639129639}, {0.07503200322389603, 0.04953499883413315, 1.5474400520324707}, {0.07639600336551666, 0.03133700042963028, 1.5468000173568726},
				{0.08076799660921097, 0.030253000557422638, 1.5334999561309814}, {0.07870499789714813, 0.050328999757766724, 1.535330057144165}, {0.07833199948072433, -0.008492800407111645, 1.5405499935150146}, {0.07746399939060211, -0.018859000876545906, 1.5369999408721924}, {0.0810369998216629, -0.018633000552654266, 1.5244899988174438}, {0.0822490006685257, -0.008980199694633484, 1.5276899337768555}, {0.07829900085926056, -0.007031199987977743, 1.5410200357437134}, {0.08222000300884247, -0.007509499788284302, 1.5281400680541992},
				{0.07741399854421616, 0.01708099991083145, 1.5455600023269653}, {0.0780239999294281, 0.0032317000441253185, 1.5439200401306152}, {0.08228799700737, 0.0022543000523000956, 1.530980110168457}, {0.08184300363063812, 0.015042000450193882, 1.5323500633239746}, {0.07528500258922577, -0.028460999950766563, 1.5336699485778809}, {0.07255599647760391, -0.037098001688718796, 1.5303800106048584}, {0.07532499730587006, -0.03607499971985817, 1.519439935684204}, {0.07861900329589844, -0.027372000738978386, 1.5218900442123413},
				{0.06864000111818314, -0.044592998921871185, 1.5270800590515137}, {0.0627250000834465, -0.05034499987959862, 1.5234500169754028}, {0.06475500017404556, -0.05007699877023697, 1.5146400928497314}, {0.07067699730396271, -0.04422599822282791, 1.5170700550079346}, {0.08164100348949432, 0.05138399824500084, 1.5211999416351318}, {0.08373499661684036, 0.028672000393271446, 1.5168299674987793}, {0.08565100282430649, 0.03013000078499317, 1.5021400451660156}, {0.08361600339412689, 0.052427999675273895, 1.5066499710083008},
				{0.08448000252246857, -0.00945689994841814, 1.5117100477218628}, {0.0832659974694252, -0.01837499998509884, 1.5096700191497803}, {0.08440600335597992, -0.01837800070643425, 1.4936699867248535}, {0.08585300296545029, -0.009573100134730339, 1.4951300621032715}, {0.08453100174665451, -0.008120699785649776, 1.5120500326156616}, {0.0859299972653389, -0.008209300227463245, 1.4955799579620361}, {0.08559600263834, 0.014739999547600746, 1.516160011291504}, {0.08519600331783295, 0.0010229999898001552, 1.5143400430679321},
				{0.08771999925374985, 0.001657600048929453, 1.4979300498962402}, {0.08753400295972824, 0.015526000410318375, 1.5001699924468994}, {0.08076100051403046, -0.026889000087976456, 1.5076899528503418}, {0.0769760012626648, -0.03612599894404411, 1.505929946899414}, {0.07749000191688538, -0.03570599853992462, 1.4906400442123413}, {0.0817670002579689, -0.02679700031876564, 1.492110013961792}, {0.07221399992704391, -0.04436299949884415, 1.5041300058364868}, {0.06476599723100662, -0.050560999661684036, 1.5025500059127808},
				{0.06501699984073639, -0.050092000514268875, 1.4871100187301636}, {0.0722149983048439, -0.043880000710487366, 1.4889600276947021}, {0.08381400257349014, 0.05463000014424324, 1.4921300411224365}, {0.08622899651527405, 0.03057599999010563, 1.4871200323104858}, {0.08538500219583511, 0.03359999880194664, 1.4689099788665771}, {0.08065900206565857, 0.05830499902367592, 1.4756900072097778}, {0.08537200093269348, -0.009886999614536762, 1.4775300025939941}, {0.08376199752092361, -0.018931999802589417, 1.4758400917053223},
				{0.07937300205230713, -0.01897200010716915, 1.4563900232315063}, {0.08239199966192245, -0.008779799565672874, 1.4574201107025146}, {0.08568300306797028, -0.00861399993300438, 1.4780199527740479}, {0.08097899705171585, -0.0073865000158548355, 1.4557000398635864}, {0.08772499859333038, 0.015398000366985798, 1.4843800067901611}, {0.08735399693250656, 0.001154799945652485, 1.4809800386428833}, {0.0848969966173172, 0.0034127000253647566, 1.4610800743103027}, {0.08599799871444702, 0.016764000058174133, 1.4649500846862793},
				{0.08060300350189209, -0.027233000844717026, 1.474329948425293}, {0.07616899907588959, -0.0365229994058609, 1.4727599620819092}, {0.07225599884986877, -0.03904400020837784, 1.4528000354766846}, {0.07591500133275986, -0.02880300022661686, 1.4547600746154785}, {0.07007700204849243, -0.045118000358343124, 1.4706599712371826}, {0.06359799951314926, -0.05071699991822243, 1.4682300090789795}, {0.06067899987101555, -0.05289199948310852, 1.4486401081085205}, {0.06671799719333649, -0.047554999589920044, 1.4502400159835815},
				{0.05408100038766861, 0.09316299855709076, 1.5495200157165527}, {0.06244499981403351, 0.08410199731588364, 1.548110008239746}, {0.06479000300168991, 0.08832299709320068, 1.5371100902557373}, {0.055681999772787094, 0.09697400033473969, 1.5384900569915771}, {0.03494099900126457, 0.10305000096559525, 1.554110050201416}, {0.04504799842834473, 0.09876400232315063, 1.5514700412750244}, {0.04645000025629997, 0.10272999852895737, 1.5404000282287598}, {0.03581500053405762, 0.10738000273704529, 1.543060064315796},
				{0.05722299963235855, 0.0998309999704361, 1.5255200862884521}, {0.06650800257921219, 0.0915910005569458, 1.5238200426101685}, {0.0674080029129982, 0.092740997672081, 1.5099101066589355}, {0.058044999837875366, 0.10038000345230103, 1.5115100145339966}, {0.03681199997663498, 0.11083000153303146, 1.529750108718872}, {0.047871001064777374, 0.10575000196695328, 1.5273900032043457}, {0.04858599975705147, 0.1059499979019165, 1.5134600400924683}, {0.037422001361846924, 0.11093000322580338, 1.5155400037765503},
				{0.05774899944663048, 0.10005000233650208, 1.4955899715423584}, {0.06713099777698517, 0.09379100054502487, 1.4940900802612305}, {0.06612399965524673, 0.09175600111484528, 1.4750299453735352}, {0.05698300153017044, 0.09659899771213531, 1.4748300313949585}, {0.03755699843168259, 0.1096699982881546, 1.499559998512268}, {0.04823499917984009, 0.1050499975681305, 1.4976699352264404}, {0.04739899933338165, 0.10163000226020813, 1.4781899452209473}, {0.03720699995756149, 0.10520000010728836, 1.479490041732788},
				{0.07036600261926651, 0.06871499866247177, 1.5484099388122559}, {0.07361599802970886, 0.07117199897766113, 1.5369300842285156}, {0.07666400074958801, 0.07378800213336945, 1.522860050201416}, {0.07830800116062164, 0.0784820020198822, 1.492709994316101}, {0.07834699749946594, 0.07576800137758255, 1.5081501007080078}, {0.003328799968585372, 0.10992000252008438, 1.561900019645691}, {0.022568000480532646, 0.10684999823570251, 1.5575200319290161}, {0.02249700017273426, 0.11193999648094177, 1.5459599494934082},
				{0.0015324000269174576, 0.11512000113725662, 1.549149990081787}, {0.0001353900006506592, 0.11804000288248062, 1.5334999561309814}, {0.022928999736905098, 0.11541999876499176, 1.5323700904846191}, {0.023080000653862953, 0.11524999886751175, 1.5173799991607666}, {0.0003865599865093827, 0.11716999858617783, 1.5180799961090088}, {0.0006808899925090373, 0.11546999961137772, 1.5015000104904175}, {0.023784000426530838, 0.11341000348329544, 1.5010000467300415}, {0.02405400015413761, 0.10864999890327454, 1.4805800914764404},
