Metric (key = "distance") {float {1.0}}
Metric (key = "angle") {float {1.0}}
Metric (key = "time") {float {1.0}}
Metric (key = "up") {string {"z"}}

Node $node1
{
	Name {string {"Female_0"}}

	Transform
	{
		float[16]
		{
			{1.0, 0.0, 0.0, 0.0,
			 0.0, 1.0, 0.0, 0.0,
			 0.0, 0.0, 1.0, 0.0,
			 0.0, 0.0, 0.0, 1.0}
		}
	}

	BoneNode $node2
	{
		Name {string {"Hips"}}

		Transform
		{
			float[16]
			{
				{1.0, 0.0, 0.0, 0.0,
				 0.0, 0.4866412580013275, 0.8736019134521484, 0.0,
				 0.0, -0.8736019134521484, 0.4866412281990051, 0.0,
				 0.0, 0.04137500002980232, 0.8591670393943787, 1.0}
			}
		}

		BoneNode $node3
		{
			Name {string {"LHipJoint"}}

			Transform
			{
				float[16]
				{
					{-0.095784492790699, 0.2429535686969757, -0.9652971625328064, 0.0,
					 0.9924300909042358, -0.051572106778621674, -0.11145702004432678, 0.0,
					 -0.07686132192611694, -0.9686660766601562, -0.23617467284202576, 0.0,
					 0.0, -2.2351741790771484e-08, -1.4901161193847656e-08, 1.0}
				}
			}

			BoneNode $node4
			{
				Name {string {"LeftUpLeg"}}

				Transform
				{
					float[16]
					{
						{-0.11220274120569229, 0.9876149296760559, -0.10966837406158447, 0.0,
						 0.17505677044391632, 0.12828505039215088, 0.9761648178100586, 0.0,
						 0.9781439900398254, 0.09033017605543137, -0.18728259205818176, 0.0,
						 -4.731118679046631e-07, 0.09946389496326447, -6.05359673500061e-09, 1.0}
					}
				}

				BoneNode $node5
				{
					Name {string {"LeftLeg"}}

					Transform
					{
						float[16]
						{
							{0.9996519088745117, 0.018358444795012474, 0.01894291676580906, 0.0,
							 -0.020554546266794205, 0.99217689037323, 0.12313684076070786, 0.0,
							 -0.016534123569726944, -0.12348335236310959, 0.9922088980674744, 0.0,
							 3.882247256115079e-06, 0.3878462016582489, -4.761386662721634e-08, 1.0}
						}
					}

					BoneNode $node6
					{
						Name {string {"LeftFoot"}}

						Transform
						{
							float[16]
							{
								{0.9949356317520142, -0.08579269796609879, 0.0523688904941082, 0.0,
								 0.07564946264028549, 0.29609644412994385, -0.9521575570106506, 0.0,
								 0.06618191301822662, 0.9512973427772522, 0.30108702182769775, 0.0,
								 -7.209746399894357e-06, 0.39486467838287354, -1.076841726899147e-07, 1.0}
							}
						}

						BoneNode $node7
						{
							Name {string {"LeftToeBase"}}

							Transform
							{
								float[16]
								{
									{0.9987202882766724, -0.04850291833281517, 0.014322962611913681, 0.0,
									 0.050325457006692886, 0.9811486601829529, -0.18658700585365295, 0.0,
									 -0.005002923309803009, 0.18706902861595154, 0.9823339581489563, 0.0,
									 7.934868335723877e-07, 0.1357930451631546, 7.81472772359848e-06, 1.0}
								}
							}
						}
					}
				}
			}
		}

		BoneNode $node8
		{
			Name {string {"LowerBack"}}

			Transform
			{
				float[16]
				{
					{1.0, 0.0, 0.0, 0.0,
					 0.0, 0.7687997221946716, 0.6394895315170288, 0.0,
					 0.0, -0.639489471912384, 0.7687997817993164, 0.0,
					 0.0, 0.08793749660253525, 1.169741153717041e-06, 1.0}
				}
			}

			BoneNode $node9
			{
				Name {string {"Spine"}}

				Transform
				{
					float[16]
					{
						{1.0, 0.0, 0.0, 0.0,
						 0.0, 0.9750480055809021, -0.22199441492557526, 0.0,
						 0.0, 0.22199442982673645, 0.9750479459762573, 0.0,
						 0.0, 0.15147151052951813, 1.0654330253601074e-06, 1.0}
					}
				}

				BoneNode $node10
				{
					Name {string {"Spine1"}}

					Transform
					{
						float[16]
						{
							{1.0, 0.0, 0.0, 0.0,
							 0.0, 0.9982228875160217, 0.059590596705675125, 0.0,
							 0.0, -0.059590596705675125, 0.9982228875160217, 0.0,
							 0.0, 0.1501098871231079, -2.5704503059387207e-07, 1.0}
						}
					}

					BoneNode $node11
					{
						Name {string {"LeftShoulder"}}

						Transform
						{
							float[16]
							{
								{0.09701588749885559, -0.9930795431137085, 0.06618766486644745, 0.0,
								 0.9951177835464478, 0.09557386487722397, -0.024621840566396713, 0.0,
								 0.018125634640455246, 0.06825323402881622, 0.997503399848938, 0.0,
								 0.02296699956059456, 0.08935806155204773, 0.023305796086788177, 1.0}
							}
						}

						BoneNode $node12
						{
							Name {string {"LeftArm"}}

							Transform
							{
								float[16]
								{
									{0.9930151104927063, -0.11487164348363876, -0.026936251670122147, 0.0,
									 0.11468803882598877, 0.9933671951293945, -0.008268998935818672, 0.0,
									 0.02770746499300003, 0.005121976602822542, 0.9996029138565063, 0.0,
									 -9.326613508164883e-06, 0.1455143392086029, 3.932509571313858e-07, 1.0}
								}
							}

							BoneNode $node13
							{
								Name {string {"LeftForeArm"}}

								Transform
								{
									float[16]
									{
										{0.9990424513816833, 0.03223205730319023, 0.029587600380182266, 0.0,
										 -0.03297087550163269, 0.9991477727890015, 0.024831680580973625, 0.0,
										 -0.028762008994817734, -0.02578343078494072, 0.9992536902427673, 0.0,
										 8.27602343633771e-06, 0.23879098892211914, -5.299225449562073e-07, 1.0}
									}
								}

								BoneNode $node14
								{
									Name {string {"LeftHand"}}

									Transform
									{
										float[16]
										{
											{0.9894814491271973, -0.11350002884864807, 0.08968814462423325, 0.0,
											 0.09335047006607056, 0.9746168255805969, 0.203488290309906, 0.0,
											 -0.110507532954216, -0.1929754912853241, 0.9749608039855957, 0.0,
											 -7.866183295845985e-06, 0.22375379502773285, 1.36176822707057e-07, 1.0}
										}
									}

									BoneNode $node15
									{
										Name {string {"LThumb"}}

										Transform
										{
											float[16]
											{
												{-0.5785965919494629, 0.7691612243652344, 0.27132463455200195, 0.0,
												 0.8013971447944641, 0.4742910861968994, 0.364431768655777, 0.0,
												 0.15161992609500885, 0.428297758102417, -0.8908268809318542, 0.0,
												 0.003835436189547181, 0.03768262267112732, 0.019328545778989792, 1.0}
											}
										}
									}

									BoneNode $node16
									{
										Name {string {"LeftFingerBase"}}

										Transform
										{
											float[16]
											{
												{0.4147605001926422, 0.22461721301078796, -0.881771445274353, 0.0,
												 -0.0887826681137085, 0.9744194746017456, 0.20645692944526672, 0.0,
												 0.9055890440940857, -0.007344149053096771, 0.4240928292274475, 0.0,
												 4.790257662534714e-06, 0.03074832074344158, -2.1979212760925293e-07, 1.0}
											}
										}

										BoneNode $node17
										{
											Name {string {"LeftHandFinger1"}}

											Transform
											{
												float[16]
												{
													{0.9025393128395081, -0.4150925874710083, 0.11454668641090393, 0.0,
													 0.4244966506958008, 0.9023298621177673, -0.07485594600439072, 0.0,
													 -0.07228676974773407, 0.11618512868881226, 0.9905935525894165, 0.0,
													 2.4512410163879395e-06, 0.0715053454041481, 3.764405846595764e-06, 1.0}
												}
											}
										}
									}
								}
							}
						}
					}

					BoneNode $node18
					{
						Name {string {"Neck"}}

						Transform
						{
							float[16]
							{
								{1.0, 0.0, 0.0, 0.0,
								 0.0, 0.9461609721183777, 0.3236962854862213, 0.0,
								 0.0, -0.3236962854862213, 0.9461609721183777, 0.0,
								 0.0, 0.15889623761177063, 2.868473529815674e-07, 1.0}
							}
						}

						BoneNode $node19
						{
							Name {string {"Neck1"}}

							Transform
							{
								float[16]
								{
									{1.0, 0.0, 0.0, 0.0,
									 0.0, 1.0, -2.9802322387695312e-08, 0.0,
									 0.0, 2.9802322387695312e-08, 1.0, 0.0,
									 0.0, 0.05764475464820862, 1.0132789611816406e-06, 1.0}
								}
							}

							BoneNode $node20
							{
								Name {string {"Head"}}

								Transform
								{
									float[16]
									{
										{1.0, 0.0, 0.0, 0.0,
										 0.0, 0.9271143078804016, -0.3747788667678833, 0.0,
										 0.0, 0.3747788965702057, 0.9271143078804016, 0.0,
										 0.0, 0.057645101100206375, 9.350478649139404e-07, 1.0}
									}
								}
							}
						}
					}

					BoneNode $node21
					{
						Name {string {"RightShoulder"}}

						Transform
						{
							float[16]
							{
								{0.09701596200466156, 0.9930792450904846, -0.06619170308113098, 0.0,
								 -0.9951177835464478, 0.09557386487722397, -0.024621840566396713, 0.0,
								 -0.018125241622328758, 0.06825725734233856, 0.9975031614303589, 0.0,
								 -0.02296699956059456, 0.08935806155204773, 0.023305796086788177, 1.0}
							}
						}

						BoneNode $node22
						{
							Name {string {"RightArm"}}

							Transform
							{
								float[16]
								{
									{0.9930150508880615, 0.11487162858247757, 0.026937294751405716, 0.0,
									 -0.11468801647424698, 0.9933671355247498, -0.008269459940493107, 0.0,
									 -0.027708550915122032, 0.005122313275933266, 0.9996028542518616, 0.0,
									 9.477022103965282e-06, 0.1455143392086029, 4.055909812450409e-07, 1.0}
								}
							}

							BoneNode $node23
							{
								Name {string {"RightForeArm"}}

								Transform
								{
									float[16]
									{
										{0.9990423321723938, -0.03223307058215141, -0.029587524011731148, 0.0,
										 0.032971885055303574, 0.9991477131843567, 0.02483169548213482, 0.0,
										 0.028761904686689377, -0.025783473625779152, 0.9992536306381226, 0.0,
										 -8.400355000048876e-06, 0.23879098892211914, -5.280598998069763e-07, 1.0}
									}
								}

								BoneNode $node24
								{
									Name {string {"RightHand"}}

									Transform
									{
										float[16]
										{
											{0.9894818663597107, 0.11350061744451523, -0.08968288451433182, 0.0,
											 -0.09335210174322128, 0.9746168255805969, 0.2034880369901657, 0.0,
											 0.11050247400999069, -0.19297565519809723, 0.9749613404273987, 0.0,
											 7.561873644590378e-06, 0.22375378012657166, 1.4202669262886047e-07, 1.0}
										}
									}

									BoneNode $node25
									{
										Name {string {"RThumb"}}

										Transform
										{
											float[16]
											{
												{-0.5784814357757568, -0.7692363262176514, -0.2713571786880493, 0.0,
												 -0.8014739751815796, 0.47417283058166504, 0.36441612243652344, 0.0,
												 -0.1516520082950592, 0.42829376459121704, -0.8908234238624573, 0.0,
												 -0.0038353344425559044, 0.03768260404467583, 0.019328556954860687, 1.0}
											}
										}
									}

									BoneNode $node26
									{
										Name {string {"RightFingerBase"}}

										Transform
										{
											float[16]
											{
												{0.41476407647132874, -0.22461724281311035, 0.8817696571350098, 0.0,
												 0.08878316730260849, 0.9744195342063904, 0.2064567655324936, 0.0,
												 -0.905587375164032, -0.007344510406255722, 0.4240964353084564, 0.0,
												 -4.6263448894023895e-06, 0.03074830025434494, -2.1606683731079102e-07, 1.0}
											}
										}

										BoneNode $node27
										{
											Name {string {"RightHandFinger1"}}

											Transform
											{
												float[16]
												{
													{0.9025402069091797, 0.4150928854942322, -0.11453873664140701, 0.0,
													 -0.4244961142539978, 0.9023301005363464, -0.07485619932413101, 0.0,
													 0.07227955013513565, 0.11618202924728394, 0.9905944466590881, 0.0,
													 -2.528540790081024e-06, 0.07150524854660034, 3.691762685775757e-06, 1.0}
												}
											}
										}
									}
								}
							}
						}
					}
				}
			}
		}

		BoneNode $node28
		{
			Name {string {"RHipJoint"}}

			Transform
			{
				float[16]
				{
					{-0.095784492790699, -0.2429535686969757, 0.9652971625328064, 0.0,
					 -0.9924300909042358, -0.051572106778621674, -0.11145702004432678, 0.0,
					 0.07686132192611694, -0.9686660766601562, -0.23617467284202576, 0.0,
					 0.0, -2.2351741790771484e-08, -1.4901161193847656e-08, 1.0}
				}
			}

			BoneNode $node29
			{
				Name {string {"RightUpLeg"}}

				Transform
				{
					float[16]
					{
						{-0.11220274120569229, -0.9876149296760559, 0.10966837406158447, 0.0,
						 -0.17505677044391632, 0.12828505039215088, 0.9761648178100586, 0.0,
						 -0.9781439900398254, 0.09033017605543137, -0.18728259205818176, 0.0,
						 4.731118679046631e-07, 0.09946389496326447, -6.05359673500061e-09, 1.0}
					}
				}

				BoneNode $node30
				{
					Name {string {"RightLeg"}}

					Transform
					{
						float[16]
						{
							{0.9996519088745117, -0.018358444795012474, -0.01894291676580906, 0.0,
							 0.020554546266794205, 0.99217689037323, 0.12313684076070786, 0.0,
							 0.016534123569726944, -0.12348335236310959, 0.9922088980674744, 0.0,
							 -3.882247256115079e-06, 0.3878462016582489, -4.761386662721634e-08, 1.0}
						}
					}

					BoneNode $node31
					{
						Name {string {"RightFoot"}}

						Transform
						{
							float[16]
							{
								{0.9949356317520142, 0.08579269796609879, -0.0523688904941082, 0.0,
								 -0.07564946264028549, 0.29609644412994385, -0.9521575570106506, 0.0,
								 -0.06618191301822662, 0.9512973427772522, 0.30108702182769775, 0.0,
								 7.209746399894357e-06, 0.39486467838287354, -1.076841726899147e-07, 1.0}
							}
						}

						BoneNode $node32
						{
							Name {string {"RightToeBase"}}

							Transform
							{
								float[16]
								{
									{0.9987202882766724, 0.04850291833281517, -0.014322962611913681, 0.0,
									 -0.050325457006692886, 0.9811486601829529, -0.18658700585365295, 0.0,
									 0.005002923309803009, 0.18706902861595154, 0.9823339581489563, 0.0,
									 -7.934868335723877e-07, 0.1357930451631546, 7.81472772359848e-06, 1.0}
								}
							}
						}
					}
				}
			}
		}
	}

	GeometryNode $node33
	{
		Name {string {"Female_0:Bob02"}}
		ObjectRef {ref {$geometry1}}
		MaterialRef (index = 0) {ref {$material1}}

		Transform
		{
			float[16]
			{
				{1.0, 0.0, 0.0, 0.0,
				 0.0, 1.0, 0.0, 0.0,
				 0.0, 0.0, 1.0, 0.0,
				 0.0, 0.0, 0.0, 1.0}
			}
		}
	}

	GeometryNode $node34
	{
		Name {string {"Female_0:Body"}}
		ObjectRef {ref {$geometry2}}
		MaterialRef (index = 0) {ref {$material2}}

		Transform
		{
			float[16]
			{
				{1.0, 0.0, 0.0, 0.0,
				 0.0, 1.0, 0.0, 0.0,
				 0.0, 0.0, 1.0, 0.0,
				 0.0, 0.0, 0.0, 1.0}
			}
		}
	}

	GeometryNode $node35
	{
		Name {string {"Female_0:Eyebrow001"}}
		ObjectRef {ref {$geometry3}}
		MaterialRef (index = 0) {ref {$material3}}

		Transform
		{
			float[16]
			{
				{1.0, 0.0, 0.0, 0.0,
				 0.0, 1.0, 0.0, 0.0,
				 0.0, 0.0, 1.0, 0.0,
				 0.0, 0.0, 0.0, 1.0}
			}
		}
	}

	GeometryNode $node36
	{
		Name {string {"Female_0:Female_sportsuit01"}}
		ObjectRef {ref {$geometry4}}
		MaterialRef (index = 0) {ref {$material4}}

		Transform
		{
			float[16]
			{
				{1.0, 0.0, 0.0, 0.0,
				 0.0, 1.0, 0.0, 0.0,
				 0.0, 0.0, 1.0, 0.0,
				 0.0, 0.0, 0.0, 1.0}
			}
		}
	}

	GeometryNode $node37
	{
		Name {string {"Female_0:Low-poly"}}
		ObjectRef {ref {$geometry5}}
		MaterialRef (index = 0) {ref {$material5}}

		Transform
		{
			float[16]
			{
				{1.0, 0.0, 0.0, 0.0,
				 0.0, 1.0, 0.0, 0.0,
				 0.0, 0.0, 1.0, 0.0,
				 0.0, 0.0, 0.0, 1.0}
			}
		}
	}
}

GeometryObject $geometry1		// Female_0:Bob02
{
	Mesh (primitive = "triangles")
	{
		VertexArray (attrib = "position")
		{
			float[3]		// 1688
			{
				{0.01703600026667118, -0.017132999375462532, 1.642899990081787}, {0.02733900025486946, -0.011105000041425228, 1.6399900913238525}, {0.026477999985218048, -0.004727100022137165, 1.6407099962234497}, {0.015193000435829163, -0.009529899805784225, 1.6442899703979492}, {0.003944400232285261, -0.024702999740839005, 1.6403800249099731}, {0.0007694700034335256, -0.016101999208331108, 1.6439599990844727}, {-0.01865999959409237, -0.025985000655055046, 1.637220025062561}, {-0.013929000124335289, -0.0360650010406971, 1.6323699951171875},
				{-0.03984399884939194, -0.03563600033521652, 1.621749997138977}, {-0.03334600105881691, -0.04674199968576431, 1.6164700984954834}, {-0.056056998670101166, -0.04217299818992615, 1.5992799997329712}, {-0.04927000030875206, -0.05312399938702583, 1.5946400165557861}, {-0.05820799991488457, -0.05561700090765953, 1.5779399871826172}, {-0.06406500190496445, -0.04419500008225441, 1.5814199447631836}, {-0.0702890008687973, -0.04528699815273285, 1.5663000345230103}, {-0.06455399841070175, -0.05583199858665466, 1.5634300708770752},
				{-0.06801699846982956, -0.05545999854803085, 1.5475900173187256}, {-0.0738229975104332, -0.0453139990568161, 1.550130009651184}, {-0.07522200047969818, -0.0450810007750988, 1.533519983291626}, {-0.06874100118875504, -0.055528998374938965, 1.531000018119812}, {-0.0700799971818924, -0.05234299972653389, 1.5144600868225098}, {-0.07557699829339981, -0.04337000101804733, 1.516469955444336}, {-0.07501400262117386, -0.04072299972176552, 1.4962400197982788}, {-0.06972400099039078, -0.04948800057172775, 1.4946800470352173},
				{-0.07353899627923965, -0.03650800138711929, 1.4698200225830078}, {-0.06985799968242645, -0.04576899856328964, 1.468400001525879}, {-0.06583700329065323, -0.04076100140810013, 1.4491000175476074}, {-0.06773500144481659, -0.03139699995517731, 1.4506900310516357}, {-0.05950399860739708, -0.02501700073480606, 1.43641996383667}, {-0.058038000017404556, -0.03243599832057953, 1.434499979019165}, {-0.05037900060415268, -0.016258999705314636, 1.4268600940704346}, {-0.04881799966096878, -0.02114499919116497, 1.425689935684204},
				{-0.06602200120687485, -0.001312199980020523, 1.4413599967956543}, {-0.056106001138687134, 0.002291100099682808, 1.430340051651001}, {-0.08143000304698944, -0.007532500196248293, 1.476040005683899}, {-0.07447800040245056, -0.0046190000139176846, 1.4565200805664062}, {-0.08489400148391724, -0.010786999948322773, 1.5020101070404053}, {-0.08553099632263184, -0.013875000178813934, 1.539080023765564}, {-0.08601800352334976, -0.012873999774456024, 1.522170066833496}, {-0.07836700230836868, -0.014895999804139137, 1.5736899375915527},
				{-0.08267000317573547, -0.01462200004607439, 1.5565199851989746}, {-0.06314300000667572, -0.012237999588251114, 1.606410026550293}, {-0.07252799719572067, -0.01422099955379963, 1.58965003490448}, {-0.04680899903178215, -0.00657110009342432, 1.626870036125183}, {-0.024289000779390335, -5.442600013338961e-05, 1.6409599781036377}, {-0.0029994999058544636, 0.005452699959278107, 1.6460599899291992}, {-0.07190299779176712, 0.03400599956512451, 1.4526300430297852}, {-0.05946800112724304, 0.03368400037288666, 1.4350099563598633},
				{-0.08152499794960022, 0.03174600005149841, 1.4817099571228027}, {-0.07775899767875671, 0.033500999212265015, 1.4696300029754639}, {-0.08726099878549576, 0.03126399964094162, 1.5078400373458862}, {-0.0883919969201088, 0.030736999586224556, 1.5463900566101074}, {-0.0889739990234375, 0.0308229997754097, 1.5276600122451782}, {-0.08035600185394287, 0.029322000220417976, 1.5835100412368774}, {-0.0851920023560524, 0.030202999711036682, 1.565060019493103}, {-0.06260400265455246, 0.027055000886321068, 1.6126500368118286},
				{-0.07333499938249588, 0.028224000707268715, 1.5979599952697754}, {-0.04571099951863289, 0.026770999655127525, 1.6294000148773193}, {-0.024577999487519264, 0.027852000668644905, 1.6414300203323364}, {-0.0037066000513732433, 0.027646999806165695, 1.6456999778747559}, {-0.061964001506567, 0.0662819966673851, 1.4643700122833252}, {-0.051975999027490616, 0.06307999789714813, 1.442039966583252}, {-0.06853800266981125, 0.07067599892616272, 1.491029977798462}, {-0.0664839968085289, 0.06818199902772903, 1.479200005531311},
				{-0.07427500188350677, 0.07173000276088715, 1.5123300552368164}, {-0.07541099935770035, 0.07058499753475189, 1.5505599975585938}, {-0.07628600299358368, 0.07141800224781036, 1.5334399938583374}, {-0.06824299693107605, 0.06730599701404572, 1.5856200456619263}, {-0.07255399972200394, 0.06890899688005447, 1.5685200691223145}, {-0.05426499992609024, 0.06152300164103508, 1.614240050315857}, {-0.06252899765968323, 0.06464000046253204, 1.6008100509643555}, {-0.03833499923348427, 0.05632400140166283, 1.630579948425293},
				{-0.018811000511050224, 0.0519150011241436, 1.639780044555664}, {4.425700171850622e-05, 0.04619700089097023, 1.6438900232315063}, {0.012523000128567219, 0.02615099959075451, 1.6453100442886353}, {0.01282500009983778, 0.008597400039434433, 1.6458100080490112}, {0.024986999109387398, 0.010091000236570835, 1.6416699886322021}, {0.02484400011599064, 0.024382000789046288, 1.6416200399398804}, {0.014585000462830067, 0.03956500068306923, 1.6435199975967407}, {0.025436999276280403, 0.034285999834537506, 1.6406099796295166},
				{0.017177000641822815, 0.04722300171852112, 1.6410200595855713}, {0.026406999677419662, 0.039987001568078995, 1.6390199661254883}, {0.027654999867081642, 0.04451499879360199, 1.6375000476837158}, {0.020222999155521393, 0.052225999534130096, 1.6385900974273682}, {-0.024793000891804695, 0.07606899738311768, 1.628580093383789}, {-0.010400000028312206, 0.06604799628257751, 1.6374000310897827}, {0.00011164999887114391, 0.07427500188350677, 1.633370041847229}, {-0.008626099675893784, 0.08668400347232819, 1.624380111694336},
				{0.005355299916118383, 0.05621900036931038, 1.641050100326538}, {0.010626000352203846, 0.06235000118613243, 1.637700080871582}, {-0.03429799899458885, 0.08171399682760239, 1.4435501098632812}, {-0.044165998697280884, 0.0876690000295639, 1.4602999687194824}, {-0.01822499930858612, 0.09759899973869324, 1.4654300212860107}, {-0.01589900068938732, 0.09440699964761734, 1.4445700645446777}, {-0.04652300104498863, 0.08935599774122238, 1.4779900312423706}, {-0.04946399852633476, 0.09481500089168549, 1.4888800382614136},
				{-0.022424999624490738, 0.1074799969792366, 1.4902300834655762}, {-0.020407000556588173, 0.10174000263214111, 1.4790199995040894}, {-0.05267700180411339, 0.0995979979634285, 1.5130600929260254}, {-0.026131000369787216, 0.11422000080347061, 1.5139100551605225}, {-0.053697001188993454, 0.10063000023365021, 1.5355899333953857}, {-0.05469600111246109, 0.09886500239372253, 1.552799940109253}, {-0.025769999250769615, 0.11614999920129776, 1.552720069885254}, {-0.026221999898552895, 0.1160999983549118, 1.535949945449829},
				{-0.052257001399993896, 0.09754399955272675, 1.5702099800109863}, {-0.04853999987244606, 0.0948449969291687, 1.587280035018921}, {-0.022967999801039696, 0.11215999722480774, 1.585050106048584}, {-0.02459999918937683, 0.11547999829053879, 1.5696699619293213}, {-0.044544998556375504, 0.09002300351858139, 1.6000100374221802}, {-0.03711000084877014, 0.08509200066328049, 1.614609956741333}, {-0.01592699997127056, 0.09887100011110306, 1.611910104751587}, {-0.020893000066280365, 0.10636000335216522, 1.5992600917816162},
				{0.005088599864393473, 0.10248000174760818, 1.6075600385665894}, {0.007598400115966797, 0.09059999883174896, 1.62034010887146}, {0.02295999974012375, 0.09040199965238571, 1.6157100200653076}, {0.02323099970817566, 0.10068000108003616, 1.6025900840759277}, {0.024095000699162483, 0.054597001522779465, 1.6360100507736206}, {0.029124999418854713, 0.04725100100040436, 1.6359601020812988}, {0.03039800003170967, 0.04944700002670288, 1.6346399784088135}, {0.028209000825881958, 0.055984001606702805, 1.6336801052093506},
				{0.011872000060975552, 0.07748500257730484, 1.6296600103378296}, {0.023486999794840813, 0.07789299637079239, 1.6254899501800537}, {0.01795700006186962, 0.06462500244379044, 1.63454008102417}, {0.025609999895095825, 0.06553000211715698, 1.6315300464630127}, {0.034627001732587814, 0.09747099876403809, 1.5987800359725952}, {0.03292899951338768, 0.08799900114536285, 1.6119000911712646}, {0.040800999850034714, 0.08442199975252151, 1.6088299751281738}, {0.04402599856257439, 0.0935330018401146, 1.5959999561309814},
				{0.03145100176334381, 0.07683199644088745, 1.6223399639129639}, {0.03796299919486046, 0.07444299757480621, 1.6192400455474854}, {0.03092700056731701, 0.06511399894952774, 1.6288399696350098}, {0.035558998584747314, 0.06404200196266174, 1.6266400814056396}, {0.031532999128103256, 0.05627800151705742, 1.6319700479507446}, {0.034223999828100204, 0.05579499900341034, 1.6301701068878174}, {-0.009208000265061855, -0.04622799903154373, 1.6274499893188477}, {-0.026875000447034836, -0.057739999145269394, 1.6113100051879883},
				{-0.01803700067102909, -0.07122699916362762, 1.6036200523376465}, {-0.0004325099871493876, -0.05907199904322624, 1.6200599670410156}, {0.007110400125384331, -0.033305998891592026, 1.6367900371551514}, {0.013007000088691711, -0.04600600153207779, 1.6319299936294556}, {0.01891300082206726, -0.02471799962222576, 1.641510009765625}, {0.02383900061249733, -0.034554000943899155, 1.6372900009155273}, {0.007782999891787767, -0.06706400215625763, 1.6128699779510498}, {-0.009821300394833088, -0.07752499729394913, 1.5961500406265259},
				{0.002694699913263321, -0.08572299778461456, 1.5841000080108643}, {0.015273000113666058, -0.07302100211381912, 1.6049100160598755}, {0.01797099970281124, -0.05351699888706207, 1.6264801025390625}, {0.02312999963760376, -0.05990799888968468, 1.6204500198364258}, {0.026498999446630478, -0.0403669998049736, 1.6336100101470947}, {0.0292579997330904, -0.04564100131392479, 1.6295599937438965}, {0.023074999451637268, -0.07704100012779236, 1.5953600406646729}, {0.01159599982202053, -0.08995500206947327, 1.5719900131225586},
				{0.019486000761389732, -0.0871020033955574, 1.5569100379943848}, {0.028192000463604927, -0.07515499740839005, 1.5843400955200195}, {0.03044299967586994, -0.06408099830150604, 1.611259937286377}, {0.03641499951481819, -0.06052999943494797, 1.6010700464248657}, {0.03393999859690666, -0.04938799887895584, 1.6248300075531006}, {0.039315998554229736, -0.05157100036740303, 1.61735999584198}, {0.04420800134539604, -0.055052001029253006, 1.6106300354003906}, {0.04307899996638298, -0.06388399749994278, 1.596750020980835},
				{0.047276999801397324, -0.06402699649333954, 1.5907399654388428}, {0.04965599998831749, -0.05552300065755844, 1.6014100313186646}, {0.05619100108742714, -0.011722000315785408, 1.615950107574463}, {0.05623700097203255, -0.023235000669956207, 1.6114000082015991}, {0.063291996717453, -0.022955000400543213, 1.5977100133895874}, {0.06390000134706497, -0.011331000365316868, 1.6018900871276855}, {0.04360000044107437, -0.032214000821113586, 1.626960039138794}, {0.03677099943161011, -0.029246000573039055, 1.631119966506958},
				{0.03787799924612045, -0.03729499876499176, 1.6274700164794922}, {0.04397699981927872, -0.04159500077366829, 1.6223000288009644}, {0.036329999566078186, 0.053863998502492905, 1.6289899349212646}, {0.034008998423814774, 0.048142001032829285, 1.6322100162506104}, {0.03438900038599968, 0.04560700058937073, 1.6324800252914429}, {0.038621000945568085, 0.05108899995684624, 1.6291100978851318}, {0.05243900045752525, 0.08758500218391418, 1.5939600467681885}, {0.047887999564409256, 0.07954099774360657, 1.6073999404907227},
				{0.05451200157403946, 0.07288900017738342, 1.6071600914001465}, {0.06020599976181984, 0.07910899817943573, 1.5927700996398926}, {0.04372299835085869, 0.07080800086259842, 1.6177500486373901}, {0.04911699891090393, 0.06603600084781647, 1.6178500652313232}, {0.03900500014424324, 0.06131099909543991, 1.6245100498199463}, {0.043368998914957047, 0.05801999941468239, 1.6248300075531006}, {0.03958800062537193, 0.04625000059604645, 1.6312201023101807}, {0.03422899916768074, 0.04103599861264229, 1.63372004032135},
				{0.03374199941754341, 0.03502799943089485, 1.635640025138855}, {0.039997998625040054, 0.03931200131773949, 1.6339499950408936}, {0.06728599965572357, 0.06612800061702728, 1.5940300226211548}, {0.06056400015950203, 0.06306599825620651, 1.6094800233840942}, {0.06444200128316879, 0.04911600053310394, 1.6107200384140015}, {0.07198099792003632, 0.04896099865436554, 1.5938899517059326}, {0.05346599966287613, 0.05795999988913536, 1.6199901103973389}, {0.05611100047826767, 0.046973999589681625, 1.6223100423812866},
				{0.04600299894809723, 0.0522099994122982, 1.627150058746338}, {0.04767400026321411, 0.04368000105023384, 1.6298600435256958}, {0.031814999878406525, 0.04619799926877022, 1.6342899799346924}, {0.034008998423814774, 0.048142001032829285, 1.6322100162506104}, {0.03348100185394287, 0.05006299912929535, 1.6321899890899658}, {0.0320109985768795, 0.04936499893665314, 1.6334500312805176}, {0.030748000368475914, 0.039087001234292984, 1.6365000009536743}, {0.03422899916768074, 0.04103599861264229, 1.63372004032135},
				{0.03438900038599968, 0.04560700058937073, 1.6324800252914429}, {0.03141099959611893, 0.043460000306367874, 1.6351799964904785}, {0.02918500080704689, 0.024396000429987907, 1.638930082321167}, {0.029911000281572342, 0.03342900052666664, 1.6377699375152588}, {0.028783999383449554, 0.011132000014185905, 1.6390700340270996}, {0.040072001516819, 0.027264999225735664, 1.6363999843597412}, {0.03966299816966057, 0.013633999973535538, 1.6369500160217285}, {0.04772400110960007, 0.015115000307559967, 1.631809949874878},
				{0.048395998775959015, 0.02937299944460392, 1.6318299770355225}, {0.03245300054550171, 0.012253999710083008, 1.6384899616241455}, {0.032930999994277954, -0.0017994999652728438, 1.637160062789917}, {0.04009599983692169, -0.0006472099921666086, 1.6359699964523315}, {0.04139300063252449, -0.01245300006121397, 1.6334900856018066}, {0.03432700037956238, -0.013155999593436718, 1.635240077972412}, {0.03453899919986725, -0.014771999791264534, 1.6349799633026123}, {0.04159000143408775, -0.014147000387310982, 1.6331501007080078},
				{0.03579900041222572, -0.023087000474333763, 1.6329100131988525}, {0.0427590012550354, -0.024101000279188156, 1.6300899982452393}, {0.032777998596429825, -0.023020999506115913, 1.6352800130844116}, {0.03579900041222572, -0.023087000474333763, 1.6329100131988525}, {0.03453899919986725, -0.014771999791264534, 1.6349799633026123}, {0.03143800050020218, -0.015418999828398228, 1.636680006980896}, {0.03052400052547455, -0.009160599671304226, 1.637410044670105}, {0.03371699899435043, -0.00829590018838644, 1.6360499858856201},
				{0.032930999994277954, -0.0017994999652728438, 1.637160062789917}, {0.029649000614881516, -0.002881699940189719, 1.638200044631958}, {0.0338979996740818, -0.028130000457167625, 1.6338200569152832}, {0.03511599823832512, -0.034915998578071594, 1.6313199996948242}, {0.03787799924612045, -0.03729499876499176, 1.6274700164794922}, {0.03677099943161011, -0.029246000573039055, 1.631119966506958}, {0.05616400018334389, -0.010073999874293804, 1.6164500713348389}, {0.06392700225114822, -0.009644799865782261, 1.6023600101470947},
				{0.05585300177335739, 0.016659999266266823, 1.6216199398040771}, {0.056053999811410904, 0.0017564999870955944, 1.6198101043701172}, {0.06400199979543686, 0.002108700107783079, 1.605679988861084}, {0.06395900249481201, 0.017351999878883362, 1.6078600883483887}, {0.056641001254320145, 0.031282998621463776, 1.6225900650024414}, {0.06478100270032883, 0.03177599981427193, 1.6096100807189941}, {0.055139001458883286, -0.05379100143909454, 1.5910000801086426}, {0.05281899869441986, -0.062206998467445374, 1.5815600156784058},
				{0.05732300132513046, -0.058834999799728394, 1.5726799964904785}, {0.06055599823594093, -0.05207899957895279, 1.580399990081787}, {0.056439001113176346, -0.033369001001119614, 1.6068100929260254}, {0.05647899955511093, -0.043333999812603, 1.6009600162506104}, {0.062362998723983765, -0.04241799935698509, 1.588230013847351}, {0.06295400112867355, -0.0329740010201931, 1.5934200286865234}, {0.04907799884676933, -0.012996000237762928, 1.6271400451660156}, {0.0499889999628067, -0.024140000343322754, 1.6230599880218506},
				{0.04893900081515312, -0.011282999999821186, 1.6275300979614258}, {0.04804300144314766, 0.0006919599836692214, 1.6304199695587158}, {0.05019500106573105, -0.03402800112962723, 1.618880033493042}, {0.050537001341581345, -0.04413599893450737, 1.6131800413131714}, {0.07201399654150009, -0.021920999512076378, 1.5805000066757202}, {0.07298599928617477, -0.010509000159800053, 1.5843400955200195}, {0.07296200096607208, -0.008893799968063831, 1.5848000049591064}, {0.07286500185728073, 0.002329499926418066, 1.5880500078201294},
				{0.07264800369739532, 0.01701200008392334, 1.5901600122451782}, {0.06919500231742859, -0.04128199815750122, 1.5725700855255127}, {0.07070700079202652, -0.031977999955415726, 1.5766600370407104}, {0.061404999345541, -0.05556099861860275, 1.5615899562835693}, {0.06638900190591812, -0.04951599985361099, 1.567310094833374}, {0.07288800179958344, 0.030957000330090523, 1.59197998046875}, {0.07718200236558914, 0.04927799850702286, 1.579740047454834}, {0.07851199805736542, 0.03044399991631508, 1.5781800746917725},
				{0.08298400044441223, 0.030497999861836433, 1.5645699501037598}, {0.08120699971914291, 0.05077100172638893, 1.5666799545288086}, {0.07884199917316437, -0.010541999712586403, 1.570389986038208}, {0.07762899994850159, -0.02128699980676174, 1.5669400691986084}, {0.0818220004439354, -0.02005000039935112, 1.5543500185012817}, {0.08345899730920792, -0.00980059988796711, 1.5575799942016602}, {0.07885000109672546, -0.009022899903357029, 1.570870041847229}, {0.08355099707841873, -0.008379500359296799, 1.5580300092697144},
				{0.0788939967751503, 0.015939999371767044, 1.5764100551605225}, {0.07890599966049194, 0.001562100020237267, 1.5741300582885742}, {0.08382699638605118, 0.0015116999857127666, 1.5612399578094482}, {0.08367499709129333, 0.015208999626338482, 1.5633599758148193}, {0.07584899663925171, -0.031031999737024307, 1.5637400150299072}, {0.07371599972248077, -0.03982900083065033, 1.5604900121688843}, {0.07680399715900421, -0.03834100067615509, 1.5491000413894653}, {0.07956600189208984, -0.029441000893712044, 1.551650047302246},
				{0.0702819973230362, -0.047561999410390854, 1.5568100214004517}, {0.06482499837875366, -0.05331600084900856, 1.5528600215911865}, {0.06706199795007706, -0.05221400037407875, 1.5437800884246826}, {0.07266099750995636, -0.04634400084614754, 1.5464999675750732}, {0.08382000029087067, 0.05252600088715553, 1.5518600940704346}, {0.08662500232458115, 0.03125099837779999, 1.5496399402618408}, {0.08930200338363647, 0.03148899972438812, 1.533750057220459}, {0.08572600036859512, 0.05449799820780754, 1.5363199710845947},
				{0.0866599977016449, -0.008700399659574032, 1.5426100492477417}, {0.08469899743795395, -0.018451999872922897, 1.5395400524139404}, {0.08616799861192703, -0.017861999571323395, 1.5233800411224365}, {0.08816699683666229, -0.008123000152409077, 1.5262300968170166}, {0.08680299669504166, -0.0073367999866604805, 1.5430700778961182}, {0.0883290022611618, -0.006743200123310089, 1.5266499519348145}, {0.08798299729824066, 0.01566299982368946, 1.5483500957489014}, {0.08780299872159958, 0.002260900102555752, 1.5462599992752075},
				{0.08956599980592728, 0.00277370004914701, 1.5296200513839722}, {0.09037599712610245, 0.016293000429868698, 1.5320899486541748}, {0.08185099810361862, -0.028432000428438187, 1.5370399951934814}, {0.07837899774312973, -0.03809899836778641, 1.535040020942688}, {0.0786380022764206, -0.03721600025892258, 1.5193500518798828}, {0.08293800055980682, -0.027974000200629234, 1.5210000276565552}, {0.07386799901723862, -0.046140000224113464, 1.5330300331115723}, {0.0664680004119873, -0.05300600081682205, 1.5312600135803223},
				{0.06644599884748459, -0.05186299979686737, 1.5158900022506714}, {0.07357899844646454, -0.045524999499320984, 1.517590045928955}, {0.08599600195884705, 0.05673399940133095, 1.521090030670166}, {0.09012199938297272, 0.03239800035953522, 1.5178200006484985}, {0.08934400230646133, 0.03552800044417381, 1.4990400075912476}, {0.08319699764251709, 0.05967399850487709, 1.5036900043487549}, {0.08811499923467636, -0.007807400077581406, 1.5080900192260742}, {0.08560000360012054, -0.018358999863266945, 1.5049901008605957},
				{0.08112400025129318, -0.01871900074183941, 1.4846100807189941}, {0.0845630019903183, -0.006716399919241667, 1.4874500036239624}, {0.08830100297927856, -0.00644840020686388, 1.5085899829864502}, {0.08453600108623505, -0.005096199922263622, 1.4871900081634521}, {0.0914819985628128, 0.016805000603199005, 1.5152599811553955}, {0.0899839997291565, 0.0031930000986903906, 1.5118999481201172}, {0.0877629965543747, 0.004827000200748444, 1.4912199974060059}, {0.08960700035095215, 0.018776999786496162, 1.4952600002288818},
				{0.08200699836015701, -0.02847900055348873, 1.5029699802398682}, {0.07767699658870697, -0.03837300091981888, 1.5014300346374512}, {0.07378599792718887, -0.040167998522520065, 1.4812901020050049}, {0.077394999563694, -0.029541000723838806, 1.4829699993133545}, {0.0717099979519844, -0.047178998589515686, 1.499190092086792}, {0.06517200171947479, -0.05288499966263771, 1.496570110321045}, {0.06217600032687187, -0.055229999125003815, 1.4766299724578857}, {0.06832700222730637, -0.04946000128984451, 1.478410005569458},
				{0.05462300032377243, 0.09358499944210052, 1.583009958267212}, {0.0632689967751503, 0.08470500260591507, 1.581380009651184}, {0.0655680000782013, 0.08954600244760513, 1.57027006149292}, {0.05618700012564659, 0.09814400225877762, 1.5721399784088135}, {0.03560899943113327, 0.10419999808073044, 1.5876200199127197}, {0.04569099843502045, 0.0997370034456253, 1.584939956665039}, {0.04699600115418434, 0.10417000204324722, 1.5740900039672852}, {0.036403998732566833, 0.10904999822378159, 1.576740026473999},
				{0.05777600035071373, 0.1014999970793724, 1.5590300559997559}, {0.06709299981594086, 0.09325700253248215, 1.5569000244140625}, {0.06793499737977982, 0.09530200064182281, 1.5427800416946411}, {0.058386001735925674, 0.10306999832391739, 1.5450000762939453}, {0.03730899840593338, 0.11264000087976456, 1.5636000633239746}, {0.04839500039815903, 0.10751000046730042, 1.5611000061035156}, {0.04880800098180771, 0.10879000276327133, 1.5471400022506714}, {0.037608999758958817, 0.11393000185489655, 1.549340009689331},
				{0.05801200121641159, 0.1039000004529953, 1.5290700197219849}, {0.06773000210523605, 0.09721300005912781, 1.5266399383544922}, {0.06691700220108032, 0.09600000083446503, 1.5069799423217773}, {0.05721500143408775, 0.10113999992609024, 1.507889986038208}, {0.03763600066304207, 0.11378999799489975, 1.5333600044250488}, {0.04837900027632713, 0.10904999822378159, 1.5313200950622559}, {0.04754500091075897, 0.10642000287771225, 1.51118004322052}, {0.03721600025892258, 0.11015000194311142, 1.5127201080322266},
				{0.07174400240182877, 0.06905300170183182, 1.5811200141906738}, {0.07496199756860733, 0.07191000133752823, 1.5690600872039795}, {0.0779149979352951, 0.07491700351238251, 1.554710030555725}, {0.07949700206518173, 0.08061499893665314, 1.523900032043457}, {0.07950499653816223, 0.07743000239133835, 1.5396299362182617}, {0.0034024000633507967, 0.11052999645471573, 1.5960800647735596}, {0.023072000592947006, 0.10796999931335449, 1.5913701057434082}, {0.02295600064098835, 0.11359000205993652, 1.579780101776123},
				{0.0015688999556005, 0.11664000153541565, 1.5832500457763672}, {0.0001388100063195452, 0.12060000002384186, 1.5671499967575073}, {0.023274999111890793, 0.11748000234365463, 1.5663199424743652}, {0.023360000923275948, 0.11846999824047089, 1.5511800050735474}, {0.00039629999082535505, 0.12053000181913376, 1.551680088043213}, {0.00069805997190997, 0.12008000165224075, 1.5351999998092651}, {0.02404800057411194, 0.11772000044584274, 1.5348000526428223}, {0.024241000413894653, 0.11388999968767166, 1.513930082321167},
