tag time posX posY posZ rotX rotY rotZ rotW
head 532.045 0.0919469 0.0390312 0.994999 0.740033 0.011487 0.0359934 0.011487
hip 532.045 0.157487 0.141495 0.977332 0.553533 -0.00155655 -0.00851393 -0.00155655
lHand 532.045 0.518234 -0.134996 0.844517 0.130821 0.435089 -0.827908 0.435089
rHand 532.045 -0.179475 -0.137384 0.974122 0.118146 -0.400147 0.904383 -0.400147
lFoot 532.045 0.878171 0.424731 0.220044 -0.984824 0.0183132 -0.064302 0.0183132
rFoot 532.045 0.196601 0.876927 0.438573 -0.987502 0.0253381 0.0472671 0.0253381
head 532.056 0.0919972 0.0389897 0.994996 0.739931 0.0114945 0.0360948 0.0114945
hip 532.056 0.157646 0.141321 0.977331 0.55374 -0.00166763 -0.00856733 -0.00166763
lHand 532.056 0.518387 -0.135249 0.844383 0.130729 0.435443 -0.827445 0.435443
rHand 532.056 -0.178982 -0.137777 0.974158 0.119396 -0.398155 0.905123 -0.398155
lFoot 532.056 0.878174 0.42469 0.22011 -0.984827 0.0182439 -0.0640756 0.0182439
rFoot 532.056 0.196879 0.876817 0.43867 -0.987478 0.0253413 0.0473964 0.0253413
head 532.068 0.0920879 0.0388984 0.994991 0.739885 0.0114728 0.0361854 0.0114728
hip 532.068 0.157767 0.141148 0.977337 0.553866 -0.00138193 -0.00853028 -0.00138193
lHand 532.068 0.518434 -0.135194 0.844363 0.130659 0.435801 -0.826924 0.435801
rHand 532.068 -0.178723 -0.138092 0.974161 0.120515 -0.396314 0.905846 -0.396314
lFoot 532.068 0.87819 0.424793 0.219849 -0.984848 0.0183431 -0.0639907 0.0183431
rFoot 532.068 0.197094 0.876677 0.438853 -0.987438 0.02535 0.0475704 0.02535
head 532.079 0.0921591 0.0389162 0.994984 0.739608 0.0115895 0.0362641 0.0115895
hip 532.079 0.15806 0.140309 0.97741 0.554133 -0.00132705 -0.00822479 -0.00132705
lHand 532.079 0.518561 -0.13525 0.844276 0.130438 0.436255 -0.826436 0.436255
rHand 532.079 -0.177994 -0.138515 0.974234 0.122681 -0.394444 0.90639 -0.394444
lFoot 532.079 0.878158 0.424819 0.219925 -0.984847 0.0180326 -0.0639334 0.0180326
rFoot 532.079 0.196972 0.87669 0.43888 -0.987432 0.0253038 0.0476893 0.0253038
head 532.09 0.0922635 0.0388139 0.994978 0.739393 0.0117173 0.0362654 0.0117173
hip 532.09 0.158199 0.140054 0.977424 0.55413 -0.00165277 -0.00853593 -0.00165277
lHand 532.09 0.518714 -0.135289 0.844175 0.130259 0.436713 -0.826001 0.436713
rHand 532.09 -0.177214 -0.139257 0.97427 0.125881 -0.392091 0.906906 -0.392091
lFoot 532.09 0.878246 0.424695 0.219815 -0.984857 0.017808 -0.0637234 0.017808
rFoot 532.09 0.197491 0.876532 0.438964 -0.987388 0.025278 0.0477592 0.025278
head 532.104 0.0922916 0.0387815 0.994977 0.739043 0.011993 0.0364427 0.011993
hip 532.104 0.158292 0.139762 0.977451 0.554143 -0.00187099 -0.00859296 -0.00187099
lHand 532.104 0.518979 -0.135813 0.843928 0.130177 0.43706 -0.825613 0.43706
rHand 532.104 -0.177026 -0.139856 0.974219 0.126653 -0.38982 0.907682 -0.38982
lFoot 532.104 0.878184 0.425002 0.219468 -0.984872 0.0177431 -0.0635472 0.0177431
rFoot 532.104 0.197359 0.876525 0.439037 -0.987369 0.0251396 0.0477731 0.0251396
head 532.113 0.0923466 0.0387284 0.994973 0.738744 0.0121632 0.0365556 0.0121632
hip 532.113 0.158778 0.138855 0.977501 0.554488 -0.00190478 -0.00836156 -0.00190478
lHand 532.113 0.519162 -0.135784 0.843821 0.130316 0.437184 -0.825522 0.437184
rHand 532.113 -0.176717 -0.141091 0.974097 0.126935 -0.386935 0.908602 -0.386935
lFoot 532.113 0.878202 0.424944 0.219508 -0.984881 0.0176458 -0.063407 0.0176458
rFoot 532.113 0.197223 0.876421 0.439305 -0.98735 0.0251062 0.0479614 0.0251062
head 532.124 0.092372 0.0387172 0.994972 0.738435 0.0121259 0.0367931 0.0121259
hip 532.124 0.158825 0.138713 0.977514 0.555202 -0.00166467 -0.00827637 -0.00166467
lHand 532.124 0.51921 -0.135948 0.843765 0.130383 0.437383 -0.825369 0.437383
rHand 532.124 -0.176518 -0.14224 0.973966 0.12557 -0.384295 0.909584 -0.384295
lFoot 532.124 0.878163 0.424944 0.219662 -0.984872 0.0176005 -0.0633934 0.0176005
rFoot 532.124 0.19747 0.876278 0.439479 -0.98731 0.0252781 0.0481097 0.0252781
head 532.135 0.0923863 0.0388147 0.994966 0.738079 0.0120263 0.0371297 0.0120263
hip 532.135 0.158922 0.138553 0.977521 0.555855 -0.00153851 -0.00815572 -0.00153851
lHand 532.135 0.519424 -0.135977 0.843628 0.130371 0.437548 -0.825299 0.437548
rHand 532.135 -0.17602 -0.143257 0.973907 0.125732 -0.382133 0.910209 -0.382133
lFoot 532.135 0.877981 0.425765 0.218802 -0.984879 0.0175845 -0.0634211 0.0175845
rFoot 532.135 0.197299 0.876844 0.438426 -0.987288 0.0253074 0.0480505 0.0253074
head 532.146 0.09244 0.0388247 0.994961 0.737556 0.0118544 0.0373174 0.0118544
hip 532.146 0.159237 0.138314 0.977503 0.556325 -0.00149561 -0.00809679 -0.00149561
lHand 532.146 0.519683 -0.136041 0.843459 0.130252 0.437876 -0.825127 0.437876
rHand 532.146 -0.175785 -0.143929 0.97385 0.126232 -0.380018 0.910763 -0.380018
lFoot 532.146 0.877896 0.425912 0.218856 -0.984882 0.0173306 -0.0632564 0.0173306
rFoot 532.146 0.196945 0.876826 0.438621 -0.987278 0.0250909 0.0482234 0.0250909
head 532.157 0.0925272 0.0387439 0.994956 0.737209 0.0118137 0.0374251 0.0118137
hip 532.157 0.159375 0.138098 0.977512 0.556582 -0.00163998 -0.00834936 -0.00163998
lHand 532.157 0.520012 -0.136483 0.843185 0.130082 0.438322 -0.824859 0.438322
rHand 532.157 -0.175253 -0.145165 0.973763 0.126993 -0.378357 0.91117 -0.378357
lFoot 532.157 0.87821 0.425505 0.218386 -0.984869 0.0171959 -0.0631982 0.0171959
rFoot 532.157 0.197891 0.876833 0.438181 -0.987232 0.0251752 0.0484559 0.0251752
head 532.168 0.0926366 0.038742 0.994946 0.73675 0.0118773 0.0374396 0.0118773
hip 532.168 0.159745 0.137753 0.9775 0.556782 -0.00217956 -0.00886913 -0.00217956
lHand 532.168 0.520312 -0.136622 0.842977 0.13013 0.438651 -0.824661 0.438651
rHand 532.168 -0.174532 -0.146171 0.973742 0.127624 -0.377095 0.911429 -0.377095
lFoot 532.168 0.878226 0.4255 0.21833 -0.984861 0.0170218 -0.0630593 0.0170218
rFoot 532.168 0.198303 0.876717 0.438228 -0.987186 0.0252331 0.0485555 0.0252331
head 532.18 0.0927078 0.0386822 0.994942 0.736273 0.0119347 0.0374887 0.0119347
hip 532.18 0.159945 0.13717 0.977549 0.557107 -0.0021659 -0.00887197 -0.0021659
lHand 532.18 0.5206 -0.136822 0.842767 0.130483 0.438885 -0.824434 0.438885
rHand 532.18 -0.173994 -0.14737 0.973657 0.12834 -0.376987 0.911273 -0.376987
lFoot 532.18 0.878367 0.424958 0.218819 -0.984851 0.0169303 -0.0628387 0.0169303
rFoot 532.18 0.198941 0.875895 0.43958 -0.987158 0.02502 0.0486319 0.02502
head 532.191 0.0927538 0.0387404 0.994935 0.735715 0.0119446 0.0374887 0.0119446
hip 532.191 0.159934 0.136983 0.977577 0.55773 -0.00181876 -0.00855831 -0.00181876
lHand 532.191 0.520872 -0.137311 0.842519 0.130869 0.439012 -0.824312 0.439012
rHand 532.191 -0.173854 -0.147807 0.973616 0.12916 -0.377463 0.910936 -0.377463
lFoot 532.191 0.878095 0.425278 0.219287 -0.984829 0.0170695 -0.0628097 0.0170695
rFoot 532.191 0.198165 0.875784 0.440152 -0.987142 0.0249415 0.0487369 0.0249415
head 532.202 0.0927739 0.0387839 0.994932 0.73521 0.0118521 0.0374864 0.0118521
hip 532.202 0.15993 0.136855 0.977596 0.558615 -0.00155889 -0.00801896 -0.00155889
lHand 532.202 0.521034 -0.137132 0.842448 0.131288 0.439014 -0.824282 0.439014
rHand 532.202 -0.174046 -0.14836 0.973498 0.129446 -0.378313 0.910583 -0.378313
lFoot 532.202 0.878174 0.425054 0.219408 -0.984808 0.0172638 -0.0627608 0.0172638
rFoot 532.202 0.198363 0.875381 0.440863 -0.987103 0.0250013 0.0486866 0.0250013
head 532.213 0.0928411 0.0388735 0.994922 0.734642 0.0119141 0.0375038 0.0119141
hip 532.213 0.160023 0.136609 0.977615 0.559359 -0.00147806 -0.00785997 -0.00147806
lHand 532.213 0.521352 -0.137353 0.842215 0.131623 0.439075 -0.824274 0.439075
rHand 532.213 -0.174002 -0.149002 0.973407 0.129481 -0.379326 0.910226 -0.379326
lFoot 532.213 0.878152 0.425056 0.219493 -0.984801 0.0172318 -0.0626428 0.0172318
rFoot 532.213 0.198625 0.875318 0.44087 -0.987094 0.0250524 0.0487464 0.0250524
head 532.224 0.0929346 0.0388774 0.994913 0.734131 0.0118607 0.0374186 0.0118607
hip 532.224 0.160103 0.136433 0.977626 0.559912 -0.00151389 -0.0079275 -0.00151389
lHand 532.224 0.521793 -0.137522 0.841914 0.131921 0.439044 -0.824354 0.439044
rHand 532.224 -0.174103 -0.149627 0.973293 0.130107 -0.380459 0.909756 -0.380459
lFoot 532.224 0.878085 0.425113 0.219648 -0.984796 0.0171895 -0.0626638 0.0171895
rFoot 532.224 0.198445 0.875207 0.441171 -0.987074 0.0252095 0.048868 0.0252095
head 532.235 0.0930396 0.0389464 0.9949 0.733643 0.0119098 0.0373683 0.0119098
hip 532.235 0.160203 0.136358 0.97762 0.560037 -0.0017822 -0.00839906 -0.0017822
lHand 532.235 0.522095 -0.137574 0.841718 0.132331 0.439038 -0.824436 0.439038
rHand 532.235 -0.174225 -0.150326 0.973164 0.131343 -0.381122 0.90938 -0.381122
lFoot 532.235 0.878008 0.425329 0.219538 -0.984781 0.0170957 -0.0626074 0.0170957
rFoot 532.235 0.198458 0.875193 0.441194 -0.987046 0.0252895 0.0488455 0.0252895
head 532.246 0.0931037 0.0389655 0.994894 0.733216 0.0119654 0.0373645 0.0119654
hip 532.246 0.160282 0.136136 0.977638 0.559655 -0.0018764 -0.0087608 -0.0018764
lHand 532.246 0.522339 -0.137729 0.841542 0.132926 0.439037 -0.824593 0.439037
rHand 532.246 -0.174359 -0.150559 0.973104 0.133619 -0.381185 0.909161 -0.381185
lFoot 532.246 0.877937 0.425409 0.219666 -0.984781 0.0167667 -0.0624557 0.0167667
rFoot 532.246 0.198466 0.875088 0.441397 -0.987038 0.0250887 0.0488417 0.0250887
head 532.257 0.093191 0.0389472 0.994886 0.732866 0.0120755 0.0372665 0.0120755
hip 532.257 0.160361 0.135839 0.977667 0.559321 -0.00192806 -0.00897901 -0.00192806
lHand 532.257 0.522566 -0.13788 0.841376 0.133547 0.439067 -0.824798 0.439067
rHand 532.257 -0.174448 -0.150982 0.973022 0.137207 -0.380721 0.908909 -0.380721
lFoot 532.257 0.877994 0.425299 0.219653 -0.984779 0.0166887 -0.0623926 0.0166887
rFoot 532.257 0.198707 0.874938 0.441587 -0.986996 0.024874 0.0489611 0.024874
head 532.268 0.0931798 0.0389797 0.994886 0.732533 0.01228 0.0371736 0.01228
hip 532.268 0.159874 0.136531 0.97765 0.558546 -0.00182238 -0.00895961 -0.00182238
lHand 532.268 0.522756 -0.137818 0.841268 0.134052 0.439111 -0.824968 0.439111
rHand 532.268 -0.174744 -0.151479 0.972892 0.140095 -0.380193 0.908738 -0.380193
lFoot 532.268 0.877962 0.425288 0.219803 -0.984756 0.0167085 -0.0622713 0.0167085
rFoot 532.268 0.197667 0.874806 0.442315 -0.986968 0.0248108 0.0489335 0.0248108
head 532.28 0.0932445 0.0388967 0.994883 0.732344 0.0125818 0.0370903 0.0125818
hip 532.28 0.160066 0.135914 0.977705 0.558385 -0.00166596 -0.00867424 -0.00166596
lHand 532.28 0.522918 -0.138009 0.841136 0.134599 0.439125 -0.825139 0.439125
rHand 532.28 -0.175111 -0.152369 0.972687 0.141351 -0.381062 0.90822 -0.381062
lFoot 532.28 0.877946 0.425283 0.219874 -0.984744 0.0166425 -0.0622791 0.0166425
rFoot 532.28 0.197632 0.874747 0.442448 -0.986951 0.0247361 0.0490807 0.0247361
head 532.291 0.0932809 0.0388508 0.994882 0.73221 0.0128514 0.0371152 0.0128514
hip 532.291 0.160053 0.135709 0.977735 0.55861 -0.00149138 -0.0084178 -0.00149138
lHand 532.291 0.522993 -0.13842 0.841022 0.135021 0.439176 -0.825226 0.439176
rHand 532.291 -0.17535 -0.152877 0.972564 0.142127 -0.382942 0.90737 -0.382942
lFoot 532.291 0.878157 0.424916 0.219741 -0.984728 0.0166486 -0.062214 0.0166486
rFoot 532.291 0.198393 0.874587 0.442423 -0.986906 0.0249364 0.0491284 0.0249364
head 532.302 0.0933719 0.0387843 0.994876 0.732102 0.0130681 0.0371813 0.0130681
hip 532.302 0.159951 0.135884 0.977728 0.559152 -0.00154737 -0.00860064 -0.00154737
lHand 532.302 0.523119 -0.138655 0.840905 0.135444 0.439029 -0.82532 0.439029
rHand 532.302 -0.175132 -0.153659 0.97248 0.143574 -0.385824 0.905899 -0.385824
lFoot 532.302 0.878138 0.425085 0.219489 -0.984716 0.0166393 -0.0621678 0.0166393
rFoot 532.302 0.198802 0.874559 0.442295 -0.986879 0.0251069 0.0491313 0.0251069
head 532.313 0.0934014 0.0387209 0.994875 0.732018 0.0133081 0.0373536 0.0133081
hip 532.313 0.160143 0.135341 0.977771 0.559536 -0.00151003 -0.00871425 -0.00151003
lHand 532.313 0.523218 -0.138916 0.840801 0.13555 0.438891 -0.825444 0.438891
rHand 532.313 -0.175036 -0.153743 0.972484 0.144956 -0.388714 0.904434 -0.388714
lFoot 532.313 0.878113 0.425064 0.219631 -0.9847 0.0162982 -0.0620343 0.0162982
rFoot 532.313 0.198697 0.874468 0.442521 -0.986868 0.0250484 0.0492191 0.0250484
head 532.324 0.0934077 0.0386319 0.994878 0.732003 0.0137734 0.0375524 0.0137734
hip 532.324 0.160184 0.135125 0.977795 0.560057 -0.0017792 -0.00907124 -0.0017792
lHand 532.324 0.523487 -0.139268 0.840575 0.135309 0.438793 -0.825566 0.438793
rHand 532.324 -0.175026 -0.154186 0.972416 0.145982 -0.391607 0.902966 -0.391607
lFoot 532.324 0.878153 0.424955 0.219685 -0.984685 0.0162487 -0.0619255 0.0162487
rFoot 532.324 0.198902 0.874373 0.442617 -0.986832 0.0249549 0.0493266 0.0249549
head 532.335 0.093458 0.0385771 0.994876 0.731982 0.0141455 0.03772 0.0141455
hip 532.335 0.16021 0.134964 0.977813 0.560539 -0.00213665 -0.00941801 -0.00213665
lHand 532.335 0.523683 -0.139315 0.840445 0.134995 0.438717 -0.825719 0.438717
rHand 532.335 -0.174747 -0.154636 0.972395 0.146794 -0.394416 0.901541 -0.394416
lFoot 532.335 0.878167 0.424864 0.219803 -0.984665 0.01622 -0.0619036 0.01622
rFoot 532.335 0.199256 0.874156 0.442886 -0.986803 0.0250458 0.0492539 0.0250458
head 532.346 0.0934428 0.038478 0.994881 0.73199 0.0145788 0.0380371 0.0145788
hip 532.346 0.160334 0.134485 0.977858 0.561291 -0.00206331 -0.00924171 -0.00206331
lHand 532.346 0.523803 -0.139535 0.840333 0.13458 0.43866 -0.825839 0.43866
rHand 532.346 -0.174799 -0.155102 0.972311 0.146805 -0.39746 0.900067 -0.39746
lFoot 532.346 0.878186 0.424735 0.219975 -0.984641 0.0162401 -0.0618037 0.0162401
rFoot 532.346 0.198973 0.874066 0.44319 -0.986778 0.0249539 0.0493793 0.0249539
head 532.358 0.0934254 0.0383974 0.994886 0.732006 0.0148617 0.0383611 0.0148617
hip 532.358 0.160288 0.134289 0.977893 0.561766 -0.00190314 -0.00887962 -0.00190314
lHand 532.358 0.52389 -0.14019 0.84017 0.134282 0.438604 -0.825978 0.438604
rHand 532.358 -0.17488 -0.155241 0.972274 0.145596 -0.40088 0.898545 -0.40088
lFoot 532.358 0.878108 0.424779 0.220205 -0.984618 0.0163171 -0.0617887 0.0163171
rFoot 532.358 0.198917 0.874002 0.443341 -0.986764 0.0248387 0.0493488 0.0248387
head 532.37 0.0933419 0.0382365 0.9949 0.732109 0.015159 0.0387249 0.015159
hip 532.37 0.160227 0.134093 0.97793 0.562117 -0.00169062 -0.00838407 -0.00169062
lHand 532.37 0.523949 -0.14023 0.840127 0.134097 0.438551 -0.826056 0.438551
rHand 532.37 -0.17473 -0.155831 0.972207 0.145262 -0.403734 0.897202 -0.403734
lFoot 532.37 0.878094 0.424714 0.220384 -0.984604 0.016382 -0.0617597 0.016382
rFoot 532.37 0.197979 0.873738 0.444282 -0.986736 0.0248454 0.0492462 0.0248454
head 532.381 0.0933291 0.0381584 0.994904 0.732073 0.0153953 0.0390698 0.0153953
hip 532.381 0.160086 0.133451 0.978041 0.562139 -0.00168715 -0.00831718 -0.00168715
lHand 532.381 0.523972 -0.140512 0.840065 0.13398 0.438663 -0.826026 0.438663
rHand 532.381 -0.174723 -0.155928 0.972193 0.14349 -0.407142 0.895735 -0.407142
lFoot 532.381 0.878056 0.424719 0.220523 -0.984584 0.0160986 -0.0618214 0.0160986
rFoot 532.381 0.198166 0.873732 0.44421 -0.986727 0.0249795 0.0493191 0.0249795
head 532.391 0.0933011 0.0380415 0.994911 0.732123 0.0156656 0.039402 0.0156656
hip 532.391 0.160059 0.133174 0.978083 0.562182 -0.00180028 -0.00838492 -0.00180028
lHand 532.391 0.523954 -0.141097 0.839978 0.133948 0.438757 -0.825997 0.438757
rHand 532.391 -0.174863 -0.156071 0.972144 0.140026 -0.411133 0.894277 -0.411133
lFoot 532.391 0.878168 0.424485 0.22053 -0.984568 0.016078 -0.0617495 0.016078
rFoot 532.391 0.198732 0.873668 0.444083 -0.9867 0.0250199 0.0493628 0.0250199
head 532.403 0.0932662 0.0379077 0.994919 0.732159 0.0159036 0.0396327 0.0159036
hip 532.403 0.160064 0.132923 0.978116 0.562225 -0.00220348 -0.00880871 -0.00220348
lHand 532.403 0.523941 -0.14141 0.839934 0.134099 0.43884 -0.825954 0.43884
rHand 532.403 -0.174624 -0.156393 0.972136 0.138385 -0.414468 0.89276 -0.414468
lFoot 532.403 0.87814 0.424444 0.220719 -0.984557 0.0159869 -0.0617362 0.0159869
rFoot 532.403 0.197876 0.873571 0.444657 -0.986693 0.0248864 0.0491918 0.0248864
head 532.414 0.0932209 0.0378366 0.994926 0.732156 0.0160727 0.0400342 0.0160727
hip 532.414 0.159904 0.13253 0.978195 0.562459 -0.0023789 -0.00900469 -0.0023789
lHand 532.414 0.523905 -0.141734 0.839902 0.134263 0.438953 -0.825872 0.438953
rHand 532.414 -0.174388 -0.156314 0.972191 0.137127 -0.417536 0.891219 -0.417536
lFoot 532.414 0.878074 0.424492 0.220891 -0.984521 0.0156028 -0.0617101 0.0156028
rFoot 532.414 0.198165 0.873504 0.44466 -0.986667 0.0247919 0.0493078 0.0247919
head 532.425 0.0931801 0.037713 0.994935 0.732148 0.0163752 0.0403707 0.0163752
hip 532.425 0.159816 0.132308 0.97824 0.562686 -0.00239451 -0.00899339 -0.00239451
lHand 532.425 0.523919 -0.142291 0.839799 0.134309 0.438953 -0.82592 0.438953
rHand 532.425 -0.174116 -0.156436 0.97222 0.135498 -0.420676 0.889737 -0.420676
lFoot 532.425 0.87804 0.424465 0.221079 -0.984486 0.0152342 -0.0615749 0.0152342
rFoot 532.425 0.198554 0.873407 0.444677 -0.986628 0.0247175 0.049386 0.0247175
head 532.436 0.0932345 0.0376039 0.994934 0.732132 0.0165435 0.0405996 0.0165435
hip 532.436 0.159742 0.132123 0.978277 0.562978 -0.00244136 -0.00887155 -0.00244136
lHand 532.436 0.523861 -0.142619 0.839779 0.134312 0.438974 -0.825957 0.438974
rHand 532.436 -0.173622 -0.156497 0.972299 0.134082 -0.423836 0.88818 -0.423836
lFoot 532.436 0.878119 0.424371 0.220946 -0.984445 0.0154919 -0.0616577 0.0154919
rFoot 532.436 0.199512 0.873013 0.445021 -0.986609 0.0247403 0.049323 0.0247403
head 532.447 0.0931897 0.0374965 0.994942 0.732104 0.0166675 0.0409083 0.0166675
hip 532.447 0.159992 0.132095 0.97824 0.563293 -0.00232952 -0.00880558 -0.00232952
lHand 532.447 0.523776 -0.142966 0.839773 0.134373 0.438782 -0.826077 0.438782
rHand 532.447 -0.173338 -0.156689 0.972318 0.13332 -0.42691 0.88647 -0.42691
lFoot 532.447 0.878177 0.42418 0.221081 -0.984397 0.0156402 -0.0616136 0.0156402
rFoot 532.447 0.199608 0.872796 0.445403 -0.986566 0.0248576 0.0494599 0.0248576
head 532.458 0.0931499 0.0373991 0.994949 0.732001 0.016734 0.0412118 0.016734
hip 532.458 0.159927 0.131949 0.97827 0.563468 -0.00228834 -0.00861693 -0.00228834
lHand 532.458 0.523669 -0.143338 0.839777 0.134323 0.438641 -0.826206 0.438641
rHand 532.458 -0.173022 -0.156648 0.972381 0.132412 -0.42998 0.884779 -0.42998
lFoot 532.458 0.878165 0.424091 0.221299 -0.98435 0.0154272 -0.0616483 0.0154272
rFoot 532.458 0.199706 0.872566 0.445809 -0.986508 0.0248294 0.0494999 0.0248294
head 532.469 0.0931293 0.0373055 0.994955 0.731927 0.0167776 0.0415695 0.0167776
hip 532.469 0.159932 0.131931 0.978272 0.563334 -0.00219545 -0.00859834 -0.00219545
lHand 532.469 0.523578 -0.143688 0.839773 0.134342 0.438322 -0.826374 0.438322
rHand 532.469 -0.172492 -0.156636 0.972477 0.132001 -0.432713 0.883124 -0.432713
lFoot 532.469 0.878172 0.424169 0.221122 -0.984311 0.0152519 -0.0616436 0.0152519
rFoot 532.469 0.199997 0.872627 0.445559 -0.986484 0.0248017 0.0494003 0.0248017
head 532.481 0.0930898 0.0372083 0.994962 0.731768 0.0168272 0.0417643 0.0168272
hip 532.481 0.159905 0.131618 0.978319 0.563105 -0.00209096 -0.00854301 -0.00209096
lHand 532.481 0.523438 -0.144024 0.839803 0.134264 0.437887 -0.826621 0.437887
rHand 532.481 -0.172236 -0.156799 0.972496 0.131147 -0.435061 0.881744 -0.435061
lFoot 532.481 0.878153 0.424119 0.221294 -0.984273 0.0150053 -0.0616393 0.0150053
rFoot 532.481 0.199545 0.872476 0.446058 -0.986438 0.0244671 0.0494938 0.0244671
head 532.492 0.0930478 0.0370923 0.994971 0.731731 0.0168925 0.0419201 0.0168925
hip 532.492 0.159821 0.131367 0.978366 0.562788 -0.00179309 -0.00804503 -0.00179309
lHand 532.492 0.523291 -0.144265 0.839854 0.134212 0.437507 -0.826837 0.437507
rHand 532.492 -0.171955 -0.156534 0.972589 0.130257 -0.437459 0.880342 -0.437459
lFoot 532.492 0.878121 0.42409 0.221477 -0.984241 0.0149161 -0.0616501 0.0149161
rFoot 532.492 0.19958 0.872282 0.446421 -0.986396 0.0243353 0.0495823 0.0243353
head 532.503 0.0929335 0.0370666 0.994982 0.731625 0.0169548 0.0421276 0.0169548
hip 532.503 0.159682 0.13101 0.978437 0.562977 -0.001576 -0.00754123 -0.001576
lHand 532.503 0.523135 -0.144601 0.839893 0.134147 0.437245 -0.826978 0.437245
rHand 532.503 -0.17193 -0.156285 0.972633 0.129104 -0.439441 0.879224 -0.439441
lFoot 532.503 0.878094 0.424175 0.221419 -0.984224 0.0147778 -0.0615139 0.0147778
rFoot 532.503 0.199416 0.872169 0.446716 -0.986341 0.0242296 0.0496252 0.0242296
head 532.514 0.0928668 0.0369483 0.994993 0.73155 0.0169873 0.0422646 0.0169873
hip 532.514 0.159686 0.130703 0.978477 0.563296 -0.00156176 -0.00737426 -0.00156176
lHand 532.514 0.522989 -0.144937 0.839926 0.133902 0.437137 -0.827084 0.437137
rHand 532.514 -0.171688 -0.156583 0.972628 0.128948 -0.441327 0.877948 -0.441327
lFoot 532.514 0.878051 0.424148 0.221642 -0.984199 0.0145173 -0.061569 0.0145173
rFoot 532.514 0.199396 0.871982 0.447089 -0.986302 0.0241137 0.0497424 0.0241137
head 532.526 0.0928585 0.0367594 0.995001 0.731494 0.0170313 0.0423014 0.0170313
hip 532.526 0.159636 0.130556 0.978505 0.563565 -0.00181738 -0.00778961 -0.00181738
lHand 532.526 0.522896 -0.145328 0.839916 0.133533 0.437189 -0.827126 0.437189
rHand 532.526 -0.171146 -0.156715 0.972702 0.129073 -0.442803 0.876843 -0.442803
lFoot 532.526 0.878303 0.423725 0.221454 -0.984166 0.0141802 -0.0615372 0.0141802
rFoot 532.526 0.200769 0.871863 0.446707 -0.98624 0.0240451 0.0498872 0.0240451
head 532.537 0.0928035 0.0366569 0.995009 0.731407 0.0171235 0.0424311 0.0171235
hip 532.537 0.159525 0.130359 0.978549 0.563757 -0.00216073 -0.00828781 -0.00216073
lHand 532.537 0.52278 -0.145652 0.839933 0.133147 0.437145 -0.827223 0.437145
rHand 532.537 -0.170437 -0.156727 0.972825 0.12869 -0.444196 0.875905 -0.444196
lFoot 532.537 0.87824 0.423773 0.221613 -0.984113 0.0135171 -0.0615453 0.0135171
rFoot 532.537 0.201187 0.871636 0.446961 -0.986184 0.0241207 0.0498121 0.0241207
head 532.547 0.0927445 0.0365521 0.995019 0.731314 0.0171784 0.042422 0.0171784
hip 532.547 0.159565 0.129867 0.978608 0.563638 -0.00252948 -0.00868019 -0.00252948
lHand 532.547 0.522661 -0.145958 0.839954 0.132902 0.437154 -0.827292 0.437154
rHand 532.547 -0.170256 -0.156954 0.97282 0.128456 -0.444823 0.87538 -0.444823
lFoot 532.547 0.878235 0.423668 0.221831 -0.984071 0.013253 -0.0615912 0.013253
rFoot 532.547 0.201454 0.871431 0.447241 -0.986148 0.0240626 0.049874 0.0240626
head 532.559 0.0926727 0.036473 0.995028 0.731217 0.0172198 0.0425638 0.0172198
hip 532.559 0.159418 0.129657 0.97866 0.563687 -0.00250378 -0.00856643 -0.00250378
lHand 532.559 0.522504 -0.14631 0.83999 0.132697 0.437082 -0.827412 0.437082
rHand 532.559 -0.170152 -0.156462 0.972917 0.128007 -0.445553 0.874838 -0.445553
lFoot 532.559 0.877868 0.424067 0.22252 -0.984012 0.0128016 -0.0617383 0.0128016
rFoot 532.559 0.200895 0.871036 0.44826 -0.986105 0.0241743 0.0498126 0.0241743
head 532.57 0.0925786 0.0363766 0.995041 0.73103 0.0173575 0.0426353 0.0173575
hip 532.57 0.159213 0.129502 0.978714 0.564056 -0.00222248 -0.00808858 -0.00222248
lHand 532.57 0.522219 -0.146308 0.840167 0.132556 0.436875 -0.827604 0.436875
rHand 532.57 -0.169849 -0.156485 0.972967 0.12734 -0.446439 0.87424 -0.446439
lFoot 532.57 0.877845 0.424112 0.222525 -0.983969 0.0124907 -0.0617111 0.0124907
rFoot 532.57 0.201257 0.87069 0.44877 -0.986053 0.0241351 0.0498586 0.0241351
head 532.582 0.0924481 0.0363015 0.995056 0.730859 0.0175773 0.0427906 0.0175773
hip 532.582 0.159186 0.128951 0.978791 0.564535 -0.00195952 -0.00774829 -0.00195952
lHand 532.582 0.52206 -0.146554 0.840223 0.132435 0.436785 -0.827772 0.436785
rHand 532.582 -0.169636 -0.156396 0.973018 0.126479 -0.447012 0.873899 -0.447012
lFoot 532.582 0.877858 0.423989 0.222707 -0.983917 0.0124076 -0.061711 0.0124076
rFoot 532.582 0.201259 0.870533 0.449073 -0.986032 0.0239181 0.0499261 0.0239181
head 532.592 0.0923331 0.036165 0.995071 0.730666 0.0176733 0.0428988 0.0176733
hip 532.592 0.158973 0.128832 0.978841 0.565055 -0.00181393 -0.00745598 -0.00181393
lHand 532.592 0.522038 -0.146619 0.840226 0.132254 0.436617 -0.827972 0.436617
rHand 532.592 -0.16948 -0.156291 0.973062 0.125425 -0.447764 0.873532 -0.447764
lFoot 532.592 0.877793 0.423959 0.223021 -0.983859 0.0123453 -0.0617293 0.0123453
rFoot 532.592 0.201129 0.870373 0.449442 -0.985983 0.0238107 0.0499608 0.0238107
head 532.604 0.0920836 0.0360565 0.995098 0.730473 0.0178687 0.0430339 0.0178687
hip 532.604 0.158745 0.128789 0.978884 0.565979 -0.00186186 -0.00709803 -0.00186186
lHand 532.604 0.521886 -0.146851 0.840279 0.132276 0.436569 -0.828092 0.436569
rHand 532.604 -0.169945 -0.156201 0.972995 0.124088 -0.448429 0.873294 -0.448429
lFoot 532.604 0.877814 0.423868 0.22311 -0.983804 0.0124952 -0.0618955 0.0124952
rFoot 532.604 0.20051 0.870294 0.449871 -0.985957 0.0236975 0.049719 0.0236975
head 532.615 0.0919215 0.0359639 0.995117 0.730202 0.0180448 0.0431744 0.0180448
hip 532.615 0.158464 0.128537 0.978962 0.566717 -0.00199841 -0.00703041 -0.00199841
lHand 532.615 0.521738 -0.147083 0.840331 0.132291 0.436541 -0.828185 0.436541
rHand 532.615 -0.169902 -0.156078 0.973023 0.122988 -0.449125 0.87301 -0.449125
lFoot 532.615 0.877798 0.423807 0.223289 -0.983755 0.0124714 -0.0621056 0.0124714
rFoot 532.615 0.200243 0.870219 0.450136 -0.985939 0.0235464 0.0496645 0.0235464
head 532.626 0.0917258 0.0358061 0.99514 0.730012 0.0182248 0.0433617 0.0182248
hip 532.626 0.158202 0.128539 0.979005 0.567552 -0.00202607 -0.00692615 -0.00202607
lHand 532.626 0.521587 -0.147486 0.840354 0.132411 0.436516 -0.828177 0.436516
rHand 532.626 -0.169924 -0.156057 0.973022 0.121881 -0.449776 0.872795 -0.449776
lFoot 532.626 0.877786 0.423755 0.223433 -0.983738 0.0123522 -0.0621634 0.0123522
rFoot 532.626 0.200063 0.870158 0.450333 -0.985904 0.023239 0.0496161 0.023239
head 532.637 0.0914839 0.0357051 0.995166 0.72983 0.0185267 0.0435143 0.0185267
hip 532.637 0.157924 0.128513 0.979053 0.568043 -0.00214611 -0.00696169 -0.00214611
lHand 532.637 0.521419 -0.147731 0.840415 0.132634 0.436598 -0.828103 0.436598
rHand 532.637 -0.170231 -0.155862 0.973 0.120738 -0.45021 0.872739 -0.45021
lFoot 532.637 0.877676 0.424068 0.223275 -0.98371 0.0121518 -0.0621243 0.0121518
rFoot 532.637 0.199852 0.870023 0.450686 -0.985869 0.0230895 0.0494516 0.0230895
head 532.648 0.0912616 0.035532 0.995193 0.729714 0.0187226 0.0436365 0.0187226
hip 532.648 0.157798 0.128113 0.979125 0.568179 -0.0023207 -0.00699426 -0.0023207
lHand 532.648 0.521261 -0.147965 0.840472 0.132911 0.436733 -0.82797 0.436733
rHand 532.648 -0.170482 -0.15588 0.972953 0.119646 -0.450656 0.872695 -0.450656
lFoot 532.648 0.877542 0.424254 0.223447 -0.983683 0.0114517 -0.062278 0.0114517
rFoot 532.648 0.199597 0.869891 0.451055 -0.985826 0.0230913 0.0494561 0.0230913
head 532.659 0.0910619 0.0352716 0.99522 0.729629 0.0189179 0.0438888 0.0189179
hip 532.659 0.15752 0.128037 0.97918 0.568262 -0.0024555 -0.0066995 -0.0024555
lHand 532.659 0.521138 -0.14836 0.840479 0.133225 0.436892 -0.827774 0.436892
rHand 532.659 -0.17067 -0.156045 0.972894 0.118744 -0.451165 0.872607 -0.451165
lFoot 532.659 0.877518 0.424246 0.223558 -0.983629 0.0106671 -0.0623816 0.0106671
rFoot 532.659 0.199635 0.86965 0.451503 -0.985775 0.0230078 0.0493262 0.0230078
head 532.671 0.0907515 0.0351085 0.995255 0.729478 0.0189949 0.0441753 0.0189949
hip 532.671 0.157086 0.128013 0.979253 0.568107 -0.00201927 -0.00609375 -0.00201927
lHand 532.671 0.52089 -0.148625 0.840586 0.133817 0.437096 -0.827469 0.437096
rHand 532.671 -0.170925 -0.156069 0.972845 0.117962 -0.451609 0.872492 -0.451609
lFoot 532.671 0.877462 0.424339 0.223598 -0.983588 0.0103173 -0.062429 0.0103173
rFoot 532.671 0.199732 0.869318 0.452098 -0.985723 0.0228469 0.0492869 0.0228469
head 532.682 0.0904505 0.0348769 0.99529 0.729366 0.0190194 0.0444267 0.0190194
hip 532.682 0.156676 0.128037 0.979316 0.568351 -0.00175887 -0.00602023 -0.00175887
lHand 532.682 0.520659 -0.148876 0.840684 0.134346 0.437357 -0.827141 0.437357
rHand 532.682 -0.171287 -0.156374 0.972732 0.117706 -0.451764 0.87246 -0.451764
lFoot 532.682 0.877468 0.424188 0.223862 -0.983506 0.0101499 -0.0625097 0.0101499
rFoot 532.682 0.199465 0.86912 0.452598 -0.985672 0.0224835 0.0494593 0.0224835
head 532.693 0.0900752 0.0346862 0.995331 0.729247 0.0191613 0.0447124 0.0191613
hip 532.693 0.156268 0.12807 0.979376 0.568912 -0.00178804 -0.00605821 -0.00178804
lHand 532.693 0.520238 -0.149087 0.840908 0.134857 0.437504 -0.826908 0.437504
rHand 532.693 -0.171821 -0.156301 0.97265 0.1174 -0.451815 0.872472 -0.451815
lFoot 532.693 0.877401 0.424144 0.224207 -0.983426 0.0102336 -0.0627084 0.0102336
rFoot 532.693 0.199038 0.86894 0.45313 -0.98562 0.0223167 0.0494354 0.0223167
head 532.704 0.0897264 0.0343853 0.995373 0.729183 0.0193744 0.0448808 0.0193744
hip 532.704 0.155746 0.128211 0.979441 0.57004 -0.00207808 -0.00622431 -0.00207808
lHand 532.704 0.519943 -0.14926 0.841059 0.135441 0.437988 -0.826466 0.437988
rHand 532.704 -0.172098 -0.156688 0.972538 0.117042 -0.451904 0.872488 -0.451904
lFoot 532.704 0.87743 0.423914 0.224528 -0.983334 0.0105274 -0.0630703 0.0105274
rFoot 532.704 0.199094 0.868554 0.453846 -0.985554 0.0220997 0.0493826 0.0220997
head 532.715 0.0893285 0.0341093 0.995418 0.729132 0.0195907 0.0451541 0.0195907
hip 532.715 0.155349 0.128131 0.979515 0.571233 -0.00235813 -0.00639238 -0.00235813
lHand 532.715 0.51967 -0.149426 0.841198 0.135921 0.43838 -0.826113 0.43838
rHand 532.715 -0.172631 -0.157089 0.972379 0.117114 -0.451493 0.872702 -0.451493
lFoot 532.715 0.877413 0.423731 0.224942 -0.983228 0.0105826 -0.0635849 0.0105826
rFoot 532.715 0.198659 0.868482 0.454174 -0.985498 0.021684 0.0493459 0.021684
head 532.727 0.088881 0.0337228 0.995471 0.72917 0.0196186 0.0455635 0.0196186
hip 532.727 0.154728 0.128394 0.979578 0.572776 -0.00293182 -0.00666298 -0.00293182
lHand 532.727 0.519467 -0.14996 0.841229 0.136238 0.438887 -0.825791 0.438887
rHand 532.727 -0.17297 -0.157639 0.97223 0.11692 -0.451342 0.872817 -0.451342
lFoot 532.727 0.877435 0.423542 0.225209 -0.983153 0.0103867 -0.0639892 0.0103867
rFoot 532.727 0.198681 0.868451 0.454222 -0.985453 0.021367 0.0491083 0.021367
head 532.738 0.0884311 0.0333783 0.995523 0.729225 0.0193315 0.0460128 0.0193315
hip 532.738 0.15409 0.128691 0.97964 0.57405 -0.0031502 -0.00619378 -0.0031502
lHand 532.738 0.519117 -0.150105 0.841419 0.136684 0.439349 -0.825394 0.439349
rHand 532.738 -0.173689 -0.158059 0.972034 0.116648 -0.45092 0.873109 -0.45092
lFoot 532.738 0.877256 0.423741 0.225533 -0.983068 0.0100451 -0.0644134 0.0100451
rFoot 532.738 0.198446 0.8681 0.454997 -0.985389 0.021221 0.0488509 0.021221
head 532.749 0.0879563 0.0330676 0.995575 0.729222 0.0190026 0.0464644 0.0190026
hip 532.749 0.15343 0.128747 0.979736 0.574618 -0.00266957 -0.00509785 -0.00266957
lHand 532.749 0.518812 -0.150249 0.841581 0.137057 0.439848 -0.825008 0.439848
rHand 532.749 -0.17418 -0.158215 0.97192 0.116642 -0.45036 0.873452 -0.45036
lFoot 532.749 0.87703 0.423977 0.225967 -0.983002 0.00946581 -0.0647139 0.00946581
rFoot 532.749 0.197678 0.868008 0.455506 -0.985372 0.0207024 0.0486252 0.0207024
head 532.76 0.0873496 0.0327448 0.995639 0.729253 0.0187424 0.0469264 0.0187424
hip 532.76 0.152743 0.128931 0.97982 0.574934 -0.00212938 -0.0041496 -0.00212938
lHand 532.76 0.518372 -0.149842 0.841925 0.137426 0.44019 -0.824611 0.44019
rHand 532.76 -0.174938 -0.158188 0.971789 0.116934 -0.449755 0.873779 -0.449755
lFoot 532.76 0.876736 0.42431 0.226486 -0.982928 0.00877604 -0.0651767 0.00877604
rFoot 532.76 0.196993 0.867901 0.456006 -0.985331 0.0204028 0.0484455 0.0204028
head 532.771 0.0867973 0.0323558 0.9957 0.729341 0.0185857 0.0473098 0.0185857
hip 532.771 0.151908 0.129274 0.979904 0.574742 -0.00179945 -0.0038705 -0.00179945
lHand 532.771 0.517939 -0.150014 0.842161 0.13816 0.440552 -0.824078 0.440552
rHand 532.771 -0.175964 -0.158508 0.971551 0.117306 -0.449047 0.874122 -0.449047
lFoot 532.771 0.876507 0.42454 0.226939 -0.982863 0.00813334 -0.0656438 0.00813334
rFoot 532.771 0.196803 0.867658 0.456551 -0.985285 0.0203508 0.0485013 0.0203508
head 532.783 0.0862205 0.0319193 0.995765 0.729505 0.0185606 0.0475838 0.0185606
hip 532.783 0.151382 0.129093 0.980009 0.574835 -0.00220114 -0.00424564 -0.00220114
lHand 532.783 0.517522 -0.150193 0.842386 0.138932 0.440901 -0.823585 0.440901
rHand 532.783 -0.176644 -0.159097 0.971332 0.117487 -0.448494 0.874392 -0.448494
lFoot 532.783 0.876298 0.424847 0.227171 -0.982782 0.0075631 -0.0661237 0.0075631
rFoot 532.783 0.19664 0.867529 0.456866 -0.985226 0.0202284 0.0483721 0.0202284
head 532.794 0.0856394 0.0314287 0.99583 0.729707 0.0186252 0.0477418 0.0186252
hip 532.794 0.150714 0.129212 0.980097 0.57518 -0.00255325 -0.00465844 -0.00255325
lHand 532.794 0.516975 -0.150544 0.842659 0.139767 0.441211 -0.823141 0.441211
rHand 532.794 -0.177271 -0.159798 0.971102 0.117643 -0.447901 0.874681 -0.447901
lFoot 532.794 0.876258 0.424813 0.227391 -0.982705 0.00700252 -0.0664112 0.00700252
rFoot 532.794 0.196538 0.867499 0.456966 -0.985173 0.0200111 0.0481096 0.0200111
head 532.805 0.085017 0.0309762 0.995898 0.729961 0.0186125 0.0478287 0.0186125
hip 532.805 0.1499 0.129362 0.980202 0.576041 -0.00312708 -0.00514713 -0.00312708
lHand 532.805 0.5165 -0.150655 0.84293 0.140422 0.441579 -0.822787 0.441579
rHand 532.805 -0.178009 -0.160302 0.970884 0.117421 -0.447231 0.87508 -0.447231
lFoot 532.805 0.87619 0.42481 0.227659 -0.982627 0.00694032 -0.0668311 0.00694032
rFoot 532.805 0.196113 0.867479 0.457188 -0.985126 0.0195143 0.0478468 0.0195143
head 532.816 0.0843993 0.0306177 0.995961 0.730137 0.018564 0.0479022 0.018564
hip 532.816 0.149077 0.12971 0.980281 0.577092 -0.00338298 -0.00495975 -0.00338298
lHand 532.816 0.516043 -0.150721 0.843198 0.140943 0.441993 -0.822476 0.441993
rHand 532.816 -0.178832 -0.160513 0.970698 0.11693 -0.446414 0.875581 -0.446414
lFoot 532.816 0.876167 0.424675 0.227998 -0.982543 0.00710587 -0.0673997 0.00710587
rFoot 532.816 0.195872 0.867598 0.457064 -0.985082 0.0191467 0.0476216 0.0191467
head 532.827 0.0836808 0.0301624 0.996036 0.730333 0.0185441 0.0480274 0.0185441
hip 532.827 0.148153 0.130023 0.98038 0.5784 -0.00333258 -0.00411958 -0.00333258
lHand 532.827 0.515477 -0.150114 0.843652 0.141242 0.442252 -0.822427 0.442252
rHand 532.827 -0.180024 -0.160758 0.970437 0.115762 -0.445555 0.876261 -0.445555
lFoot 532.827 0.876214 0.424416 0.228301 -0.982441 0.00708054 -0.0679461 0.00708054
rFoot 532.827 0.195317 0.867603 0.457293 -0.985036 0.0189003 0.0471616 0.0189003
head 532.838 0.0829502 0.029647 0.996113 0.730571 0.0184705 0.0481908 0.0184705
hip 532.838 0.147204 0.130356 0.980479 0.57967 -0.00325016 -0.00340218 -0.00325016
lHand 532.838 0.514926 -0.150032 0.844004 0.141514 0.442754 -0.822302 0.442754
rHand 532.838 -0.18117 -0.161166 0.970156 0.114815 -0.444798 0.876869 -0.444798
lFoot 532.838 0.876072 0.424518 0.228652 -0.982367 0.00686392 -0.0684714 0.00686392
rFoot 532.838 0.194669 0.867504 0.457757 -0.984985 0.0185502 0.0468674 0.0185502
head 532.849 0.0821901 0.0291308 0.996191 0.730744 0.0183543 0.0483162 0.0183543
hip 532.849 0.146328 0.130633 0.980573 0.580688 -0.00336544 -0.00300209 -0.00336544
lHand 532.849 0.514319 -0.149919 0.844393 0.141812 0.443169 -0.82221 0.443169
rHand 532.849 -0.182411 -0.161505 0.969867 0.113871 -0.443846 0.877654 -0.443846
lFoot 532.849 0.875926 0.42452 0.229209 -0.982238 0.00641941 -0.0692486 0.00641941
rFoot 532.849 0.194042 0.867646 0.457754 -0.98494 0.0180079 0.0466804 0.0180079
head 532.861 0.0814693 0.0285481 0.996267 0.730942 0.0183274 0.0484834 0.0183274
hip 532.861 0.145402 0.130907 0.980674 0.581486 -0.00378832 -0.0028309 -0.00378832
lHand 532.861 0.51357 -0.150077 0.844821 0.142126 0.443664 -0.822008 0.443664
rHand 532.861 -0.183698 -0.161752 0.969583 0.113096 -0.442879 0.878428 -0.442879
lFoot 532.861 0.875713 0.424646 0.229787 -0.982118 0.00590296 -0.0698908 0.00590296
rFoot 532.861 0.193364 0.8677 0.457937 -0.984909 0.0174543 0.046297 0.0174543
head 532.872 0.0806076 0.0280025 0.996352 0.731227 0.0183205 0.0486514 0.0183205
hip 532.872 0.144336 0.131402 0.980765 0.581962 -0.00424483 -0.0028424 -0.00424483
lHand 532.872 0.512808 -0.149942 0.845308 0.142383 0.444101 -0.82188 0.444101
rHand 532.872 -0.185059 -0.161941 0.969293 0.112413 -0.442089 0.879091 -0.442089
lFoot 532.872 0.875562 0.42476 0.230153 -0.982012 0.00578322 -0.0705643 0.00578322
rFoot 532.872 0.192969 0.867441 0.458595 -0.984859 0.0167901 0.0458448 0.0167901
head 532.883 0.0797115 0.0273955 0.996441 0.731486 0.0184018 0.0488639 0.0184018
hip 532.883 0.143516 0.131229 0.980909 0.582422 -0.00462957 -0.00274212 -0.00462957
lHand 532.883 0.51207 -0.149867 0.845769 0.14275 0.444529 -0.821655 0.444529
rHand 532.883 -0.186609 -0.162385 0.968921 0.111885 -0.44133 0.879701 -0.44133
lFoot 532.883 0.875444 0.424661 0.230784 -0.981853 0.00573964 -0.0714578 0.00573964
rFoot 532.883 0.192403 0.867211 0.459267 -0.984778 0.0163996 0.0455627 0.0163996
head 532.894 0.0788244 0.0267726 0.996529 0.731708 0.0183418 0.049155 0.0183418
hip 532.894 0.142394 0.13146 0.981041 0.582739 -0.0047752 -0.00223463 -0.0047752
lHand 532.894 0.511141 -0.149921 0.846321 0.143287 0.444893 -0.821415 0.444893
rHand 532.894 -0.188132 -0.162661 0.96858 0.111417 -0.440756 0.8802 -0.440756
lFoot 532.894 0.875403 0.424482 0.231265 -0.981744 0.00579435 -0.0722692 0.00579435
rFoot 532.894 0.192039 0.86705 0.459723 -0.984682 0.0157987 0.0454801 0.0157987
head 532.905 0.077814 0.0261443 0.996625 0.731821 0.0183032 0.0495285 0.0183032
hip 532.905 0.141307 0.131906 0.981139 0.583401 -0.00487299 -0.00190057 -0.00487299
lHand 532.905 0.510105 -0.149906 0.846948 0.143996 0.445173 -0.821055 0.445173
rHand 532.905 -0.189482 -0.163018 0.968257 0.111133 -0.440163 0.880655 -0.440163
lFoot 532.905 0.87519 0.424655 0.231758 -0.981582 0.00555499 -0.0732669 0.00555499
rFoot 532.905 0.191784 0.866728 0.460436 -0.984572 0.0150961 0.0456122 0.0150961
head 532.916 0.0767727 0.0254901 0.996723 0.732025 0.0183948 0.0498575 0.0183948
hip 532.916 0.140261 0.13189 0.981291 0.584488 -0.00504802 -0.00201464 -0.00504802
lHand 532.916 0.50909 -0.149902 0.84756 0.144566 0.445356 -0.820748 0.445356
rHand 532.916 -0.191153 -0.16342 0.967861 0.110993 -0.439438 0.881136 -0.439438
lFoot 532.916 0.8751 0.424566 0.232255 -0.981416 0.00520608 -0.0743151 0.00520608
rFoot 532.916 0.191316 0.866663 0.460754 -0.98445 0.0143175 0.0454998 0.0143175
head 532.928 0.0757101 0.0248166 0.996821 0.732105 0.0184824 0.0501019 0.0184824
hip 532.928 0.139077 0.132274 0.981408 0.58602 -0.00598116 -0.00247544 -0.00598116
lHand 532.928 0.508013 -0.149934 0.8482 0.144969 0.445488 -0.820509 0.445488
rHand 532.928 -0.193013 -0.163482 0.967481 0.110681 -0.438708 0.881646 -0.438708
lFoot 532.928 0.874919 0.424627 0.232829 -0.981298 0.00496069 -0.0749926 0.00496069
rFoot 532.928 0.190027 0.866687 0.461241 -0.98436 0.0134071 0.0448441 0.0134071
head 532.939 0.0745978 0.0242094 0.99692 0.732168 0.018589 0.0502999 0.018589
hip 532.939 0.13767 0.132895 0.981522 0.587666 -0.00694601 -0.00251506 -0.00694601
lHand 532.939 0.506917 -0.149933 0.848855 0.14529 0.445541 -0.820246 0.445541
rHand 532.939 -0.194942 -0.163509 0.96709 0.11042 -0.438046 0.882113 -0.438046
lFoot 532.939 0.874568 0.425494 0.232566 -0.981172 0.00476426 -0.075782 0.00476426
rFoot 532.939 0.188572 0.867635 0.460054 -0.984272 0.0126768 0.0443453 0.0126768
head 532.95 0.0734261 0.0234839 0.997024 0.732219 0.0185752 0.0506968 0.0185752
hip 532.95 0.136365 0.133418 0.981633 0.589144 -0.00733612 -0.00194128 -0.00733612
lHand 532.95 0.505764 -0.149909 0.849547 0.145523 0.445352 -0.820134 0.445352
rHand 532.95 -0.196842 -0.163806 0.966654 0.110377 -0.437168 0.882659 -0.437168
lFoot 532.95 0.874288 0.425638 0.233352 -0.980962 0.00436909 -0.0771048 0.00436909
rFoot 532.95 0.187771 0.867525 0.460589 -0.98411 0.0125206 0.0440985 0.0125206
head 532.961 0.0721951 0.0227291 0.997132 0.732251 0.0184907 0.0510631 0.0184907
hip 532.961 0.134904 0.133977 0.981759 0.590455 -0.00732468 -0.00112048 -0.00732468
lHand 532.961 0.504354 -0.149871 0.850391 0.145897 0.44534 -0.81995 0.44534
rHand 532.961 -0.198955 -0.164038 0.966182 0.110205 -0.43604 0.883344 -0.43604
lFoot 532.961 0.874048 0.425774 0.234003 -0.98079 0.00394151 -0.0781277 0.00394151
rFoot 532.961 0.187403 0.867358 0.461054 -0.983965 0.0123608 0.0438068 0.0123608
head 532.973 0.0709443 0.0218582 0.997241 0.732319 0.0183816 0.0515602 0.0183816
hip 532.973 0.133519 0.134564 0.981868 0.591491 -0.00762451 -0.0004325 -0.00762451
lHand 532.973 0.503086 -0.149838 0.851148 0.145872 0.445216 -0.819837 0.445216
rHand 532.973 -0.200689 -0.164508 0.965744 0.109963 -0.434783 0.884124 -0.434783
lFoot 532.973 0.87386 0.425521 0.235161 -0.98059 0.00358964 -0.0792496 0.00358964
rFoot 532.973 0.18723 0.866405 0.462912 -0.983785 0.0116871 0.0435567 0.0116871
head 532.984 0.069687 0.0210651 0.997346 0.732434 0.018313 0.0519534 0.018313
hip 532.984 0.132151 0.134751 0.982028 0.592029 -0.00794317 8.13771e-05 -0.00794317
lHand 532.984 0.501884 -0.149791 0.851866 0.145801 0.445242 -0.819712 0.445242
rHand 532.984 -0.202439 -0.164646 0.965355 0.109945 -0.43361 0.884851 -0.43361
lFoot 532.984 0.873583 0.425617 0.236015 -0.980385 0.00320896 -0.08041 0.00320896
rFoot 532.984 0.186433 0.86599 0.464008 -0.983602 0.0103114 0.0431212 0.0103114
head 532.994 0.0684058 0.0201302 0.997454 0.732566 0.0181509 0.0524375 0.0181509
hip 532.994 0.130637 0.135206 0.982168 0.592258 -0.00830645 0.000524224 -0.00830645
lHand 532.994 0.50067 -0.149922 0.852557 0.14554 0.445576 -0.819514 0.445576
rHand 532.994 -0.204475 -0.164744 0.964909 0.109705 -0.432293 0.885671 -0.432293
lFoot 532.994 0.873236 0.425753 0.237051 -0.980185 0.00300464 -0.0817058 0.00300464
rFoot 532.994 0.185799 0.865682 0.464837 -0.983459 0.00817636 0.0428256 0.00817636
head 533.006 0.067075 0.0191644 0.997564 0.732787 0.0178396 0.0528855 0.0178396
hip 533.006 0.129033 0.13559 0.982327 0.592401 -0.00855132 0.00125253 -0.00855132
lHand 533.006 0.499359 -0.149853 0.853338 0.145429 0.44605 -0.819223 0.44605
rHand 533.006 -0.206638 -0.164819 0.964435 0.109217 -0.431166 0.88644 -0.431166
lFoot 533.006 0.872918 0.42569 0.238332 -0.979958 0.00237191 -0.0830294 0.00237191
rFoot 533.006 0.185518 0.86549 0.465306 -0.98335 0.00699808 0.0430065 0.00699808
head 533.017 0.0657351 0.0182559 0.99767 0.733016 0.0175336 0.0533892 0.0175336
hip 533.017 0.127563 0.135775 0.982493 0.592786 -0.00882047 0.00245393 -0.00882047
lHand 533.017 0.497985 -0.149817 0.854146 0.145557 0.446655 -0.818815 0.446655
rHand 533.017 -0.208855 -0.164385 0.964032 0.108618 -0.430167 0.887168 -0.430167
lFoot 533.017 0.872556 0.425775 0.239504 -0.979701 0.0020037 -0.0844726 0.0020037
rFoot 533.017 0.185717 0.865178 0.465807 -0.983161 0.0078991 0.0426827 0.0078991
head 533.028 0.06428 0.0172889 0.997782 0.733295 0.0173499 0.0538398 0.0173499
hip 533.028 0.125885 0.136268 0.982641 0.593643 -0.00908357 0.00447471 -0.00908357
lHand 533.028 0.496406 -0.149299 0.855155 0.145999 0.44718 -0.818377 0.44718
rHand 533.028 -0.211459 -0.164176 0.9635 0.107326 -0.429546 0.887831 -0.429546
lFoot 533.028 0.87216 0.42585 0.240808 -0.979397 0.00170828 -0.0860802 0.00170828
rFoot 533.028 0.186866 0.864436 0.466724 -0.982834 0.0105369 0.0415637 0.0105369
head 533.039 0.0629013 0.0161883 0.997888 0.733592 0.0175274 0.0541315 0.0175274
hip 533.039 0.124101 0.13705 0.982759 0.595924 -0.00900229 0.00668954 -0.00900229
lHand 533.039 0.494915 -0.149425 0.855997 0.146634 0.447811 -0.817679 0.447811
rHand 533.039 -0.21399 -0.163903 0.962987 0.105871 -0.429184 0.88841 -0.429184
lFoot 533.039 0.871774 0.42594 0.242042 -0.979083 0.00107871 -0.0874214 0.00107871
rFoot 533.039 0.188227 0.86336 0.468166 -0.982529 0.0121987 0.040832 0.0121987
head 533.051 0.061533 0.0150999 0.997991 0.7338 0.0181312 0.0542798 0.0181312
hip 533.051 0.122315 0.137964 0.982856 0.599549 -0.00862192 0.00882318 -0.00862192
lHand 533.051 0.493355 -0.149702 0.856849 0.147561 0.448137 -0.816923 0.448137
rHand 533.051 -0.216469 -0.163472 0.962506 0.104602 -0.429015 0.88892 -0.429015
lFoot 533.051 0.871344 0.426111 0.243286 -0.978786 0.000517517 -0.0885364 0.000517517
rFoot 533.051 0.189176 0.862773 0.468866 -0.982282 0.0125507 0.0407712 0.0125507
head 533.063 0.0601511 0.0138703 0.998093 0.73403 0.0188164 0.0545508 0.0188164
hip 533.063 0.120462 0.139142 0.982918 0.603559 -0.00878955 0.0107253 -0.00878955
lHand 533.063 0.491875 -0.149998 0.857648 0.148362 0.448072 -0.816398 0.448072
rHand 533.063 -0.21901 -0.163079 0.961998 0.103386 -0.428859 0.889417 -0.428859
lFoot 533.063 0.871111 0.425951 0.244401 -0.978428 -0.000192761 -0.0898559 -0.000192761
rFoot 533.063 0.187738 0.862762 0.469463 -0.982104 0.00841309 0.0411785 0.00841309
head 533.073 0.0587256 0.0125889 0.998195 0.734099 0.0196108 0.0549035 0.0196108
hip 533.073 0.118614 0.140508 0.982949 0.606952 -0.00963751 0.0122568 -0.00963751
lHand 533.073 0.490188 -0.15048 0.858529 0.149573 0.447187 -0.816038 0.447187
rHand 533.073 -0.22166 -0.162649 0.961464 0.101953 -0.429431 0.889643 -0.429431
lFoot 533.073 0.870544 0.426175 0.246023 -0.977978 -0.00113021 -0.0915209 -0.00113021
rFoot 533.073 0.187541 0.862501 0.470021 -0.981939 0.00618239 0.0411438 0.00618239
head 533.085 0.0572433 0.0112453 0.998297 0.734123 0.0201596 0.0556039 0.0201596
hip 533.085 0.116929 0.141141 0.98306 0.60972 -0.0100714 0.0140841 -0.0100714
lHand 533.085 0.488533 -0.150859 0.859405 0.150676 0.446616 -0.815706 0.446616
rHand 533.085 -0.224411 -0.162382 0.96087 0.100713 -0.429558 0.890002 -0.429558
lFoot 533.085 0.869988 0.426198 0.247943 -0.977493 -0.00204897 -0.0930856 -0.00204897
rFoot 533.085 0.188878 0.861586 0.471163 -0.981685 0.00547141 0.0403897 0.00547141
head 533.096 0.055705 0.00991993 0.998398 0.7341 0.0205904 0.0563315 0.0205904
hip 533.096 0.114819 0.14231 0.98314 0.612196 -0.00963448 0.0165826 -0.00963448
lHand 533.096 0.486427 -0.151305 0.860521 0.152199 0.445742 -0.815489 0.445742
rHand 533.096 -0.227603 -0.161866 0.960206 0.0997456 -0.42999 0.890132 -0.42999
lFoot 533.096 0.869557 0.425987 0.249811 -0.976992 -0.00247107 -0.0944035 -0.00247107
rFoot 533.096 0.188103 0.86159 0.471466 -0.981552 0.00272632 0.0402364 0.00272632
head 533.106 0.0541997 0.00850889 0.998494 0.734135 0.0207009 0.0572625 0.0207009
hip 533.106 0.112464 0.14363 0.98322 0.61393 -0.00846566 0.0205131 -0.00846566
lHand 533.106 0.484738 -0.151715 0.861401 0.152947 0.445122 -0.815405 0.445122
rHand 533.106 -0.230512 -0.161493 0.959575 0.0993573 -0.430392 0.890106 -0.430392
lFoot 533.106 0.868906 0.426148 0.251796 -0.976458 -0.00337046 -0.0954054 -0.00337046
rFoot 533.106 0.1887 0.861585 0.471237 -0.981363 0.00241105 0.0404575 0.00241105
head 533.117 0.0527783 0.00695246 0.998582 0.734297 0.020712 0.058203 0.020712
hip 533.117 0.110362 0.144491 0.983332 0.616021 -0.00726137 0.0247526 -0.00726137
lHand 533.117 0.483095 -0.152039 0.862266 0.152948 0.444335 -0.815839 0.444335
rHand 533.117 -0.233408 -0.161272 0.958912 0.099285 -0.43059 0.890062 -0.43059
lFoot 533.117 0.868438 0.426024 0.253613 -0.975956 -0.00420031 -0.0963099 -0.00420031
rFoot 533.117 0.189279 0.861433 0.471282 -0.981086 0.00262199 0.0401643 0.00262199
head 533.129 0.0514194 0.00533931 0.998663 0.734495 0.0209296 0.0590671 0.0209296
hip 533.129 0.107695 0.146358 0.983352 0.618643 -0.00546503 0.0299617 -0.00546503
lHand 533.129 0.481372 -0.152883 0.86308 0.153051 0.44373 -0.816167 0.44373
rHand 533.129 -0.236109 -0.161397 0.95823 0.0990743 -0.430836 0.889972 -0.430836
lFoot 533.129 0.867461 0.42668 0.255843 -0.975454 -0.00649594 -0.0973913 -0.00649594
rFoot 533.129 0.186809 0.862209 0.470848 -0.980906 0.000120237 0.0394541 0.000120237
head 533.14 0.050043 0.00370417 0.99874 0.734584 0.0214639 0.05979 0.0214639
hip 533.14 0.105055 0.148372 0.983336 0.621403 -0.00414726 0.0343035 -0.00414726
lHand 533.14 0.47971 -0.153161 0.863956 0.153136 0.442911 -0.816837 0.442911
rHand 533.14 -0.239053 -0.161308 0.957514 0.0986897 -0.431062 0.889935 -0.431062
lFoot 533.14 0.866184 0.428019 0.257925 -0.97508 -0.0106992 -0.0976278 -0.0106992
rFoot 533.14 0.186161 0.862254 0.471022 -0.980744 -0.0014144 0.0378195 -0.0014144
head 533.151 0.0487462 0.00201652 0.998809 0.734476 0.0221932 0.0604066 0.0221932
hip 533.151 0.102619 0.149782 0.983379 0.623913 -0.00212548 0.0390781 -0.00212548
lHand 533.151 0.478082 -0.153296 0.864834 0.152546 0.44195 -0.818297 0.44195
rHand 533.151 -0.242245 -0.160878 0.956784 0.0986211 -0.431473 0.889718 -0.431473
lFoot 533.151 0.865069 0.429181 0.259729 -0.975113 -0.0134292 -0.096445 -0.0134292
rFoot 533.151 0.185318 0.862049 0.47173 -0.980505 -0.00294986 0.0368853 -0.00294986
head 533.162 0.0474536 0.00018572 0.998873 0.73442 0.0229792 0.0610673 0.0229792
hip 533.162 0.100075 0.151602 0.983363 0.625523 -0.000406591 0.0437821 -0.000406591
lHand 533.162 0.476322 -0.153483 0.865771 0.152562 0.440884 -0.819498 0.440884
rHand 533.162 -0.245532 -0.160601 0.955992 0.0987017 -0.432063 0.889455 -0.432063
lFoot 533.162 0.864706 0.429351 0.260655 -0.975584 -0.0114365 -0.0950727 -0.0114365
rFoot 533.162 0.183858 0.862239 0.471953 -0.980303 -0.00505741 0.036942 -0.00505741
head 533.174 0.0461722 -0.00162858 0.998932 0.734363 0.023951 0.0616536 0.023951
hip 533.174 0.097514 0.15365 0.983302 0.625389 0.00169179 0.048387 0.00169179
lHand 533.174 0.474613 -0.153745 0.866663 0.152428 0.439742 -0.820726 0.439742
rHand 533.174 -0.248821 -0.160167 0.955214 0.0996861 -0.433026 0.888898 -0.433026
lFoot 533.174 0.864834 0.428755 0.261213 -0.975802 -0.00820678 -0.096153 -0.00820678
rFoot 533.174 0.184296 0.86164 0.472876 -0.979919 -0.00608869 0.0371268 -0.00608869
head 533.185 0.0449667 -0.003536 0.998982 0.734184 0.0249098 0.0622033 0.0249098
hip 533.185 0.0952112 0.155041 0.983309 0.626488 0.00357884 0.0527613 0.00357884
lHand 533.185 0.472972 -0.154317 0.867458 0.152473 0.438471 -0.821815 0.438471
rHand 533.185 -0.252021 -0.15991 0.954418 0.101454 -0.434185 0.888157 -0.434185
lFoot 533.185 0.864251 0.428724 0.263184 -0.975498 -0.00859481 -0.0983332 -0.00859481
rFoot 533.185 0.183354 0.861233 0.473982 -0.979616 -0.00781755 0.0369924 -0.00781755
head 533.196 0.0437979 -0.00544832 0.999026 0.734126 0.0257983 0.0626788 0.0257983
hip 533.196 0.0928991 0.156658 0.983274 0.625459 0.00599225 0.0569982 0.00599225
lHand 533.196 0.471175 -0.154847 0.868341 0.152752 0.436558 -0.823067 0.436558
rHand 533.196 -0.255355 -0.159571 0.953589 0.102873 -0.435622 0.887299 -0.435622
lFoot 533.196 0.862957 0.429723 0.26579 -0.974753 -0.012153 -0.100838 -0.012153
rFoot 533.196 0.181782 0.861403 0.474279 -0.979453 -0.0110899 0.0369827 -0.0110899
head 533.207 0.0426605 -0.00736254 0.999063 0.73427 0.0265075 0.0632677 0.0265075
hip 533.207 0.0905111 0.15752 0.983359 0.621045 0.00772152 0.0601894 0.00772152
lHand 533.207 0.469315 -0.155417 0.869246 0.153378 0.434437 -0.824204 0.434437
rHand 533.207 -0.258643 -0.159173 0.952768 0.104416 -0.437857 0.88605 -0.437857
lFoot 533.207 0.860948 0.432328 0.268068 -0.974191 -0.0186082 -0.100653 -0.0186082
rFoot 533.207 0.181298 0.861806 0.473732 -0.979437 -0.0132308 0.036365 -0.0132308
head 533.218 0.0416237 -0.00938983 0.999089 0.734807 0.0268854 0.0638287 0.0268854
hip 533.218 0.0881003 0.157994 0.983502 0.619161 0.00915883 0.0642283 0.00915883
lHand 533.218 0.467446 -0.156162 0.870119 0.154154 0.432242 -0.825186 0.432242
rHand 533.218 -0.261915 -0.15904 0.951896 0.105543 -0.440388 0.884683 -0.440388
lFoot 533.218 0.85948 0.434108 0.269897 -0.974116 -0.0216272 -0.0989543 -0.0216272
rFoot 533.218 0.180434 0.86232 0.473125 -0.979355 -0.0142138 0.0360187 -0.0142138
head 533.229 0.0406468 -0.0114343 0.999108 0.735511 0.026992 0.0643379 0.026992
hip 533.229 0.085466 0.159088 0.983558 0.619343 0.0111968 0.0688604 0.0111968
lHand 533.229 0.465731 -0.156933 0.8709 0.15448 0.43033 -0.826137 0.43033
rHand 533.229 -0.265316 -0.158773 0.950999 0.106406 -0.442715 0.883449 -0.442715
lFoot 533.229 0.857771 0.436343 0.271724 -0.973932 -0.0248592 -0.0981055 -0.0248592
rFoot 533.229 0.180934 0.862603 0.472418 -0.979398 -0.0141638 0.0347833 -0.0141638
head 533.24 0.0397159 -0.0135148 0.99912 0.736351 0.0269387 0.0648858 0.0269387
hip 533.24 0.0825528 0.160832 0.983523 0.620878 0.0137082 0.0736103 0.0137082
lHand 533.24 0.464004 -0.157791 0.871666 0.1546 0.428293 -0.82709 0.428293
rHand 533.24 -0.268607 -0.158719 0.950084 0.107053 -0.445545 0.881996 -0.445545
lFoot 533.24 0.855883 0.439028 0.273349 -0.973599 -0.0288028 -0.0990697 -0.0288028
rFoot 533.24 0.18222 0.862236 0.472594 -0.97941 -0.0144937 0.0330728 -0.0144937
head 533.252 0.0388936 -0.0157319 0.999119 0.73737 0.0268112 0.0654452 0.0268112
hip 533.252 0.0799946 0.161644 0.983602 0.62463 0.0166105 0.0782189 0.0166105
lHand 533.252 0.462237 -0.158527 0.872471 0.154687 0.426355 -0.828147 0.426355
rHand 533.252 -0.271806 -0.158663 0.949183 0.107855 -0.447852 0.880788 -0.447852
lFoot 533.252 0.85249 0.445518 0.273448 -0.973496 -0.0380011 -0.0983931 -0.0380011
rFoot 533.252 0.181089 0.862955 0.471715 -0.979518 -0.015807 0.0325635 -0.015807
head 533.263 0.0381174 -0.0179124 0.999113 0.73849 0.0267694 0.0661287 0.0267694
hip 533.263 0.0775686 0.162772 0.98361 0.628243 0.0181947 0.0821799 0.0181947
lHand 533.263 0.460296 -0.159402 0.873338 0.15455 0.424719 -0.829237 0.424719
rHand 533.263 -0.275005 -0.158599 0.948271 0.108896 -0.449666 0.879793 -0.449666
lFoot 533.263 0.849132 0.451461 0.274148 -0.973423 -0.046403 -0.0959852 -0.046403
rFoot 533.263 0.180469 0.863683 0.47062 -0.979649 -0.017018 0.0322272 -0.017018
head 533.274 0.0373543 -0.0200364 0.999101 0.739455 0.0268328 0.0668143 0.0268328
hip 533.274 0.075305 0.163812 0.983613 0.630749 0.0191401 0.0852365 0.0191401
lHand 533.274 0.458627 -0.159906 0.874124 0.153704 0.423142 -0.830642 0.423142
rHand 533.274 -0.278111 -0.158512 0.94738 0.110385 -0.450736 0.879093 -0.450736
lFoot 533.274 0.843254 0.462059 0.274635 -0.973175 -0.0601228 -0.0915737 -0.0601228
rFoot 533.274 0.181633 0.863798 0.46996 -0.979797 -0.0164201 0.0317566 -0.0164201
head 533.285 0.0366331 -0.022224 0.999082 0.74044 0.0271516 0.0674698 0.0271516
hip 533.285 0.0733663 0.164221 0.983691 0.633322 0.0201281 0.0880132 0.0201281
lHand 533.285 0.456971 -0.16041 0.874898 0.152322 0.421761 -0.83229 0.421761
rHand 533.285 -0.280954 -0.158708 0.946507 0.112433 -0.451508 0.878437 -0.451508
lFoot 533.285 0.837469 0.471587 0.276136 -0.972548 -0.0721017 -0.0890332 -0.0721017
rFoot 533.285 0.180667 0.864077 0.469819 -0.979824 -0.0170898 0.0311275 -0.0170898
head 533.296 0.0360282 -0.0243079 0.999055 0.741443 0.0275917 0.0680064 0.0275917
hip 533.296 0.0701502 0.164177 0.983933 0.628843 0.0303588 0.102371 0.0303588
lHand 533.296 0.455381 -0.160746 0.875665 0.15098 0.420221 -0.83396 0.420221
rHand 533.296 -0.283924 -0.158987 0.945574 0.114609 -0.452543 0.877603 -0.452543
lFoot 533.296 0.828699 0.485305 0.278814 -0.970734 -0.0886648 -0.0883614 -0.0886648
rFoot 533.296 0.180664 0.864284 0.46944 -0.979998 -0.0178893 0.0302092 -0.0178893
head 533.308 0.0353524 -0.0263531 0.999027 0.742613 0.0282755 0.0686399 0.0282755
hip 533.308 0.0675755 0.166572 0.983711 0.632459 0.0321038 0.107465 0.0321038
lHand 533.308 0.453661 -0.160974 0.876516 0.14968 0.418725 -0.835743 0.418725
rHand 533.308 -0.286421 -0.159396 0.944752 0.117624 -0.453747 0.876448 -0.453747
lFoot 533.308 0.817288 0.502669 0.281716 -0.967856 -0.111591 -0.0875584 -0.111591
rFoot 533.308 0.180776 0.864143 0.469657 -0.980077 -0.0181138 0.0294149 -0.0181138
head 533.321 0.0347397 -0.0283115 0.998995 0.743796 0.0290047 0.0691555 0.0290047
hip 533.321 0.0662738 0.166452 0.98382 0.634901 0.0322879 0.109091 0.0322879
lHand 533.321 0.452037 -0.161174 0.877317 0.149111 0.417274 -0.837318 0.417274
rHand 533.321 -0.289047 -0.159821 0.94388 0.120172 -0.455433 0.875091 -0.455433
lFoot 533.321 0.803886 0.522286 0.284579 -0.964203 -0.135094 -0.0851117 -0.135094
rFoot 533.321 0.180177 0.864215 0.469753 -0.980136 -0.0186176 0.029371 -0.0186176
head 533.33 0.0342068 -0.0302877 0.998956 0.745111 0.0297019 0.069738 0.0297019
hip 533.33 0.0655455 0.167018 0.983773 0.63923 0.0268486 0.100328 0.0268486
lHand 533.33 0.450132 -0.161427 0.878249 0.148845 0.415977 -0.838614 0.415977
rHand 533.33 -0.291548 -0.16026 0.943036 0.122777 -0.457449 0.873529 -0.457449
lFoot 533.33 0.78902 0.542842 0.287698 -0.959983 -0.157935 -0.0815047 -0.157935
rFoot 533.33 0.180779 0.863989 0.469938 -0.980172 -0.0188947 0.0296498 -0.0188947
head 533.341 0.0336415 -0.0321272 0.998917 0.746245 0.0298731 0.0703979 0.0298731
hip 533.341 0.0640951 0.168029 0.983696 0.642177 0.0243286 0.0973896 0.0243286
lHand 533.341 0.448249 -0.161922 0.879121 0.148647 0.414611 -0.839796 0.414611
rHand 533.341 -0.294245 -0.160401 0.942174 0.124794 -0.459388 0.872136 -0.459388
lFoot 533.341 0.774184 0.562609 0.290017 -0.955256 -0.179673 -0.0794556 -0.179673
rFoot 533.341 0.181397 0.86464 0.4685 -0.980166 -0.0194919 0.0298047 -0.0194919
head 533.353 0.0331361 -0.0339549 0.998874 0.747187 0.0297425 0.071173 0.0297425
hip 533.353 0.0627681 0.167985 0.983789 0.644328 0.0244424 0.0981321 0.0244424
lHand 533.353 0.44658 -0.162777 0.879813 0.148302 0.413284 -0.840635 0.413284
rHand 533.353 -0.296763 -0.160768 0.941321 0.125848 -0.461451 0.870859 -0.461451
lFoot 533.353 0.757393 0.58335 0.293357 -0.949334 -0.202467 -0.0795216 -0.202467
rFoot 533.353 0.180793 0.86451 0.468975 -0.980075 -0.0211951 0.0303666 -0.0211951
head 533.363 0.0326788 -0.0357458 0.998827 0.74785 0.0298603 0.0718427 0.0298603
hip 533.363 0.0607895 0.168462 0.983832 0.646189 0.027484 0.102896 0.027484
lHand 533.363 0.444764 -0.163354 0.880625 0.14774 0.41181 -0.841721 0.41181
rHand 533.363 -0.299445 -0.161125 0.94041 0.125865 -0.46332 0.869977 -0.46332
lFoot 533.363 0.741117 0.602431 0.296348 -0.943451 -0.222129 -0.080315 -0.222129
rFoot 533.363 0.181101 0.864468 0.468932 -0.980139 -0.0227514 0.0302379 -0.0227514
head 533.375 0.0322715 -0.0374598 0.998777 0.74829 0.0301861 0.0724848 0.0301861
hip 533.375 0.0582495 0.169941 0.983731 0.647521 0.0314475 0.108914 0.0314475
lHand 533.375 0.443268 -0.164418 0.881181 0.146204 0.409999 -0.842639 0.409999
rHand 533.375 -0.301836 -0.161579 0.939568 0.125193 -0.464848 0.869505 -0.464848
lFoot 533.375 0.723842 0.621855 0.298913 -0.938089 -0.23638 -0.0817171 -0.23638
rFoot 533.375 0.182758 0.863614 0.469862 -0.980127 -0.0232231 0.030392 -0.0232231
head 533.386 0.0318986 -0.0391093 0.998726 0.748579 0.0307619 0.0730759 0.0307619
hip 533.386 0.056509 0.169641 0.983884 0.648625 0.0340761 0.112526 0.0340761
lHand 533.386 0.441805 -0.165467 0.881719 0.144866 0.408219 -0.843563 0.408219
rHand 533.386 -0.30423 -0.161737 0.938768 0.124295 -0.465821 0.869393 -0.465821
lFoot 533.386 0.707908 0.639061 0.300778 -0.933152 -0.24962 -0.0811078 -0.24962
rFoot 533.386 0.184245 0.863212 0.47002 -0.980011 -0.023383 0.030524 -0.023383
head 533.397 0.0315505 -0.0407711 0.99867 0.748817 0.0314218 0.0736667 0.0314218
hip 533.397 0.0546475 0.170055 0.983918 0.649631 0.0356176 0.114937 0.0356176
lHand 533.397 0.440365 -0.166363 0.882271 0.143686 0.406255 -0.84473 0.406255
rHand 533.397 -0.306725 -0.162107 0.937892 0.123689 -0.466546 0.869375 -0.466546
lFoot 533.397 0.692086 0.655395 0.302447 -0.92973 -0.25609 -0.0816656 -0.25609
rFoot 533.397 0.184509 0.862892 0.470504 -0.979891 -0.0239099 0.030534 -0.0239099
head 533.408 0.0312371 -0.0424382 0.998611 0.749199 0.0321441 0.0742988 0.0321441
hip 533.408 0.0527366 0.170261 0.983987 0.650554 0.0381809 0.116952 0.0381809
lHand 533.408 0.439218 -0.167473 0.882632 0.142243 0.404167 -0.845952 0.404167
rHand 533.408 -0.309038 -0.163008 0.936976 0.123051 -0.466235 0.869926 -0.466235
lFoot 533.408 0.676748 0.670227 0.304643 -0.926753 -0.259856 -0.0831499 -0.259856
rFoot 533.408 0.183375 0.861906 0.472749 -0.979544 -0.0249731 0.030523 -0.0249731
head 533.419 0.0309459 -0.0441046 0.998548 0.749718 0.0329035 0.0749152 0.0329035
hip 533.419 0.0510777 0.17053 0.984028 0.650713 0.0391973 0.12033 0.0391973
lHand 533.419 0.437987 -0.168479 0.883053 0.141018 0.402188 -0.847212 0.402188
rHand 533.419 -0.311355 -0.163635 0.936099 0.122432 -0.465367 0.87076 -0.465367
lFoot 533.419 0.661503 0.684502 0.306384 -0.92308 -0.265267 -0.0847735 -0.265267
rFoot 533.419 0.181448 0.861599 0.474051 -0.979276 -0.0276856 0.0299841 -0.0276856
head 533.431 0.0306267 -0.045754 0.998483 0.750233 0.0336003 0.0754739 0.0336003
hip 533.431 0.0491806 0.170797 0.984078 0.651575 0.0420985 0.123437 0.0420985
lHand 533.431 0.436787 -0.169839 0.883387 0.140191 0.400498 -0.848416 0.400498
rHand 533.431 -0.313929 -0.164648 0.935061 0.122448 -0.464202 0.871592 -0.464202
lFoot 533.431 0.646002 0.698432 0.308018 -0.920178 -0.266514 -0.0869719 -0.266514
rFoot 533.431 0.179015 0.861364 0.4754 -0.979028 -0.0300375 0.0300953 -0.0300375
head 533.442 0.0303567 -0.0474204 0.998414 0.750925 0.034263 0.0759979 0.034263
hip 533.442 0.0470313 0.171714 0.984024 0.652739 0.0440326 0.126279 0.0440326
lHand 533.442 0.435662 -0.170854 0.883746 0.139339 0.398827 -0.849581 0.398827
rHand 533.442 -0.3161 -0.165739 0.934137 0.122441 -0.463366 0.872221 -0.463366
lFoot 533.442 0.630605 0.711836 0.309236 -0.917516 -0.26762 -0.0874528 -0.26762
rFoot 533.442 0.177358 0.861727 0.475363 -0.97887 -0.0320605 0.0305916 -0.0320605
head 533.453 0.0301846 -0.0491014 0.998338 0.751693 0.0348102 0.0762942 0.0348102
hip 533.453 0.0456195 0.171443 0.984137 0.654262 0.0452247 0.127994 0.0452247
lHand 533.453 0.434961 -0.172199 0.88383 0.138978 0.397761 -0.850525 0.397761
rHand 533.453 -0.317982 -0.166923 0.933287 0.122993 -0.462228 0.872869 -0.462228
lFoot 533.453 0.615236 0.724668 0.310388 -0.914458 -0.269964 -0.0874674 -0.269964
rFoot 533.453 0.175101 0.862111 0.475504 -0.978707 -0.032888 0.0302808 -0.032888
head 533.464 0.0299683 -0.0507715 0.998261 0.752312 0.035096 0.0765057 0.035096
hip 533.464 0.0440759 0.171728 0.984158 0.656127 0.046239 0.129793 0.046239
lHand 533.464 0.433941 -0.173065 0.884163 0.138395 0.396591 -0.851464 0.396591
rHand 533.464 -0.31983 -0.168495 0.932372 0.123833 -0.461185 0.873388 -0.461185
lFoot 533.464 0.600052 0.736761 0.311643 -0.911193 -0.272382 -0.0887704 -0.272382
rFoot 533.464 0.176406 0.860929 0.47716 -0.978374 -0.0306758 0.0295943 -0.0306758
head 533.475 0.0298878 -0.0524432 0.998176 0.752817 0.0352525 0.0765818 0.0352525
hip 533.475 0.042078 0.172506 0.984109 0.658199 0.0477669 0.132017 0.0477669
lHand 533.475 0.433139 -0.174238 0.884325 0.138037 0.395927 -0.852127 0.395927
rHand 533.475 -0.321272 -0.170484 0.931515 0.124989 -0.460482 0.873639 -0.460482
lFoot 533.475 0.584685 0.748252 0.313467 -0.908077 -0.273475 -0.091136 -0.273475
rFoot 533.475 0.179654 0.858331 0.480617 -0.977806 -0.0307158 0.0299027 -0.0307158
head 533.486 0.0298265 -0.0541423 0.998088 0.753352 0.0353053 0.0766735 0.0353053
hip 533.486 0.0404642 0.17283 0.98412 0.660386 0.0494302 0.133438 0.0494302
lHand 533.486 0.432445 -0.17549 0.884417 0.137551 0.395549 -0.852643 0.395549
rHand 533.486 -0.322927 -0.172124 0.93064 0.125995 -0.459792 0.873919 -0.459792
lFoot 533.486 0.569744 0.759238 0.314564 -0.904463 -0.276538 -0.0921238 -0.276538
rFoot 533.486 0.176869 0.858831 0.480757 -0.977585 -0.0362783 0.0322356 -0.0362783
head 533.497 0.0297844 -0.0558651 0.997994 0.753904 0.0352465 0.0767751 0.0352465
hip 533.497 0.0388123 0.173154 0.98413 0.662234 0.0509151 0.135109 0.0509151
lHand 533.497 0.432086 -0.17704 0.884284 0.136436 0.395237 -0.853216 0.395237
rHand 533.497 -0.323985 -0.17427 0.929873 0.127559 -0.459408 0.873847 -0.459408
lFoot 533.497 0.554404 0.769936 0.315967 -0.900354 -0.280432 -0.0934844 -0.280432
rFoot 533.497 0.176671 0.85878 0.480921 -0.977407 -0.0390799 0.0335667 -0.0390799
head 533.508 0.0298151 -0.0575501 0.997897 0.754283 0.0350503 0.0768868 0.0350503
hip 533.508 0.0368124 0.174895 0.983899 0.663518 0.0522179 0.137058 0.0522179
lHand 533.508 0.431705 -0.178364 0.884204 0.13541 0.394759 -0.853921 0.394759
rHand 533.508 -0.325528 -0.176047 0.928999 0.128695 -0.45897 0.873906 -0.45897
lFoot 533.508 0.539561 0.779758 0.317571 -0.896035 -0.285217 -0.0947678 -0.285217
rFoot 533.508 0.179951 0.857402 0.482161 -0.977077 -0.0386567 0.0339256 -0.0386567
head 533.519 0.0298703 -0.0593544 0.99779 0.754858 0.0350535 0.077014 0.0350535
hip 533.519 0.0354435 0.174632 0.983996 0.66493 0.0538004 0.140519 0.0538004
lHand 533.519 0.431277 -0.1797 0.884142 0.134559 0.394101 -0.854702 0.394101
rHand 533.519 -0.326786 -0.178085 0.928168 0.129491 -0.458625 0.873933 -0.458625
lFoot 533.519 0.524342 0.789488 0.319021 -0.891366 -0.291203 -0.0956703 -0.291203
rFoot 533.519 0.180407 0.856151 0.484209 -0.976645 -0.0381778 0.0336768 -0.0381778
head 533.531 0.0301123 -0.0611875 0.997672 0.755295 0.035088 0.0770243 0.035088
hip 533.531 0.033807 0.175113 0.983968 0.66689 0.055555 0.144273 0.055555
lHand 533.531 0.431356 -0.181754 0.883684 0.133568 0.393165 -0.855762 0.393165
rHand 533.531 -0.327447 -0.180255 0.927516 0.129851 -0.458237 0.874089 -0.458237
lFoot 533.531 0.509582 0.798528 0.320436 -0.886639 -0.296868 -0.0973833 -0.296868
rFoot 533.531 0.180233 0.854465 0.487242 -0.975952 -0.0392736 0.0329168 -0.0392736
head 533.542 0.0302822 -0.0629746 0.997556 0.755753 0.0354149 0.0769027 0.0354149
hip 533.542 0.0318099 0.177171 0.983666 0.668914 0.0565898 0.147143 0.0565898
lHand 533.542 0.431268 -0.18312 0.883445 0.13255 0.392073 -0.857011 0.392073
rHand 533.542 -0.328603 -0.182678 0.926633 0.129643 -0.457743 0.874395 -0.457743
lFoot 533.542 0.494691 0.80711 0.322264 -0.881329 -0.303465 -0.0994985 -0.303465
rFoot 533.542 0.181559 0.851455 0.491997 -0.975275 -0.0397649 0.0328939 -0.0397649
head 533.553 0.0304935 -0.0648849 0.997427 0.756397 0.0360014 0.0767593 0.0360014
hip 533.553 0.0306168 0.176888 0.983755 0.671559 0.0575668 0.149326 0.0575668
lHand 533.553 0.43148 -0.184977 0.882955 0.131281 0.391188 -0.858321 0.391188
rHand 533.553 -0.329671 -0.184982 0.925796 0.129438 -0.457192 0.874738 -0.457192
lFoot 533.553 0.480308 0.815227 0.323588 -0.876267 -0.309231 -0.101049 -0.309231
rFoot 533.553 0.177699 0.851068 0.49407 -0.974703 -0.0455681 0.0350834 -0.0455681
head 533.564 0.030804 -0.0668246 0.997289 0.756986 0.0365583 0.0766191 0.0365583
hip 533.564 0.0291063 0.177443 0.983701 0.673981 0.0587631 0.151835 0.0587631
lHand 533.564 0.431699 -0.18647 0.882533 0.129824 0.390425 -0.85959 0.390425
rHand 533.564 -0.33039 -0.18749 0.925035 0.12942 -0.456643 0.875038 -0.456643
lFoot 533.564 0.466064 0.82294 0.32489 -0.871426 -0.314693 -0.101919 -0.314693
rFoot 533.564 0.17738 0.850406 0.495324 -0.974413 -0.0480272 0.0356123 -0.0480272
head 533.575 0.0310921 -0.0687705 0.997148 0.757626 0.0373238 0.0763328 0.0373238
hip 533.575 0.0278186 0.178199 0.983601 0.676161 0.0605338 0.154558 0.0605338
lHand 533.575 0.432131 -0.187692 0.882062 0.127849 0.390124 -0.861041 0.390124
rHand 533.575 -0.331376 -0.190021 0.924166 0.129356 -0.4561 0.87533 -0.4561
lFoot 533.575 0.452143 0.830256 0.325947 -0.866437 -0.320884 -0.102248 -0.320884
rFoot 533.575 0.181899 0.848979 0.496132 -0.974287 -0.0458637 0.0343982 -0.0458637
head 533.587 0.0314171 -0.0707119 0.997002 0.758309 0.0382646 0.0760047 0.0382646
hip 533.587 0.0266001 0.178115 0.98365 0.678206 0.0625929 0.157615 0.0625929
lHand 533.587 0.432354 -0.188964 0.881682 0.126429 0.389811 -0.862273 0.389811
rHand 533.587 -0.332162 -0.192688 0.923331 0.129445 -0.455323 0.875665 -0.455323
lFoot 533.587 0.43883 0.836966 0.326982 -0.861328 -0.326565 -0.103172 -0.326565
rFoot 533.587 0.18494 0.847497 0.49754 -0.974191 -0.0445885 0.0342096 -0.0445885
head 533.598 0.0317941 -0.0727276 0.996845 0.75915 0.0389126 0.0756853 0.0389126
hip 533.598 0.0251131 0.178718 0.98358 0.68011 0.0647658 0.15985 0.0647658
lHand 533.598 0.43309 -0.190712 0.880944 0.125487 0.389746 -0.863462 0.389746
rHand 533.598 -0.333089 -0.195455 0.922415 0.129568 -0.454451 0.876038 -0.454451
lFoot 533.598 0.42576 0.843318 0.327936 -0.856501 -0.332492 -0.103879 -0.332492
rFoot 533.598 0.18441 0.847243 0.498169 -0.973894 -0.0458882 0.0356813 -0.0458882
head 533.609 0.0321233 -0.0747233 0.996687 0.760103 0.0392168 0.0755999 0.0392168
hip 533.609 0.0237063 0.179582 0.983457 0.683523 0.0656414 0.160411 0.0656414
lHand 533.609 0.43344 -0.191979 0.880496 0.124951 0.389595 -0.864595 0.389595
rHand 533.609 -0.3342 -0.198266 0.921412 0.129246 -0.453246 0.876563 -0.453246
lFoot 533.609 0.41313 0.849331 0.328573 -0.851974 -0.336342 -0.1052 -0.336342
rFoot 533.609 0.183737 0.847735 0.497579 -0.973625 -0.0463656 0.0369228 -0.0463656
head 533.62 0.0325244 -0.0768275 0.996514 0.761209 0.0392531 0.0755345 0.0392531
hip 533.62 0.0227525 0.179588 0.983479 0.685708 0.0661225 0.161281 0.0661225
lHand 533.62 0.433806 -0.193374 0.880011 0.12453 0.389606 -0.865506 0.389606
rHand 533.62 -0.334979 -0.201435 0.920442 0.128516 -0.452018 0.877117 -0.452018
lFoot 533.62 0.40091 0.854682 0.329832 -0.847423 -0.339904 -0.106102 -0.339904
rFoot 533.62 0.184847 0.846978 0.498458 -0.973315 -0.0462495 0.0367063 -0.0462495
head 533.632 0.032917 -0.0789494 0.996335 0.762251 0.0393314 0.0755704 0.0393314
hip 533.632 0.0214292 0.180471 0.983347 0.687486 0.0669815 0.164239 0.0669815
lHand 533.632 0.4346 -0.195355 0.879181 0.123874 0.389329 -0.866449 0.389329
rHand 533.632 -0.335748 -0.204725 0.919435 0.128179 -0.450353 0.877804 -0.450353
lFoot 533.632 0.388021 0.859949 0.331551 -0.842536 -0.34468 -0.106905 -0.34468
rFoot 533.632 0.183824 0.846663 0.499369 -0.973009 -0.0477594 0.0360835 -0.0477594
head 533.643 0.0333268 -0.0811592 0.996144 0.76324 0.039881 0.0755231 0.039881
hip 533.643 0.0200669 0.180986 0.983281 0.689014 0.0687417 0.167733 0.0687417
lHand 533.643 0.435027 -0.196938 0.878617 0.123521 0.388959 -0.867251 0.388959
rHand 533.643 -0.336395 -0.20805 0.918452 0.128392 -0.448882 0.878349 -0.448882
lFoot 533.643 0.375885 0.864712 0.333141 -0.837592 -0.350409 -0.10714 -0.350409
rFoot 533.643 0.182675 0.845113 0.502408 -0.972772 -0.0489583 0.0361522 -0.0489583
head 533.653 0.0336717 -0.0831903 0.995965 0.764189 0.0410761 0.0755796 0.0410761
hip 533.653 0.0189499 0.180752 0.983346 0.690401 0.0713493 0.170979 0.0713493
lHand 533.653 0.435277 -0.199178 0.877987 0.123498 0.388243 -0.86794 0.388243
rHand 533.653 -0.336939 -0.211045 0.917569 0.129358 -0.447109 0.878899 -0.447109
lFoot 533.653 0.364185 0.869156 0.33457 -0.832435 -0.354888 -0.108252 -0.354888
rFoot 533.653 0.181963 0.844621 0.503493 -0.972562 -0.048625 0.0371672 -0.048625
head 533.665 0.0340903 -0.0853323 0.995769 0.765254 0.0422038 0.0756435 0.0422038
hip 533.665 0.0176155 0.18146 0.983241 0.692087 0.072887 0.173071 0.072887
lHand 533.665 0.435425 -0.200607 0.877589 0.123775 0.387154 -0.868629 0.387154
rHand 533.665 -0.337379 -0.214364 0.916637 0.130556 -0.445456 0.879356 -0.445456
lFoot 533.665 0.3526 0.873424 0.335862 -0.827567 -0.358835 -0.109265 -0.358835
rFoot 533.665 0.181992 0.844058 0.504425 -0.972324 -0.0490706 0.0377619 -0.0490706
head 533.676 0.0344637 -0.087493 0.995569 0.766517 0.0430829 0.0759579 0.0430829
hip 533.676 0.0163599 0.182035 0.983156 0.69392 0.0738472 0.174291 0.0738472
lHand 533.676 0.435748 -0.20241 0.877014 0.123869 0.386169 -0.869337 0.386169
rHand 533.676 -0.337414 -0.218229 0.915712 0.132325 -0.444048 0.879544 -0.444048
lFoot 533.676 0.341065 0.877503 0.337139 -0.822291 -0.364517 -0.109698 -0.364517
rFoot 533.676 0.18194 0.84347 0.505426 -0.972139 -0.0496214 0.0382167 -0.0496214
head 533.687 0.0347978 -0.0895523 0.995374 0.767846 0.0436115 0.07635 0.0436115
hip 533.687 0.0155461 0.182183 0.983142 0.695999 0.0743819 0.175278 0.0743819
lHand 533.687 0.436056 -0.204364 0.876408 0.124042 0.384928 -0.869968 0.384928
rHand 533.687 -0.337701 -0.221512 0.914817 0.133528 -0.44264 0.879805 -0.44264
lFoot 533.687 0.329818 0.881419 0.338112 -0.817293 -0.370335 -0.110147 -0.370335
rFoot 533.687 0.181944 0.84307 0.506093 -0.971844 -0.050617 0.0388848 -0.050617
head 533.698 0.0352073 -0.0917463 0.99516 0.769314 0.0436449 0.0768531 0.0436449
hip 533.698 0.0145284 0.183058 0.982995 0.698387 0.074928 0.176445 0.074928
lHand 533.698 0.43652 -0.206293 0.875724 0.1238 0.383576 -0.870803 0.383576
rHand 533.698 -0.338037 -0.225237 0.913783 0.134648 -0.441313 0.880013 -0.441313
lFoot 533.698 0.318714 0.885071 0.33922 -0.811134 -0.377178 -0.111584 -0.377178
rFoot 533.698 0.179868 0.844005 0.505276 -0.971568 -0.0559021 0.0396485 -0.0559021
head 533.709 0.0355824 -0.094002 0.994936 0.770619 0.0434815 0.0774723 0.0434815
hip 533.709 0.013187 0.183253 0.982977 0.700928 0.0778048 0.178836 0.0778048
lHand 533.709 0.436977 -0.208112 0.875066 0.123311 0.382265 -0.871733 0.382265
rHand 533.709 -0.338342 -0.229022 0.912729 0.135403 -0.43986 0.880342 -0.43986
lFoot 533.709 0.308148 0.888404 0.340269 -0.805428 -0.382296 -0.112894 -0.382296
rFoot 533.709 0.175773 0.845142 0.504815 -0.971256 -0.0596122 0.0399505 -0.0596122
head 533.721 0.0359125 -0.0960838 0.994725 0.771804 0.04335 0.0780678 0.04335
hip 533.721 0.0118752 0.184119 0.982832 0.702929 0.0796223 0.182009 0.0796223
lHand 533.721 0.437516 -0.209895 0.87437 0.122167 0.381047 -0.872766 0.381047
rHand 533.721 -0.33868 -0.232697 0.911673 0.13588 -0.438061 0.88091 -0.438061
lFoot 533.721 0.297831 0.891659 0.34094 -0.799492 -0.390201 -0.114128 -0.390201
rFoot 533.721 0.170821 0.845551 0.50583 -0.970807 -0.0633483 0.0375289 -0.0633483
head 533.732 0.0362904 -0.0982084 0.994504 0.772888 0.0432777 0.0786156 0.0432777
hip 533.732 0.0106343 0.18496 0.982688 0.704865 0.0809551 0.185173 0.0809551
lHand 533.732 0.438101 -0.212193 0.873523 0.121079 0.379981 -0.873712 0.379981
rHand 533.732 -0.339041 -0.236305 0.91061 0.136396 -0.435974 0.881657 -0.435974
lFoot 533.732 0.288281 0.894537 0.341611 -0.793679 -0.39514 -0.116135 -0.39514
rFoot 533.732 0.167146 0.845139 0.507742 -0.97053 -0.0628882 0.0347204 -0.0628882
head 533.743 0.036683 -0.100499 0.994261 0.773966 0.0437061 0.0791789 0.0437061
hip 533.743 0.00991498 0.184966 0.982695 0.707337 0.0809349 0.187292 0.0809349
lHand 533.743 0.438776 -0.214068 0.872726 0.119828 0.378897 -0.874571 0.378897
rHand 533.743 -0.339339 -0.23998 0.909538 0.137147 -0.433843 0.882381 -0.433843
lFoot 533.743 0.278762 0.897546 0.341619 -0.788339 -0.401751 -0.117586 -0.401751
rFoot 533.743 0.170171 0.843563 0.509355 -0.970255 -0.0581622 0.0328941 -0.0581622
head 533.755 0.0370397 -0.102549 0.994038 0.774983 0.0443347 0.0797067 0.0443347
hip 533.755 0.00892405 0.185828 0.982542 0.710313 0.0813503 0.188228 0.0813503
lHand 533.755 0.439273 -0.216855 0.871787 0.11894 0.377856 -0.87519 0.377856
rHand 533.755 -0.339523 -0.243553 0.908519 0.13791 -0.431587 0.88318 -0.431587
lFoot 533.755 0.270081 0.900362 0.341182 -0.783121 -0.407031 -0.119054 -0.407031
rFoot 533.755 0.177385 0.84098 0.511162 -0.969967 -0.0541117 0.0341413 -0.0541117
head 533.766 0.0373448 -0.104643 0.993808 0.776023 0.0449662 0.0802014 0.0449662
hip 533.766 0.00782786 0.186704 0.982385 0.71372 0.0822707 0.189072 0.0822707
lHand 533.766 0.440117 -0.219283 0.870754 0.117923 0.376721 -0.875787 0.376721
rHand 533.766 -0.339976 -0.247171 0.907371 0.138458 -0.429365 0.883985 -0.429365
lFoot 533.766 0.2616 0.903074 0.340621 -0.776987 -0.412518 -0.120465 -0.412518
rFoot 533.766 0.173778 0.840938 0.512469 -0.969407 -0.0573331 0.0357945 -0.0573331
head 533.777 0.037772 -0.106758 0.993567 0.776991 0.045425 0.0807711 0.045425
hip 533.777 0.00657453 0.187402 0.982261 0.717944 0.0842266 0.190161 0.0842266
lHand 533.777 0.441217 -0.221607 0.869608 0.116017 0.3753 -0.876537 0.3753
rHand 533.777 -0.339914 -0.250861 0.906382 0.138814 -0.427062 0.884832 -0.427062
lFoot 533.777 0.252907 0.905997 0.339421 -0.771513 -0.420639 -0.121244 -0.420639
rFoot 533.777 0.170343 0.841289 0.513047 -0.968967 -0.063299 0.0365915 -0.063299
head 533.788 0.0381825 -0.108774 0.993333 0.777831 0.0457159 0.0813757 0.0457159
hip 533.788 0.00536036 0.188366 0.982084 0.721571 0.0853401 0.191034 0.0853401
lHand 533.788 0.442325 -0.22388 0.868462 0.114484 0.373725 -0.877498 0.373725
rHand 533.788 -0.34036 -0.255084 0.905034 0.138049 -0.424893 0.885708 -0.424893
lFoot 533.788 0.245202 0.908547 0.338258 -0.766277 -0.426756 -0.122244 -0.426756
rFoot 533.788 0.172902 0.840294 0.513821 -0.968364 -0.0636337 0.0365954 -0.0636337
head 533.799 0.0386116 -0.110853 0.993087 0.778902 0.045539 0.0820806 0.045539
hip 533.799 0.00413094 0.189533 0.981866 0.725223 0.0865131 0.193258 0.0865131
lHand 533.799 0.443803 -0.226336 0.86707 0.11287 0.371854 -0.878758 0.371854
rHand 533.799 -0.340872 -0.258973 0.903736 0.137377 -0.422689 0.886628 -0.422689
lFoot 533.799 0.237653 0.910941 0.337205 -0.760607 -0.432606 -0.124002 -0.432606
rFoot 533.799 0.174665 0.838629 0.51594 -0.967672 -0.0618913 0.036694 -0.0618913
head 533.81 0.0390268 -0.112936 0.992835 0.780087 0.0451665 0.0828946 0.0451665
hip 533.81 0.00290663 0.190892 0.981607 0.728078 0.0874617 0.196005 0.0874617
lHand 533.81 0.445298 -0.228357 0.865773 0.111325 0.369678 -0.880467 0.369678
rHand 533.81 -0.341617 -0.262659 0.90239 0.136477 -0.42036 0.887628 -0.42036
lFoot 533.81 0.230861 0.913171 0.335889 -0.756626 -0.436748 -0.125495 -0.436748
rFoot 533.81 0.174438 0.83765 0.517604 -0.967069 -0.0639104 0.0369145 -0.0639104
head 533.821 0.0394417 -0.114925 0.992591 0.78128 0.0449974 0.0836285 0.0449974
hip 533.821 0.00174383 0.192089 0.981376 0.730223 0.0889683 0.198649 0.0889683
lHand 533.821 0.447006 -0.230386 0.864354 0.11037 0.367255 -0.882451 0.367255
rHand 533.821 -0.342354 -0.266362 0.901025 0.135965 -0.417917 0.888623 -0.417917
lFoot 533.821 0.224192 0.915176 0.33495 -0.752966 -0.438978 -0.125917 -0.438978
rFoot 533.821 0.171944 0.837053 0.519402 -0.966475 -0.0679779 0.0374514 -0.0679779
head 533.832 0.0399118 -0.116965 0.992334 0.782466 0.0455893 0.0841694 0.0455893
hip 533.832 0.000798452 0.1931 0.981179 0.730685 0.0895312 0.200495 0.0895312
lHand 533.832 0.448333 -0.231704 0.863314 0.109643 0.364732 -0.88441 0.364732
rHand 533.832 -0.34287 -0.270202 0.899684 0.135922 -0.415393 0.889614 -0.415393
lFoot 533.832 0.217471 0.917393 0.333311 -0.748877 -0.445637 -0.127427 -0.445637
rFoot 533.832 0.169714 0.836376 0.521223 -0.965825 -0.0697722 0.0386013 -0.0697722
head 533.844 0.040304 -0.119019 0.992074 0.783638 0.046486 0.0847283 0.046486
hip 533.844 -0.000432937 0.19474 0.980855 0.731624 0.0900921 0.201667 0.0900921
lHand 533.844 0.450131 -0.233226 0.861967 0.109229 0.362038 -0.886622 0.362038
rHand 533.844 -0.34354 -0.274034 0.898268 0.136552 -0.412928 0.890491 -0.412928
lFoot 533.844 0.211751 0.919253 0.331865 -0.746265 -0.448453 -0.129023 -0.448453
rFoot 533.844 0.169242 0.834315 0.524668 -0.965211 -0.0697731 0.0385312 -0.0697731
head 533.856 0.0406913 -0.12098 0.991821 0.784705 0.0474237 0.0854545 0.0474237
hip 533.856 -0.00147773 0.195845 0.980634 0.733833 0.090413 0.203355 0.090413
lHand 533.856 0.452174 -0.234973 0.860422 0.108456 0.359294 -0.888752 0.359294
rHand 533.856 -0.34451 -0.277948 0.896693 0.137547 -0.410979 0.891026 -0.410979
lFoot 533.856 0.206817 0.920955 0.330256 -0.74434 -0.448501 -0.130846 -0.448501
rFoot 533.856 0.165586 0.833927 0.526448 -0.9646 -0.0732391 0.03747 -0.0732391
head 533.866 0.041141 -0.122965 0.991558 0.78556 0.0480812 0.0862825 0.0480812
hip 533.866 -0.00270311 0.196921 0.980416 0.736431 0.0915725 0.205887 0.0915725
lHand 533.866 0.454265 -0.236418 0.858923 0.107676 0.356894 -0.890621 0.356894
rHand 533.866 -0.345289 -0.281809 0.895187 0.138607 -0.409602 0.891273 -0.409602
lFoot 533.866 0.201327 0.922601 0.32905 -0.741811 -0.448956 -0.13213 -0.448956
rFoot 533.866 0.161912 0.834022 0.527439 -0.964031 -0.0757454 0.0371158 -0.0757454
head 533.878 0.0415144 -0.124962 0.991293 0.786247 0.0488112 0.0871335 0.0488112
hip 533.878 -0.00430831 0.198703 0.98005 0.739088 0.0930266 0.209096 0.0930266
lHand 533.878 0.456443 -0.237903 0.857357 0.107279 0.355 -0.892116 0.355
rHand 533.878 -0.34593 -0.285941 0.893628 0.140033 -0.408718 0.891172 -0.408718
lFoot 533.878 0.196065 0.924217 0.327692 -0.737557 -0.451755 -0.132869 -0.451755
rFoot 533.878 0.163922 0.832859 0.528654 -0.963608 -0.071678 0.0366179 -0.071678
head 533.888 0.0418711 -0.126889 0.991033 0.787048 0.049574 0.088043 0.049574
hip 533.888 -0.00553811 0.199879 0.979805 0.741996 0.0941996 0.213109 0.0941996
lHand 533.888 0.458871 -0.239889 0.855506 0.106608 0.353405 -0.893438 0.353405
rHand 533.888 -0.346899 -0.289851 0.891991 0.141621 -0.408331 0.890817 -0.408331
lFoot 533.888 0.190789 0.925975 0.325837 -0.733392 -0.456237 -0.132987 -0.456237
rFoot 533.888 0.163097 0.831898 0.53042 -0.963086 -0.0703456 0.036229 -0.0703456
head 533.899 0.0422075 -0.128861 0.990764 0.787866 0.0503771 0.089138 0.0503771
hip 533.899 -0.00654583 0.201107 0.979547 0.743704 0.0959456 0.216958 0.0959456
lHand 533.899 0.461238 -0.241196 0.853864 0.10645 0.352591 -0.894387 0.352591
rHand 533.899 -0.348077 -0.293898 0.890206 0.14301 -0.408155 0.890361 -0.408155
lFoot 533.899 0.185482 0.927734 0.323892 -0.730069 -0.459659 -0.134647 -0.459659
rFoot 533.899 0.159984 0.831683 0.531704 -0.96257 -0.0701392 0.0365459 -0.0701392
head 533.911 0.0424874 -0.130969 0.990476 0.788945 0.0512964 0.0903882 0.0512964
hip 533.911 -0.00748896 0.202138 0.979328 0.745035 0.0972294 0.221208 0.0972294
lHand 533.911 0.463604 -0.242431 0.852231 0.106795 0.351807 -0.895288 0.351807
rHand 533.911 -0.349386 -0.297694 0.88843 0.144072 -0.407702 0.89008 -0.407702
lFoot 533.911 0.180196 0.929376 0.322164 -0.726265 -0.463239 -0.135239 -0.463239
rFoot 533.911 0.159496 0.83105 0.532839 -0.962018 -0.0693189 0.0358156 -0.0693189
head 533.922 0.0427436 -0.13294 0.990202 0.790067 0.0522341 0.091631 0.0522341
hip 533.922 -0.00846502 0.203214 0.979098 0.746006 0.0987885 0.225604 0.0987885
lHand 533.922 0.466006 -0.243416 0.850639 0.10756 0.350853 -0.896308 0.350853
rHand 533.922 -0.350608 -0.301849 0.886544 0.14508 -0.407564 0.889675 -0.407564
lFoot 533.922 0.174764 0.930987 0.320502 -0.721462 -0.467963 -0.136319 -0.467963
rFoot 533.922 0.154166 0.830892 0.534651 -0.96141 -0.0710493 0.0330817 -0.0710493
head 533.933 0.0429275 -0.134938 0.989924 0.791135 0.0529972 0.0931372 0.0529972
hip 533.933 -0.00923266 0.204197 0.978886 0.747098 0.100637 0.229753 0.100637
lHand 533.933 0.468711 -0.244839 0.848743 0.107337 0.348954 -0.898088 0.348954
rHand 533.933 -0.352148 -0.30602 0.884502 0.14578 -0.407732 0.889111 -0.407732
lFoot 533.933 0.168915 0.932653 0.318789 -0.715763 -0.474868 -0.137994 -0.474868
rFoot 533.933 0.147128 0.83162 0.535501 -0.960993 -0.0715234 0.0307322 -0.0715234
head 533.944 0.0431531 -0.136934 0.98964 0.792136 0.0534246 0.0946813 0.0534246
hip 533.944 -0.00969834 0.205223 0.978667 0.749362 0.101177 0.23131 0.101177
lHand 533.944 0.471257 -0.245244 0.847214 0.108661 0.347386 -0.899378 0.347386
rHand 533.944 -0.353422 -0.309857 0.882656 0.146932 -0.407456 0.888668 -0.407456
lFoot 533.944 0.163238 0.934226 0.317136 -0.710546 -0.481254 -0.13947 -0.481254
rFoot 533.944 0.145164 0.830506 0.537761 -0.9605 -0.0680037 0.028627 -0.0680037
head 533.955 0.0432901 -0.138725 0.989384 0.793018 0.0536196 0.0962733 0.0536196
hip 533.955 -0.00992654 0.206157 0.978469 0.753883 0.100543 0.228245 0.100543
lHand 533.955 0.474333 -0.245577 0.845399 0.109296 0.345674 -0.900661 0.345674
rHand 533.955 -0.354897 -0.31434 0.880476 0.148557 -0.407899 0.887681 -0.407899
lFoot 533.955 0.157665 0.935921 0.31495 -0.70516 -0.488884 -0.141575 -0.488884
rFoot 533.955 0.143702 0.829105 0.540309 -0.959822 -0.0650046 0.0272555 -0.0650046
head 533.966 0.0434633 -0.140487 0.989128 0.793781 0.0536698 0.0977762 0.0536698
hip 533.966 -0.0103368 0.207181 0.978248 0.757728 0.0998251 0.227321 0.0998251
lHand 533.966 0.477017 -0.246173 0.843714 0.10977 0.344402 -0.901742 0.344402
rHand 533.966 -0.356298 -0.3187 0.878341 0.15016 -0.408268 0.886745 -0.408268
lFoot 533.966 0.152397 0.937452 0.312983 -0.700249 -0.494406 -0.144109 -0.494406
rFoot 533.966 0.143617 0.826917 0.543675 -0.959102 -0.0629108 0.0257592 -0.0629108
head 533.978 0.0436314 -0.14229 0.988863 0.794553 0.0536591 0.0993068 0.0536591
hip 533.978 -0.0108178 0.208212 0.978024 0.7613 0.0998067 0.228802 0.0998067
lHand 533.978 0.479911 -0.246775 0.841895 0.109812 0.343545 -0.902517 0.343545
rHand 533.978 -0.357865 -0.323031 0.876119 0.152288 -0.409337 0.885276 -0.409337
lFoot 533.978 0.147352 0.939011 0.310717 -0.6943 -0.500603 -0.146794 -0.500603
rFoot 533.978 0.142768 0.823682 0.548785 -0.957774 -0.0645969 0.0244755 -0.0645969
head 533.989 0.0437567 -0.143902 0.988624 0.79513 0.0540694 0.100768 0.0540694
hip 533.989 -0.011618 0.209186 0.977807 0.764023 0.101656 0.232741 0.101656
lHand 533.989 0.482888 -0.247788 0.839893 0.108917 0.343105 -0.903046 0.343105
rHand 533.989 -0.359356 -0.327769 0.873745 0.154518 -0.410823 0.883541 -0.410823
lFoot 533.989 0.142566 0.940522 0.308373 -0.68856 -0.506838 -0.148812 -0.506838
rFoot 533.989 0.135635 0.823269 0.551209 -0.956781 -0.0717006 0.023329 -0.0717006
head 534 0.0438062 -0.145523 0.988385 0.795434 0.0547797 0.102141 0.0547797
hip 534 -0.0125699 0.210086 0.977602 0.766338 0.103762 0.236526 0.103762
lHand 534 0.48612 -0.247939 0.837982 0.107138 0.342301 -0.903988 0.342301
rHand 534 -0.36158 -0.332336 0.871098 0.15632 -0.41214 0.882002 -0.41214
lFoot 534 0.137986 0.941987 0.305974 -0.683398 -0.512389 -0.1502 -0.512389
rFoot 534 0.132854 0.822545 0.552964 -0.956062 -0.073548 0.0233409 -0.073548
head 534.011 0.0439493 -0.147231 0.988125 0.795578 0.0555848 0.103259 0.0555848
hip 534.011 -0.0130297 0.211107 0.977376 0.76949 0.105539 0.23934 0.105539
lHand 534.011 0.489874 -0.2482 0.835715 0.104332 0.341437 -0.905096 0.341437
rHand 534.011 -0.363342 -0.336883 0.868615 0.157592 -0.413839 0.880401 -0.413839
lFoot 534.011 0.133545 0.943355 0.303721 -0.678256 -0.517868 -0.151475 -0.517868
rFoot 534.011 0.138444 0.820977 0.553922 -0.955641 -0.0677945 0.0238795 -0.0677945
head 534.023 0.0440582 -0.148711 0.987899 0.795631 0.0560758 0.104345 0.0560758
hip 534.023 -0.0130953 0.212393 0.977097 0.772981 0.106049 0.239863 0.106049
lHand 534.023 0.493325 -0.248648 0.833549 0.103153 0.340539 -0.906128 0.340539
rHand 534.023 -0.365167 -0.341462 0.866058 0.15797 -0.41561 0.879033 -0.41561
lFoot 534.023 0.129567 0.944637 0.301453 -0.672479 -0.523544 -0.153631 -0.523544
rFoot 534.023 0.14223 0.818444 0.556705 -0.954647 -0.0655781 0.0239598 -0.0655781
head 534.034 0.0441979 -0.150226 0.987663 0.795679 0.0560759 0.105374 0.0560759
hip 534.034 -0.0131015 0.21386 0.976776 0.776836 0.106695 0.238711 0.106695
lHand 534.034 0.497039 -0.248199 0.831474 0.102774 0.339359 -0.907373 0.339359
rHand 534.034 -0.366854 -0.345845 0.863603 0.157843 -0.416978 0.878019 -0.416978
lFoot 534.034 0.126161 0.945832 0.299142 -0.667707 -0.527794 -0.156289 -0.527794
rFoot 534.034 0.141239 0.817608 0.558183 -0.953803 -0.0671807 0.0231998 -0.0671807
head 534.045 0.0443736 -0.151777 0.987418 0.795866 0.0558025 0.106395 0.0558025
hip 534.045 -0.0128441 0.215084 0.976511 0.779726 0.106272 0.237884 0.106272
lHand 534.045 0.500862 -0.247861 0.829278 0.103089 0.338037 -0.908585 0.338037
rHand 534.045 -0.368721 -0.350079 0.861098 0.15812 -0.418319 0.87693 -0.418319
lFoot 534.045 0.123223 0.946947 0.296829 -0.664566 -0.530436 -0.158118 -0.530436
rFoot 534.045 0.136957 0.815783 0.561908 -0.953034 -0.0681207 0.0227109 -0.0681207
head 534.056 0.0445516 -0.153196 0.987191 0.796412 0.055535 0.107276 0.055535
hip 534.056 -0.0126237 0.216439 0.976215 0.780859 0.105366 0.235246 0.105366
lHand 534.056 0.504772 -0.247798 0.826923 0.103546 0.337181 -0.90954 0.337181
rHand 534.056 -0.37047 -0.354525 0.858525 0.158352 -0.419481 0.876064 -0.419481
lFoot 534.056 0.120616 0.948064 0.294324 -0.662471 -0.531681 -0.15982 -0.531681
rFoot 534.056 0.13877 0.813669 0.564522 -0.952187 -0.0656729 0.0230735 -0.0656729
head 534.067 0.0447365 -0.154627 0.98696 0.797042 0.0554207 0.108118 0.0554207
hip 534.067 -0.0128426 0.217785 0.975912 0.782181 0.104928 0.235768 0.104928
lHand 534.067 0.509062 -0.247576 0.824355 0.103266 0.336506 -0.910449 0.336506
rHand 534.067 -0.372289 -0.358778 0.855967 0.158915 -0.420343 0.87534 -0.420343
lFoot 534.067 0.118071 0.94914 0.291877 -0.659719 -0.533153 -0.161446 -0.533153
rFoot 534.067 0.143639 0.811089 0.567012 -0.951161 -0.0645322 0.0227488 -0.0645322
head 534.078 0.0449484 -0.156114 0.986716 0.79766 0.055436 0.108982 0.055436
hip 534.078 -0.0129595 0.218723 0.975701 0.781285 0.104884 0.240449 0.104884
lHand 534.078 0.513529 -0.246873 0.821792 0.102951 0.336438 -0.911026 0.336438
rHand 534.078 -0.37367 -0.363329 0.853442 0.159443 -0.421125 0.874675 -0.421125
lFoot 534.078 0.115336 0.950255 0.289331 -0.656426 -0.535426 -0.162861 -0.535426
rFoot 534.078 0.143945 0.808315 0.570883 -0.949949 -0.0666385 0.0224797 -0.0666385
head 534.09 0.0451018 -0.15741 0.986503 0.798236 0.0555118 0.109814 0.0555118
hip 534.09 -0.0134939 0.219922 0.975424 0.780336 0.106242 0.246691 0.106242
lHand 534.09 0.518192 -0.245944 0.819139 0.103033 0.336823 -0.911194 0.336823
rHand 534.09 -0.375441 -0.367453 0.850895 0.159824 -0.421728 0.874098 -0.421728
lFoot 534.09 0.112665 0.951367 0.286718 -0.652619 -0.538573 -0.164116 -0.538573
rFoot 534.09 0.14392 0.806369 0.573635 -0.948879 -0.0690949 0.0228398 -0.0690949
head 534.1 0.0453113 -0.158762 0.986277 0.798852 0.0556997 0.110279 0.0556997
hip 534.1 -0.0138128 0.221163 0.975139 0.780572 0.107731 0.250762 0.107731
lHand 534.1 0.522607 -0.244774 0.816681 0.103406 0.337365 -0.911309 0.337365
rHand 534.1 -0.377125 -0.371747 0.848281 0.15981 -0.421849 0.873933 -0.421849
lFoot 534.1 0.110254 0.952475 0.283962 -0.648705 -0.542029 -0.165522 -0.542029
rFoot 534.1 0.151206 0.802851 0.576686 -0.947769 -0.0690546 0.0231503 -0.0690546
head 534.112 0.0456422 -0.160051 0.986053 0.799174 0.0555881 0.110662 0.0555881
hip 534.112 -0.0139458 0.221952 0.974958 0.781452 0.110315 0.253117 0.110315
lHand 534.112 0.527231 -0.243508 0.814083 0.104594 0.339115 -0.910617 0.339115
rHand 534.112 -0.37871 -0.375973 0.845709 0.159633 -0.42158 0.873967 -0.42158
lFoot 534.112 0.108386 0.953421 0.281497 -0.645775 -0.544084 -0.167582 -0.544084
rFoot 534.112 0.148104 0.802132 0.578489 -0.947079 -0.0738913 0.0232464 -0.0738913
head 534.123 0.045857 -0.161151 0.985864 0.799308 0.0553889 0.111089 0.0553889
hip 534.123 -0.0135311 0.223258 0.974666 0.784534 0.110725 0.25158 0.110725
lHand 534.123 0.531778 -0.242443 0.811439 0.105768 0.34058 -0.910124 0.34058
rHand 534.123 -0.380361 -0.380007 0.843161 0.159053 -0.421251 0.874118 -0.421251
lFoot 534.123 0.10633 0.954396 0.278965 -0.642808 -0.545993 -0.169365 -0.545993
rFoot 534.123 0.145794 0.801427 0.580051 -0.946556 -0.076412 0.0246893 -0.076412
head 534.134 0.0461527 -0.162223 0.985674 0.799159 0.0548808 0.111487 0.0548808
hip 534.134 -0.0127017 0.225049 0.974265 0.790885 0.108795 0.245086 0.108795
lHand 534.134 0.536294 -0.240881 0.808928 0.107412 0.343075 -0.909128 0.343075
rHand 534.134 -0.381301 -0.384234 0.840817 0.15882 -0.420719 0.87428 -0.420719
lFoot 534.134 0.106255 0.955099 0.276578 -0.644215 -0.541404 -0.17136 -0.541404
rFoot 534.134 0.153671 0.79744 0.583502 -0.945884 -0.0702857 0.0264825 -0.0702857
head 534.146 0.046471 -0.163353 0.985473 0.799286 0.0541529 0.11196 0.0541529
hip 534.146 -0.0120674 0.226637 0.973904 0.795904 0.107656 0.239878 0.107656
lHand 534.146 0.540876 -0.239522 0.806277 0.109151 0.345864 -0.907997 0.345864
rHand 534.146 -0.382591 -0.38843 0.838299 0.158795 -0.420026 0.874418 -0.420026
lFoot 534.146 0.104966 0.955905 0.274276 -0.64308 -0.540674 -0.172832 -0.540674
rFoot 534.146 0.158482 0.79532 0.585106 -0.944903 -0.0695314 0.0289176 -0.0695314
head 534.157 0.0468335 -0.164294 0.985299 0.799787 0.0532567 0.11228 0.0532567
hip 534.157 -0.0118329 0.228585 0.973452 0.800282 0.10736 0.234908 0.10736
lHand 534.157 0.545488 -0.238043 0.803604 0.110468 0.348127 -0.907143 0.348127
rHand 534.157 -0.383595 -0.392893 0.835757 0.159099 -0.419502 0.874382 -0.419502
lFoot 534.157 0.103802 0.956812 0.271543 -0.641834 -0.540579 -0.174038 -0.540579
rFoot 534.157 0.159886 0.793464 0.58724 -0.944092 -0.0719505 0.0289111 -0.0719505
head 534.168 0.0472133 -0.165275 0.985117 0.800423 0.0523843 0.11263 0.0523843
hip 534.168 -0.0119838 0.230388 0.973025 0.80265 0.107579 0.233876 0.107579
lHand 534.168 0.550191 -0.236416 0.800873 0.11128 0.350555 -0.90623 0.350555
rHand 534.168 -0.384755 -0.39713 0.833218 0.159332 -0.418992 0.874361 -0.418992
lFoot 534.168 0.102406 0.957719 0.268862 -0.640108 -0.541242 -0.175342 -0.541242
rFoot 534.168 0.161854 0.791511 0.589333 -0.942932 -0.0723087 0.0296979 -0.0723087
head 534.178 0.0477185 -0.166141 0.984947 0.801202 0.051695 0.112837 0.051695
hip 534.178 -0.00936268 0.225753 0.97414 0.803394 0.108448 0.236155 0.108448
lHand 534.178 0.555136 -0.2343 0.798078 0.110483 0.352324 -0.905892 0.352324
rHand 534.178 -0.385708 -0.401186 0.830831 0.15943 -0.418067 0.874593 -0.418067
lFoot 534.178 0.101159 0.95872 0.265751 -0.637917 -0.543276 -0.176049 -0.543276
rFoot 534.178 0.160446 0.78888 0.593232 -0.941608 -0.0759339 0.0295711 -0.0759339
head 534.19 0.0481657 -0.166871 0.984802 0.802069 0.0511666 0.112853 0.0511666
hip 534.19 -0.0103403 0.227556 0.97371 0.800894 0.109864 0.243879 0.109864
lHand 534.19 0.560385 -0.231577 0.795199 0.108884 0.353809 -0.905736 0.353809
rHand 534.19 -0.386716 -0.404883 0.828565 0.159148 -0.417297 0.874877 -0.417297
lFoot 534.19 0.0997496 0.959671 0.262832 -0.635295 -0.545228 -0.177509 -0.545228
rFoot 534.19 0.158896 0.787241 0.595822 -0.94099 -0.0795114 0.030739 -0.0795114
head 534.201 0.0486407 -0.167626 0.98465 0.802837 0.0508757 0.112796 0.0508757
hip 534.201 -0.0107578 0.229333 0.973289 0.799842 0.111071 0.24782 0.111071
lHand 534.201 0.565391 -0.228975 0.792403 0.107202 0.355661 -0.905498 0.355661
rHand 534.201 -0.387739 -0.408445 0.826336 0.158846 -0.416046 0.875511 -0.416046
lFoot 534.201 0.0983609 0.960663 0.259714 -0.631877 -0.548503 -0.179478 -0.548503
rFoot 534.201 0.162633 0.785197 0.597508 -0.940117 -0.078313 0.0337434 -0.078313
head 534.212 0.0491912 -0.1683 0.984508 0.803421 0.0511723 0.112619 0.0511723
hip 534.212 -0.0100703 0.228634 0.97346 0.800449 0.111326 0.248669 0.111326
lHand 534.212 0.570293 -0.226221 0.789678 0.105964 0.357997 -0.905027 0.357997
rHand 534.212 -0.388683 -0.411951 0.824149 0.158555 -0.414599 0.876221 -0.414599
lFoot 534.212 0.0971744 0.961654 0.256472 -0.62846 -0.552137 -0.181493 -0.552137
rFoot 534.212 0.167757 0.782999 0.598974 -0.939463 -0.0781017 0.0348348 -0.0781017
head 534.223 0.0496697 -0.168738 0.984409 0.80403 0.051632 0.112463 0.051632
hip 534.223 -0.0098609 0.230715 0.972971 0.8014 0.111512 0.248036 0.111512
lHand 534.223 0.575063 -0.223733 0.786922 0.105622 0.36064 -0.904289 0.36064
rHand 534.223 -0.389745 -0.414993 0.822119 0.157797 -0.412871 0.877245 -0.412871
lFoot 534.223 0.0959367 0.962642 0.253214 -0.625392 -0.555596 -0.183689 -0.555596
rFoot 534.223 0.168157 0.781664 0.600604 -0.938957 -0.0792114 0.0369139 -0.0792114
head 534.235 0.0501548 -0.169163 0.984311 0.804496 0.0517087 0.112439 0.0517087
hip 534.235 -0.00944055 0.233004 0.97243 0.802934 0.11121 0.247556 0.11121
lHand 534.235 0.579641 -0.220589 0.784447 0.105781 0.363732 -0.903323 0.363732
rHand 534.235 -0.390961 -0.418147 0.81994 0.157107 -0.411088 0.878242 -0.411088
lFoot 534.235 0.0947006 0.963613 0.249965 -0.622772 -0.558249 -0.185809 -0.558249
rFoot 534.235 0.172214 0.780875 0.60048 -0.938441 -0.0759841 0.0397415 -0.0759841
head 534.246 0.0506122 -0.169662 0.984202 0.804985 0.0515109 0.112683 0.0515109
hip 534.246 -0.00886632 0.233822 0.972239 0.804377 0.11092 0.247721 0.11092
lHand 534.246 0.584095 -0.21773 0.781937 0.106483 0.366566 -0.90235 0.366566
rHand 534.246 -0.391884 -0.421698 0.817678 0.156657 -0.409441 0.879028 -0.409441
lFoot 534.246 0.0933035 0.964661 0.246423 -0.619909 -0.561746 -0.187447 -0.561746
rFoot 534.246 0.177497 0.777954 0.602729 -0.937956 -0.0734865 0.0386884 -0.0734865
head 534.257 0.0510566 -0.169811 0.984153 0.805399 0.0509964 0.113094 0.0509964
hip 534.257 -0.00848007 0.236277 0.971649 0.806203 0.111819 0.2465 0.111819
lHand 534.257 0.588402 -0.214783 0.77952 0.107286 0.368745 -0.90159 0.368745
rHand 534.257 -0.392836 -0.424893 0.815565 0.156243 -0.407871 0.879668 -0.407871
lFoot 534.257 0.0917689 0.965704 0.242889 -0.616143 -0.566502 -0.188626 -0.566502
rFoot 534.257 0.175799 0.777562 0.603731 -0.937739 -0.0751167 0.0393535 -0.0751167
head 534.268 0.0515789 -0.169974 0.984098 0.805768 0.0506861 0.113419 0.0506861
hip 534.268 -0.00814744 0.238676 0.971065 0.808031 0.111691 0.244809 0.111691
lHand 534.268 0.592605 -0.211819 0.777143 0.107865 0.370618 -0.900959 0.370618
rHand 534.268 -0.393651 -0.428007 0.813541 0.155827 -0.406404 0.880226 -0.406404
lFoot 534.268 0.0903139 0.966775 0.239145 -0.611375 -0.572266 -0.19001 -0.572266
rFoot 534.268 0.180291 0.775903 0.604541 -0.937521 -0.0731492 0.0411789 -0.0731492
head 534.279 0.0520756 -0.170034 0.984061 0.806074 0.0504266 0.113722 0.0504266
hip 534.279 -0.00776523 0.240415 0.970639 0.809901 0.111592 0.244053 0.111592
lHand 534.279 0.596538 -0.208725 0.774969 0.108197 0.371269 -0.900779 0.371269
rHand 534.279 -0.394542 -0.430913 0.811573 0.155996 -0.404535 0.880762 -0.404535
lFoot 534.279 0.0891147 0.967817 0.235349 -0.607361 -0.577498 -0.191291 -0.577498
rFoot 534.279 0.182208 0.773462 0.607088 -0.936958 -0.0714162 0.042026 -0.0714162
head 534.29 0.0525968 -0.169892 0.984058 0.806431 0.0501185 0.113884 0.0501185
hip 534.29 -0.00782406 0.24297 0.970002 0.811691 0.111547 0.244632 0.111547
lHand 534.29 0.600644 -0.20567 0.772611 0.10796 0.37248 -0.90043 0.37248
rHand 534.29 -0.395577 -0.433849 0.809502 0.15601 -0.402812 0.881304 -0.402812
lFoot 534.29 0.0882934 0.968826 0.231473 -0.604515 -0.581359 -0.192409 -0.581359
rFoot 534.29 0.18381 0.772546 0.607772 -0.936478 -0.0728357 0.0434144 -0.0728357
head 534.302 0.0531584 -0.169696 0.984062 0.80689 0.0497206 0.114108 0.0497206
hip 534.302 -0.00682962 0.243173 0.969959 0.813015 0.111698 0.246326 0.111698
lHand 534.302 0.604746 -0.202489 0.770247 0.106653 0.372975 -0.900422 0.372975
rHand 534.302 -0.396503 -0.436816 0.807451 0.156043 -0.401047 0.88189 -0.401047
lFoot 534.302 0.0877431 0.969779 0.227663 -0.602449 -0.584217 -0.193531 -0.584217
rFoot 534.302 0.189221 0.771391 0.607578 -0.936092 -0.0740038 0.0442631 -0.0740038
head 534.313 0.0537262 -0.16951 0.984063 0.807391 0.0496626 0.114334 0.0496626
hip 534.313 -0.00634565 0.243613 0.969852 0.813649 0.113333 0.249856 0.113333
lHand 534.313 0.608823 -0.199213 0.767886 0.10491 0.373257 -0.900526 0.373257
rHand 534.313 -0.397974 -0.438838 0.805629 0.156247 -0.399184 0.882466 -0.399184
lFoot 534.313 0.0875197 0.970661 0.223961 -0.600872 -0.586039 -0.194739 -0.586039
rFoot 534.313 0.192255 0.769561 0.608945 -0.935818 -0.0747311 0.044518 -0.0747311
head 534.324 0.0543633 -0.169222 0.984078 0.807938 0.0499519 0.114437 0.0499519
hip 534.324 -0.00629578 0.246717 0.969067 0.813824 0.11421 0.252449 0.11421
lHand 534.324 0.612765 -0.196097 0.765549 0.10373 0.373975 -0.900415 0.373975
rHand 534.324 -0.399205 -0.441441 0.803595 0.156421 -0.397288 0.88307 -0.397288
lFoot 534.324 0.0876775 0.971491 0.22027 -0.599959 -0.58668 -0.196088 -0.58668
rFoot 534.324 0.191829 0.77019 0.608284 -0.935754 -0.0788037 0.0461185 -0.0788037
head 534.335 0.0550155 -0.168755 0.984122 0.808538 0.0501675 0.11439 0.0501675
hip 534.335 -0.00602841 0.250826 0.968013 0.81456 0.113878 0.251916 0.113878
lHand 534.335 0.616744 -0.192944 0.763151 0.102924 0.374631 -0.900218 0.374631
rHand 534.335 -0.400888 -0.443439 0.801655 0.156732 -0.395511 0.883644 -0.395511
lFoot 534.335 0.0870871 0.972042 0.21806 -0.602159 -0.584867 -0.193015 -0.584867
rFoot 534.335 0.201289 0.768169 0.607782 -0.93545 -0.0778147 0.0466675 -0.0778147
head 534.346 0.0556401 -0.168383 0.98415 0.809509 0.0498909 0.114493 0.0498909
hip 534.346 -0.00533765 0.254404 0.967083 0.815704 0.113685 0.248466 0.113685
lHand 534.346 0.620322 -0.189687 0.761065 0.102844 0.375318 -0.899939 0.375318
rHand 534.346 -0.402232 -0.445394 0.799896 0.157559 -0.393883 0.883986 -0.393883
lFoot 534.346 0.0860457 0.971917 0.219028 -0.61705 -0.564196 -0.178142 -0.564196
rFoot 534.346 0.20607 0.766722 0.608007 -0.93498 -0.0770593 0.0480396 -0.0770593
head 534.358 0.0562965 -0.167742 0.984222 0.810389 0.0489034 0.114609 0.0489034
hip 534.358 -0.00511132 0.258034 0.966122 0.815533 0.11412 0.246753 0.11412
lHand 534.358 0.623356 -0.186303 0.75942 0.103252 0.375677 -0.899725 0.375677
rHand 534.358 -0.40384 -0.44659 0.798418 0.15832 -0.392611 0.884168 -0.392611
lFoot 534.358 0.0829676 0.972544 0.217426 -0.614045 -0.562708 -0.182281 -0.562708
rFoot 534.358 0.205385 0.766291 0.608781 -0.935044 -0.0795384 0.0482732 -0.0795384
head 534.369 0.0570568 -0.167051 0.984296 0.810938 0.0481164 0.114551 0.0481164
hip 534.369 -0.00515511 0.261309 0.965241 0.81525 0.11482 0.247503 0.11482
lHand 534.369 0.626593 -0.182675 0.757635 0.103324 0.375329 -0.899864 0.375329
rHand 534.369 -0.405356 -0.448108 0.796797 0.158938 -0.391492 0.884365 -0.391492
lFoot 534.369 0.0774975 0.97274 0.218566 -0.611175 -0.55582 -0.182608 -0.55582
rFoot 534.369 0.207697 0.766087 0.608254 -0.935233 -0.0791499 0.051036 -0.0791499
head 534.38 0.0578516 -0.166164 0.9844 0.811453 0.0480326 0.11432 0.0480326
hip 534.38 -0.00582048 0.2656 0.964066 0.814624 0.114949 0.252094 0.114949
lHand 534.38 0.629701 -0.178951 0.755946 0.103303 0.374637 -0.900078 0.374637
rHand 534.38 -0.406539 -0.447925 0.796297 0.160255 -0.390655 0.884426 -0.390655
lFoot 534.38 0.0732007 0.97325 0.217777 -0.606664 -0.556858 -0.178633 -0.556858
rFoot 534.38 0.216014 0.7646 0.607227 -0.935264 -0.0745065 0.0537422 -0.0745065
head 534.392 0.0586614 -0.165071 0.984536 0.812066 0.0484738 0.11384 0.0484738
hip 534.392 -0.00602325 0.268725 0.963198 0.814072 0.115786 0.25608 0.115786
lHand 534.392 0.633106 -0.174071 0.754239 0.102797 0.374143 -0.900216 0.374143
rHand 534.392 -0.407913 -0.448314 0.795375 0.161379 -0.389647 0.884671 -0.389647
lFoot 534.392 0.0696361 0.974489 0.213359 -0.597342 -0.56956 -0.182269 -0.56956
rFoot 534.392 0.219232 0.763678 0.607234 -0.935209 -0.0745747 0.0553299 -0.0745747
head 534.403 0.0594456 -0.16395 0.984676 0.812552 0.0491321 0.113393 0.0491321
hip 534.403 -0.0059763 0.272013 0.962275 0.814172 0.116291 0.258096 0.116291
lHand 534.403 0.636378 -0.169983 0.752415 0.101473 0.373602 -0.900501 0.373602
rHand 534.403 -0.410277 -0.448223 0.794209 0.162296 -0.388742 0.884943 -0.388742
lFoot 534.403 0.0675033 0.975615 0.208853 -0.589953 -0.58077 -0.18702 -0.58077
rFoot 534.403 0.217352 0.763845 0.6077 -0.935227 -0.0770657 0.0568896 -0.0770657
head 534.414 0.0601641 -0.162718 0.984837 0.812958 0.0496989 0.113028 0.0496989
hip 534.414 -0.00589339 0.276392 0.961027 0.815028 0.117069 0.257658 0.117069
lHand 534.414 0.639628 -0.165292 0.750702 0.0988444 0.373127 -0.900989 0.373127
rHand 534.414 -0.411728 -0.44751 0.793861 0.162999 -0.388263 0.885142 -0.388263
lFoot 534.414 0.0678921 0.976706 0.203557 -0.586867 -0.583543 -0.192365 -0.583543
rFoot 534.414 0.219118 0.76305 0.608064 -0.93518 -0.0775669 0.0585857 -0.0775669
head 534.425 0.0609715 -0.161124 0.985049 0.813511 0.049716 0.112499 0.049716
hip 534.425 -0.00505787 0.280112 0.959954 0.817272 0.1185 0.254148 0.1185
lHand 534.425 0.642945 -0.16025 0.74896 0.0973189 0.373168 -0.901196 0.373168
rHand 534.425 -0.413367 -0.446427 0.793619 0.162906 -0.388001 0.885589 -0.388001
lFoot 534.425 0.0674981 0.977511 0.199792 -0.590774 -0.580188 -0.18896 -0.580188
rFoot 534.425 0.222592 0.761085 0.609264 -0.934885 -0.0751102 0.0610327 -0.0751102
head 534.436 0.061887 -0.159303 0.985288 0.814308 0.0488876 0.111717 0.0488876
hip 534.436 -0.00434487 0.283982 0.95882 0.819573 0.118966 0.250028 0.118966
lHand 534.436 0.646247 -0.155384 0.747141 0.0958041 0.373343 -0.901539 0.373343
rHand 534.436 -0.41527 -0.445522 0.793133 0.162742 -0.387413 0.886016 -0.387413
lFoot 534.436 0.0641766 0.978239 0.197306 -0.589514 -0.584992 -0.181824 -0.584992
rFoot 534.436 0.225635 0.759667 0.609914 -0.93469 -0.0741043 0.0629708 -0.0741043
head 534.447 0.0627933 -0.157384 0.985539 0.815095 0.0475638 0.111191 0.0475638
hip 534.447 -0.00406831 0.288778 0.957387 0.82144 0.119171 0.246972 0.119171
lHand 534.447 0.649544 -0.150469 0.745286 0.0952399 0.373653 -0.901841 0.373653
rHand 534.447 -0.41697 -0.443783 0.793217 0.162052 -0.38657 0.88664 -0.38657
lFoot 534.447 0.0591532 0.978892 0.195629 -0.581746 -0.592575 -0.178926 -0.592575
rFoot 534.447 0.227957 0.758264 0.610796 -0.934663 -0.074041 0.0642471 -0.074041
head 534.458 0.0636665 -0.155127 0.985841 0.815361 0.0460745 0.111119 0.0460745
hip 534.458 -0.00450779 0.29303 0.956092 0.822187 0.119402 0.246783 0.119402
lHand 534.458 0.653425 -0.144343 0.743102 0.0947139 0.373282 -0.902501 0.373282
rHand 534.458 -0.418901 -0.442417 0.792962 0.161228 -0.385261 0.887442 -0.385261
lFoot 534.458 0.0541514 0.979327 0.194901 -0.578474 -0.592687 -0.182174 -0.592687
rFoot 534.458 0.229733 0.757444 0.611147 -0.934796 -0.0742586 0.0655955 -0.0742586
head 534.469 0.064577 -0.152785 0.986147 0.815054 0.0454773 0.111043 0.0454773
hip 534.469 -0.00563289 0.29733 0.954758 0.820669 0.120015 0.251214 0.120015
lHand 534.469 0.656892 -0.138602 0.741136 0.0938485 0.372443 -0.903411 0.372443
rHand 534.469 -0.421341 -0.440728 0.79261 0.160699 -0.383736 0.888247 -0.383736
lFoot 534.469 0.0506316 0.979676 0.19409 -0.574752 -0.595009 -0.183217 -0.595009
rFoot 534.469 0.231072 0.758004 0.609947 -0.935079 -0.0756188 0.0673064 -0.0756188
head 534.48 0.0655353 -0.150205 0.98648 0.814103 0.0461475 0.111147 0.0461475
hip 534.48 -0.00703723 0.30227 0.953196 0.819326 0.121943 0.255662 0.121943
lHand 534.48 0.6603 -0.132228 0.73927 0.0925524 0.369845 -0.905274 0.369845
rHand 534.48 -0.423124 -0.438346 0.792981 0.160957 -0.38137 0.889204 -0.38137
lFoot 534.48 0.0487279 0.980145 0.192201 -0.567623 -0.60165 -0.186701 -0.60165
rFoot 534.48 0.22913 0.759705 0.608562 -0.935568 -0.0788421 0.0679086 -0.0788421
head 534.491 0.0664597 -0.147456 0.986833 0.813258 0.0473996 0.111226 0.0473996
hip 534.491 -0.00867133 0.306527 0.951823 0.817468 0.124031 0.261607 0.124031
lHand 534.491 0.663944 -0.125857 0.737115 0.0912471 0.36762 -0.906727 0.36762
rHand 534.491 -0.424693 -0.435405 0.793763 0.162976 -0.378684 0.890011 -0.378684
lFoot 534.491 0.0494425 0.980596 0.1897 -0.569623 -0.59866 -0.18837 -0.59866
rFoot 534.491 0.228549 0.760513 0.607771 -0.936102 -0.0818436 0.0672706 -0.0818436
head 534.503 0.0674148 -0.144768 0.987166 0.812688 0.0496078 0.111445 0.0496078
hip 534.503 -0.00936184 0.310888 0.9504 0.815757 0.124925 0.266066 0.124925
lHand 534.503 0.667001 -0.118575 0.735561 0.0901738 0.365383 -0.90821 0.365383
rHand 534.503 -0.426032 -0.432585 0.794586 0.165703 -0.376546 0.890478 -0.376546
lFoot 534.503 0.0518372 0.980923 0.187355 -0.580108 -0.58542 -0.186811 -0.58542
rFoot 534.503 0.234283 0.759904 0.606348 -0.936341 -0.0802101 0.0717652 -0.0802101
head 534.515 0.0683123 -0.142005 0.987506 0.812689 0.0522205 0.111669 0.0522205
hip 534.515 -0.00926059 0.316353 0.948596 0.81461 0.125322 0.267807 0.125322
lHand 534.515 0.669885 -0.111841 0.733993 0.0895695 0.364169 -0.9091 0.364169
rHand 534.515 -0.427549 -0.429482 0.795454 0.168143 -0.374879 0.890879 -0.374879
lFoot 534.515 0.0529025 0.981369 0.184706 -0.588928 -0.57561 -0.183102 -0.57561
rFoot 534.515 0.236488 0.759855 0.605553 -0.936681 -0.0798432 0.0752263 -0.0798432
head 534.527 0.0690985 -0.139105 0.987864 0.813105 0.0541008 0.111988 0.0541008
hip 534.527 -0.00867247 0.321068 0.947016 0.814116 0.126041 0.267154 0.126041
lHand 534.527 0.67261 -0.104578 0.732571 0.0893646 0.363357 -0.90972 0.363357
rHand 534.527 -0.429197 -0.426028 0.796423 0.169678 -0.373527 0.891336 -0.373527
lFoot 534.527 0.0526296 0.981886 0.182018 -0.59345 -0.572754 -0.179592 -0.572754
rFoot 534.527 0.239141 0.759687 0.60472 -0.936996 -0.0787831 0.0781145 -0.0787831
head 534.537 0.0698119 -0.136145 0.988226 0.813463 0.0553731 0.112707 0.0553731
hip 534.537 -0.00832267 0.325883 0.945373 0.814928 0.126916 0.263462 0.126916
lHand 534.537 0.674901 -0.0975769 0.731429 0.0905543 0.36426 -0.909236 0.36426
rHand 534.537 -0.431571 -0.422119 0.797222 0.170181 -0.372665 0.891833 -0.372665
lFoot 534.537 0.0506081 0.982308 0.180303 -0.583726 -0.582105 -0.182107 -0.582105
rFoot 534.537 0.242396 0.759392 0.603794 -0.937374 -0.0768637 0.0801427 -0.0768637
head 534.547 0.0703815 -0.133047 0.988608 0.813723 0.0563439 0.113897 0.0563439
hip 534.547 -0.00840645 0.33107 0.943569 0.815218 0.127691 0.261979 0.127691
lHand 534.547 0.677276 -0.0907324 0.730113 0.0917078 0.364629 -0.909028 0.364629
rHand 534.547 -0.433538 -0.418216 0.798211 0.17011 -0.372264 0.892156 -0.372264
lFoot 534.547 0.0484899 0.982815 0.178113 -0.575283 -0.590307 -0.186562 -0.590307
rFoot 534.547 0.246184 0.758939 0.602831 -0.937854 -0.0761229 0.0821036 -0.0761229
head 534.558 0.0708967 -0.129743 0.98901 0.813736 0.0576146 0.115232 0.0576146
hip 534.558 -0.00866968 0.335875 0.941866 0.816525 0.12774 0.259913 0.12774
lHand 534.558 0.679503 -0.0838617 0.728864 0.0936604 0.365113 -0.908618 0.365113
rHand 534.558 -0.435201 -0.414621 0.799181 0.169933 -0.372111 0.892391 -0.372111
lFoot 534.558 0.0473408 0.98323 0.176117 -0.5758 -0.592583 -0.187377 -0.592583
rFoot 534.558 0.246785 0.760286 0.600885 -0.938432 -0.0780001 0.0847508 -0.0780001
head 534.57 0.071429 -0.126376 0.989407 0.8134 0.0590746 0.116572 0.0590746
hip 534.57 -0.00919326 0.340482 0.940206 0.817053 0.128263 0.261724 0.128263
lHand 534.57 0.681656 -0.0766052 0.727651 0.0949105 0.364983 -0.908591 0.364983
rHand 534.57 -0.437112 -0.410549 0.800239 0.169913 -0.371738 0.89258 -0.371738
lFoot 534.57 0.0468555 0.983495 0.174763 -0.57643 -0.592292 -0.187311 -0.592292
rFoot 534.57 0.246228 0.761726 0.599288 -0.939008 -0.0798753 0.0845666 -0.0798753
head 534.581 0.0717683 -0.122726 0.989842 0.812421 0.0607448 0.118245 0.0607448
hip 534.581 -0.00994674 0.345508 0.938363 0.816416 0.128896 0.266648 0.128896
lHand 534.581 0.683708 -0.0686456 0.72652 0.0952878 0.364175 -0.908968 0.364175
rHand 534.581 -0.438212 -0.405501 0.802209 0.169836 -0.372127 0.892196 -0.372127
lFoot 534.581 0.0467768 0.983834 0.172865 -0.57743 -0.58979 -0.189087 -0.58979
rFoot 534.581 0.245834 0.76282 0.598056 -0.939482 -0.0800954 0.0845452 -0.0800954
head 534.592 0.0719834 -0.118724 0.990315 0.811021 0.0625791 0.11989 0.0625791
hip 534.592 -0.0102375 0.350147 0.936639 0.8136 0.128867 0.272231 0.128867
lHand 534.592 0.686037 -0.0597614 0.725108 0.094269 0.362576 -0.909919 0.362576
rHand 534.592 -0.439505 -0.401158 0.803684 0.169906 -0.372455 0.891832 -0.372455
lFoot 534.592 0.0462864 0.984245 0.170642 -0.577099 -0.589809 -0.189507 -0.589809
rFoot 534.592 0.246208 0.763579 0.596933 -0.940136 -0.0792443 0.0846035 -0.0792443
head 534.603 0.0721298 -0.114774 0.99077 0.809737 0.0641742 0.121707 0.0641742
hip 534.603 -0.0104274 0.355087 0.934775 0.8107 0.129465 0.277617 0.129465
lHand 534.603 0.688046 -0.0509202 0.723879 0.093182 0.361049 -0.910862 0.361049
rHand 534.603 -0.441261 -0.396512 0.805026 0.16993 -0.372524 0.891587 -0.372524
lFoot 534.603 0.0452112 0.984752 0.167987 -0.573019 -0.596281 -0.189666 -0.596281
rFoot 534.603 0.244963 0.765853 0.594527 -0.940884 -0.0780271 0.0855201 -0.0780271
head 534.614 0.0721071 -0.110824 0.991221 0.808457 0.065235 0.123679 0.065235
hip 534.614 -0.0106807 0.361049 0.932486 0.808482 0.130425 0.280889 0.130425
lHand 534.614 0.689848 -0.0422857 0.722718 0.092411 0.360037 -0.911495 0.360037
rHand 534.614 -0.442554 -0.391863 0.806591 0.169629 -0.3729 0.891142 -0.3729
lFoot 534.614 0.0436789 0.985234 0.165546 -0.567832 -0.602299 -0.1912 -0.602299
rFoot 534.614 0.243831 0.767458 0.59292 -0.941611 -0.0772057 0.0867052 -0.0772057
head 534.626 0.0719344 -0.106585 0.991698 0.807239 0.0656325 0.125895 0.0656325
hip 534.626 -0.0101903 0.366301 0.930441 0.806978 0.131073 0.282393 0.131073
lHand 534.626 0.691639 -0.033393 0.721471 0.0919333 0.359355 -0.911944 0.359355
rHand 534.626 -0.444057 -0.387175 0.808028 0.169253 -0.372979 0.890876 -0.372979
lFoot 534.626 0.0423168 0.985681 0.163222 -0.562543 -0.608711 -0.193153 -0.608711
rFoot 534.626 0.240597 0.769282 0.591877 -0.942466 -0.0758285 0.0862247 -0.0758285
head 534.637 0.0718122 -0.102411 0.992147 0.806127 0.0658934 0.128044 0.0658934
hip 534.637 -0.00953202 0.37152 0.928376 0.808047 0.131956 0.278971 0.131956
lHand 534.637 0.693413 -0.0244832 0.720124 0.0917565 0.358976 -0.912206 0.358976
rHand 534.637 -0.445623 -0.382631 0.809329 0.168768 -0.372712 0.890835 -0.372712
lFoot 534.637 0.0412159 0.986007 0.161529 -0.557756 -0.613281 -0.195953 -0.613281
rFoot 534.637 0.239247 0.769282 0.592424 -0.943214 -0.0738178 0.0856987 -0.0738178
head 534.648 0.0715805 -0.0981421 0.992595 0.805138 0.0658893 0.129922 0.0658893
hip 534.648 -0.0090856 0.376845 0.926232 0.809489 0.131965 0.27598 0.131965
lHand 534.648 0.695044 -0.0156534 0.718797 0.0925321 0.358929 -0.912202 0.358929
rHand 534.648 -0.447055 -0.377969 0.810729 0.168498 -0.371984 0.890889 -0.371984
lFoot 534.648 0.0405053 0.986336 0.159689 -0.556615 -0.614237 -0.19683 -0.614237
rFoot 534.648 0.235443 0.770155 0.592814 -0.944008 -0.0720164 0.0846972 -0.0720164
head 534.659 0.0714053 -0.0936953 0.993037 0.804228 0.0660576 0.13143 0.0660576
hip 534.659 -0.00862547 0.382312 0.923993 0.810238 0.131563 0.274722 0.131563
lHand 534.659 0.696688 -0.0062807 0.717347 0.0938683 0.358981 -0.912097 0.358981
rHand 534.659 -0.448235 -0.373437 0.812176 0.169163 -0.371002 0.890874 -0.371002
lFoot 534.659 0.0400473 0.986614 0.158077 -0.559568 -0.610496 -0.196634 -0.610496
rFoot 534.659 0.235341 0.771043 0.591699 -0.944809 -0.0715132 0.0839505 -0.0715132
head 534.67 0.071259 -0.0892715 0.993455 0.803093 0.06681 0.132874 0.06681
hip 534.67 -0.00837189 0.387633 0.921776 0.809276 0.131754 0.276957 0.131754
lHand 534.67 0.698214 0.00263048 0.715885 0.0948935 0.358734 -0.912151 0.358734
rHand 534.67 -0.449231 -0.369094 0.81361 0.170665 -0.370387 0.890532 -0.370387
lFoot 534.67 0.0396313 0.986974 0.155922 -0.5615 -0.608508 -0.196955 -0.608508
rFoot 534.67 0.233096 0.773168 0.589811 -0.945532 -0.0715015 0.0842816 -0.0715015
head 534.681 0.0709959 -0.0847588 0.993869 0.801654 0.0679215 0.134305 0.0679215
hip 534.681 -0.00813841 0.39292 0.919536 0.806497 0.132833 0.283545 0.132833
lHand 534.681 0.699892 0.0121428 0.714146 0.095483 0.35795 -0.912505 0.35795
rHand 534.681 -0.450109 -0.364951 0.814992 0.171935 -0.370007 0.890098 -0.370007
lFoot 534.681 0.0390468 0.98745 0.153028 -0.559659 -0.610137 -0.197329 -0.610137
rFoot 534.681 0.23077 0.774335 0.589196 -0.94625 -0.0709602 0.0837848 -0.0709602
head 534.692 0.0708224 -0.0803836 0.994245 0.800434 0.0690484 0.13569 0.0690484
hip 534.692 -0.00743806 0.398554 0.917115 0.804176 0.133329 0.287099 0.133329
lHand 534.692 0.701714 0.0219204 0.712122 0.0958377 0.357063 -0.912915 0.357063
rHand 534.692 -0.450821 -0.361483 0.816144 0.172467 -0.369944 0.889847 -0.369944
lFoot 534.692 0.0386091 0.987925 0.150045 -0.558987 -0.611238 -0.197155 -0.611238
rFoot 534.692 0.226682 0.775832 0.588812 -0.947063 -0.0708137 0.0833052 -0.0708137
head 534.703 0.0705342 -0.0758894 0.994618 0.799228 0.0698502 0.137225 0.0698502
hip 534.703 -0.00668606 0.404173 0.914658 0.802903 0.133974 0.287523 0.133974
lHand 534.703 0.703803 0.0310785 0.709715 0.0962231 0.356254 -0.913325 0.356254
rHand 534.703 -0.452247 -0.357399 0.817153 0.17252 -0.369684 0.889777 -0.369684
lFoot 534.703 0.0374792 0.988258 0.148128 -0.563046 -0.606789 -0.194678 -0.606789
rFoot 534.703 0.224527 0.777379 0.587597 -0.948063 -0.0688867 0.0839296 -0.0688867
head 534.714 0.0701463 -0.0714209 0.994977 0.798218 0.0699205 0.138924 0.0699205
hip 534.714 -0.00476243 0.409044 0.912502 0.802534 0.133431 0.284996 0.133431
lHand 534.714 0.705476 0.0407131 0.707564 0.0968948 0.35554 -0.913711 0.35554
rHand 534.714 -0.452856 -0.353031 0.818713 0.17205 -0.369467 0.889932 -0.369467
lFoot 534.714 0.0347881 0.988546 0.146857 -0.565376 -0.603112 -0.188295 -0.603112
rFoot 534.714 0.222381 0.779165 0.586045 -0.949004 -0.0666008 0.0836511 -0.0666008
head 534.726 0.0696996 -0.067012 0.995315 0.797313 0.0698124 0.14074 0.0698124
hip 534.726 -0.00351683 0.414486 0.910049 0.801809 0.132875 0.283034 0.132875
lHand 534.726 0.707053 0.0501484 0.70538 0.0979388 0.354983 -0.913991 0.354983
rHand 534.726 -0.453468 -0.348261 0.820415 0.171158 -0.369371 0.890386 -0.369371
lFoot 534.726 0.0323572 0.98893 0.144814 -0.560327 -0.607955 -0.188379 -0.607955
rFoot 534.726 0.219771 0.780657 0.585043 -0.949797 -0.0647613 0.0839108 -0.0647613
head 534.737 0.0693577 -0.0625921 0.995626 0.79625 0.0696407 0.142466 0.0696407
hip 534.737 -0.00243078 0.419727 0.907647 0.800958 0.132062 0.282586 0.132062
lHand 534.737 0.708402 0.0599771 0.703256 0.0995511 0.354532 -0.914233 0.354532
rHand 534.737 -0.454807 -0.343807 0.821552 0.170463 -0.369069 0.890858 -0.369069
lFoot 534.737 0.0301552 0.989295 0.142777 -0.555843 -0.612166 -0.191023 -0.612166
rFoot 534.737 0.221239 0.781163 0.583812 -0.950607 -0.0618163 0.0838343 -0.0618163
head 534.748 0.0689258 -0.0580883 0.995929 0.795122 0.0700125 0.144254 0.0700125
hip 534.748 -0.00149374 0.42438 0.905483 0.800167 0.131013 0.28365 0.131013
lHand 534.748 0.709732 0.070001 0.700986 0.101041 0.354222 -0.914465 0.354222
rHand 534.748 -0.454342 -0.338235 0.824118 0.169092 -0.368178 0.892115 -0.368178
lFoot 534.748 0.0284412 0.989624 0.140839 -0.556847 -0.611335 -0.191095 -0.611335
rFoot 534.748 0.219126 0.782724 0.582517 -0.951326 -0.0613042 0.0840483 -0.0613042
head 534.759 0.0685021 -0.0537057 0.996204 0.793899 0.0705694 0.145899 0.0705694
hip 534.759 -0.00106414 0.428883 0.90336 0.799303 0.131426 0.285734 0.131426
lHand 534.759 0.710758 0.0803673 0.69883 0.102053 0.354271 -0.914627 0.354271
rHand 534.759 -0.454284 -0.332906 0.826317 0.168179 -0.366956 0.893355 -0.366956
lFoot 534.759 0.0269434 0.989914 0.139083 -0.561138 -0.606593 -0.189583 -0.606593
rFoot 534.759 0.21715 0.78399 0.581555 -0.952005 -0.0618924 0.0845557 -0.0618924
head 534.77 0.0680482 -0.0493133 0.996463 0.792655 0.0708821 0.147304 0.0708821
hip 534.77 -0.000719233 0.433196 0.901299 0.798081 0.132592 0.289276 0.132592
lHand 534.77 0.711738 0.0909144 0.696537 0.102483 0.354775 -0.914681 0.354775
rHand 534.77 -0.455015 -0.327333 0.828139 0.166809 -0.365082 0.895035 -0.365082
lFoot 534.77 0.0247887 0.990292 0.136773 -0.568116 -0.600385 -0.187965 -0.600385
rFoot 534.77 0.213725 0.785788 0.580395 -0.952702 -0.0625634 0.0845086 -0.0625634
head 534.781 0.0675627 -0.0449581 0.996702 0.791618 0.070937 0.148598 0.070937
hip 534.781 -0.000254429 0.437504 0.899216 0.796531 0.133971 0.293504 0.133971
lHand 534.781 0.712592 0.101217 0.694239 0.103229 0.355656 -0.914491 0.355656
rHand 534.781 -0.454354 -0.322145 0.830533 0.165452 -0.363146 0.896692 -0.363146
lFoot 534.781 0.0215969 0.990683 0.134462 -0.571675 -0.598103 -0.185908 -0.598103
rFoot 534.781 0.212702 0.786701 0.579533 -0.953422 -0.0610022 0.0853035 -0.0610022
head 534.792 0.0671959 -0.0406305 0.996912 0.790591 0.0707723 0.149685 0.0707723
hip 534.792 0.000642239 0.441709 0.897158 0.795038 0.135556 0.295466 0.135556
lHand 534.792 0.713321 0.110851 0.692015 0.10429 0.357681 -0.913753 0.357681
rHand 534.792 -0.453092 -0.317582 0.832976 0.163893 -0.360979 0.898497 -0.360979
lFoot 534.792 0.0177033 0.991237 0.130902 -0.565138 -0.607314 -0.186155 -0.607314
rFoot 534.792 0.212241 0.786954 0.579359 -0.95407 -0.0598238 0.0855703 -0.0598238
head 534.803 0.0668672 -0.0362889 0.997102 0.789429 0.0705176 0.150868 0.0705176
hip 534.803 0.00156818 0.445958 0.895053 0.793782 0.136963 0.296277 0.136963
lHand 534.803 0.713825 0.121016 0.689789 0.105527 0.360586 -0.912572 0.360586
rHand 534.803 -0.451872 -0.313083 0.835339 0.162373 -0.359341 0.899883 -0.359341
lFoot 534.803 0.0142281 0.991751 0.127389 -0.562541 -0.61324 -0.186727 -0.61324
rFoot 534.803 0.2098 0.787661 0.579288 -0.954747 -0.0606391 0.086483 -0.0606391
head 534.815 0.0663861 -0.0318492 0.997286 0.788153 0.0700404 0.152372 0.0700404
hip 534.815 0.00229091 0.450308 0.89287 0.793112 0.138062 0.295052 0.138062
lHand 534.815 0.714307 0.130837 0.687494 0.106892 0.363478 -0.911324 0.363478
rHand 534.815 -0.450011 -0.30884 0.837919 0.161028 -0.357798 0.900995 -0.357798
lFoot 534.815 0.0115958 0.99228 0.12347 -0.563143 -0.618202 -0.186612 -0.618202
rFoot 534.815 0.208053 0.788306 0.579041 -0.955414 -0.0599656 0.0880995 -0.0599656
head 534.826 0.065886 -0.0272459 0.997455 0.786771 0.0695714 0.153975 0.0695714
hip 534.826 0.00320247 0.454236 0.890875 0.792947 0.139152 0.294053 0.139152
lHand 534.826 0.714669 0.140828 0.685139 0.108049 0.36629 -0.910114 0.36629
rHand 534.826 -0.447856 -0.304555 0.840637 0.159807 -0.35671 0.9018 -0.35671
lFoot 534.826 0.00904353 0.992601 0.121087 -0.565503 -0.6173 -0.186575 -0.6173
rFoot 534.826 0.212042 0.787995 0.578015 -0.956105 -0.0566179 0.0899734 -0.0566179
head 534.837 0.0655364 -0.0227073 0.997592 0.785219 0.0690441 0.155549 0.0690441
hip 534.837 0.00350745 0.458475 0.8887 0.792826 0.14132 0.294243 0.14132
lHand 534.837 0.714805 0.150988 0.68283 0.108774 0.368529 -0.909194 0.368529
rHand 534.837 -0.444585 -0.301506 0.843468 0.158252 -0.355618 0.90263 -0.355618
lFoot 534.837 0.00656069 0.992906 0.118719 -0.572378 -0.611279 -0.184089 -0.611279
rFoot 534.837 0.216101 0.787273 0.577496 -0.95661 -0.0547386 0.091939 -0.0547386
head 534.848 0.0651727 -0.0181067 0.99771 0.783899 0.0683973 0.157192 0.0683973
hip 534.848 0.0040234 0.462274 0.886728 0.792253 0.143722 0.295475 0.143722
lHand 534.848 0.715044 0.160851 0.680323 0.109355 0.370379 -0.90846 0.370379
rHand 534.848 -0.441357 -0.298345 0.846283 0.157221 -0.3536 0.90371 -0.3536
lFoot 534.848 0.00266745 0.993296 0.115571 -0.568841 -0.618283 -0.184659 -0.618283
rFoot 534.848 0.216651 0.787808 0.57656 -0.957123 -0.055629 0.0940186 -0.055629
head 534.859 0.0649003 -0.0135141 0.9978 0.782722 0.0673813 0.158905 0.0673813
hip 534.859 0.0041652 0.466026 0.884761 0.791281 0.147059 0.299194 0.147059
lHand 534.859 0.715329 0.170885 0.677571 0.109726 0.371568 -0.908005 0.371568
rHand 534.859 -0.438056 -0.295997 0.848819 0.156431 -0.351287 0.904957 -0.351287
lFoot 534.859 -0.00121873 0.993579 0.113134 -0.566311 -0.625466 -0.186956 -0.625466
rFoot 534.859 0.216744 0.788385 0.575735 -0.957735 -0.0553668 0.0964124 -0.0553668
head 534.871 0.0646862 -0.00905792 0.997865 0.781825 0.0660127 0.160732 0.0660127
hip 534.871 0.00414839 0.469941 0.882688 0.789802 0.150658 0.303359 0.150658
lHand 534.871 0.715549 0.180393 0.674869 0.110218 0.37289 -0.907459 0.37289
rHand 534.871 -0.434917 -0.293589 0.851266 0.155431 -0.348014 0.906537 -0.348014
lFoot 534.871 -0.00417929 0.99365 0.112438 -0.562583 -0.628699 -0.189991 -0.628699
rFoot 534.871 0.217801 0.789275 0.574115 -0.958482 -0.0532492 0.0993101 -0.0532492
head 534.882 0.0645524 -0.00443007 0.997905 0.780591 0.0645891 0.162547 0.0645891
hip 534.882 0.00418375 0.474544 0.880222 0.787857 0.153199 0.304937 0.153199
lHand 534.882 0.715618 0.189715 0.672234 0.110804 0.374265 -0.906848 0.374265
rHand 534.882 -0.430846 -0.29188 0.853919 0.154713 -0.344493 0.908112 -0.344493
lFoot 534.882 -0.00687554 0.993803 0.110942 -0.556296 -0.632296 -0.192683 -0.632296
rFoot 534.882 0.219628 0.790503 0.571724 -0.959254 -0.0515587 0.101186 -0.0515587
head 534.894 0.0644859 -3.79302e-05 0.997919 0.779553 0.0631361 0.164322 0.0631361
hip 534.894 0.00470692 0.478659 0.877988 0.78602 0.154591 0.304091 0.154591
lHand 534.894 0.715289 0.198841 0.669943 0.111576 0.375471 -0.906201 0.375471
rHand 534.894 -0.426383 -0.289748 0.85688 0.154894 -0.340707 0.9096 -0.340707
lFoot 534.894 -0.0087351 0.993903 0.109916 -0.550951 -0.64367 -0.191642 -0.64367
rFoot 534.894 0.221016 0.791146 0.570298 -0.959826 -0.050621 0.101867 -0.050621
head 534.904 0.0645907 0.00416219 0.997903 0.778516 0.0619719 0.166001 0.0619719
hip 534.904 0.00532398 0.482548 0.875853 0.784605 0.154828 0.300368 0.154828
lHand 534.904 0.714974 0.207729 0.667578 0.1123 0.375944 -0.905799 0.375944
rHand 534.904 -0.422004 -0.288407 0.859497 0.155385 -0.337074 0.910964 -0.337074
lFoot 534.904 -0.00985329 0.993967 0.109234 -0.550365 -0.646199 -0.192339 -0.646199
rFoot 534.904 0.222762 0.791257 0.569464 -0.96042 -0.0505605 0.102718 -0.0505605
head 534.916 0.0648861 0.00824123 0.997859 0.777156 0.0615444 0.167674 0.0615444
hip 534.916 0.00533594 0.486164 0.873851 0.783708 0.154945 0.297469 0.154945
lHand 534.916 0.714529 0.216619 0.665225 0.11302 0.376713 -0.905329 0.376713
rHand 534.916 -0.415967 -0.287147 0.862855 0.157343 -0.33268 0.912271 -0.33268
lFoot 534.916 -0.00956484 0.993952 0.109398 -0.554337 -0.643278 -0.191635 -0.643278
rFoot 534.916 0.225155 0.791735 0.567856 -0.960857 -0.0498276 0.10443 -0.0498276
head 534.927 0.0651952 0.012329 0.997796 0.775421 0.0617088 0.169186 0.0617088
hip 534.927 0.00541849 0.489105 0.872208 0.782986 0.155395 0.297035 0.155395
lHand 534.927 0.713609 0.225522 0.663251 0.113471 0.377479 -0.904936 0.377479
rHand 534.927 -0.408738 -0.28632 0.866576 0.159854 -0.328242 0.91349 -0.328242
lFoot 534.927 -0.00882416 0.993773 0.111076 -0.561689 -0.637901 -0.1903 -0.637901
rFoot 534.927 0.227088 0.791905 0.566848 -0.961137 -0.0496539 0.105447 -0.0496539
head 534.938 0.0656957 0.0161149 0.99771 0.77362 0.0629635 0.170549 0.0629635
hip 534.938 0.00513175 0.491227 0.871017 0.781904 0.155569 0.300582 0.155569
lHand 534.938 0.712507 0.234338 0.661377 0.114254 0.378729 -0.904344 0.378729
rHand 534.938 -0.401266 -0.285614 0.870294 0.162264 -0.322936 0.914952 -0.322936
lFoot 534.938 -0.0086055 0.993623 0.112427 -0.563103 -0.63627 -0.192065 -0.63627
rFoot 534.938 0.227742 0.791763 0.566785 -0.961593 -0.0509173 0.105019 -0.0509173
head 534.949 0.0662475 0.0199527 0.997604 0.77207 0.0647296 0.171743 0.0647296
hip 534.949 0.0041356 0.493641 0.869656 0.779684 0.157826 0.309158 0.157826
lHand 534.949 0.711376 0.243699 0.659208 0.115318 0.380243 -0.903606 0.380243
rHand 534.949 -0.393093 -0.285451 0.874068 0.164362 -0.317095 0.916632 -0.317095
lFoot 534.949 -0.00822463 0.993502 0.113514 -0.56382 -0.633447 -0.194383 -0.633447
rFoot 534.949 0.226863 0.792194 0.566534 -0.962125 -0.0519284 0.104654 -0.0519284
head 534.96 0.0668058 0.02356 0.997488 0.770808 0.0661577 0.173083 0.0661577
hip 534.96 0.00311702 0.495364 0.86868 0.777447 0.161625 0.316568 0.161625
lHand 534.96 0.710267 0.251643 0.657417 0.116599 0.382376 -0.902622 0.382376
rHand 534.96 -0.38479 -0.285761 0.877654 0.166138 -0.311714 0.918317 -0.311714
lFoot 534.96 -0.00752308 0.993367 0.114738 -0.567562 -0.627049 -0.197869 -0.627049
rFoot 534.96 0.22435 0.79294 0.566493 -0.962544 -0.0528493 0.105614 -0.0528493
head 534.971 0.0674124 0.0269392 0.997361 0.769646 0.0670343 0.174951 0.0670343
hip 534.971 0.00209442 0.497325 0.867562 0.776675 0.165597 0.32003 0.165597
lHand 534.971 0.70902 0.260075 0.655478 0.117584 0.384436 -0.90172 0.384436
rHand 534.971 -0.377402 -0.286071 0.880756 0.166667 -0.305637 0.920588 -0.305637
lFoot 534.971 -0.00628705 0.993396 0.11456 -0.570053 -0.624665 -0.197569 -0.624665
rFoot 534.971 0.222203 0.793204 0.566969 -0.963186 -0.053252 0.105998 -0.053252
head 534.983 0.0679486 0.0304031 0.997225 0.76842 0.0676217 0.177224 0.0676217
hip 534.983 0.000815635 0.499936 0.866062 0.77733 0.168827 0.319787 0.168827
lHand 534.983 0.707605 0.268701 0.653525 0.118074 0.386609 -0.901025 0.386609
rHand 534.983 -0.368696 -0.286896 0.884169 0.165451 -0.299085 0.923455 -0.299085
lFoot 534.983 -0.00516287 0.993359 0.114943 -0.575011 -0.620664 -0.197278 -0.620664
rFoot 534.983 0.219263 0.793597 0.567563 -0.96376 -0.0535599 0.106362 -0.0535599
head 534.993 0.0685492 0.0335962 0.997082 0.767303 0.0681146 0.179594 0.0681146
hip 534.993 -8.494e-06 0.502202 0.86475 0.777767 0.170813 0.318087 0.170813
lHand 534.993 0.706618 0.277146 0.651061 0.118127 0.387979 -0.900798 0.387979
rHand 534.993 -0.359668 -0.288558 0.887341 0.163361 -0.292246 0.926773 -0.292246
lFoot 534.993 -0.00393058 0.993352 0.115045 -0.585011 -0.609954 -0.197226 -0.609954
rFoot 534.993 0.218824 0.794819 0.56602 -0.964306 -0.0544601 0.107225 -0.0544601
head 535.005 0.0691754 0.0366078 0.996933 0.766173 0.0690396 0.182046 0.0690396
hip 535.005 -0.000610856 0.50461 0.863347 0.776838 0.171782 0.318481 0.171782
lHand 535.005 0.70517 0.285944 0.648823 0.117937 0.389004 -0.90086 0.389004
rHand 535.005 -0.350462 -0.28994 0.890568 0.161583 -0.285318 0.929922 -0.285318
lFoot 535.005 -0.0036817 0.993436 0.114329 -0.588502 -0.606307 -0.197096 -0.606307
rFoot 535.005 0.218238 0.796487 0.563897 -0.965006 -0.0562037 0.106818 -0.0562037
head 535.016 0.0697801 0.0396122 0.996776 0.765079 0.0707537 0.184517 0.0707537
hip 535.016 -0.00105771 0.507274 0.861784 0.774657 0.172801 0.321034 0.172801
lHand 535.016 0.703688 0.294803 0.646463 0.117234 0.389739 -0.901207 0.389739
rHand 535.016 -0.341336 -0.290831 0.893816 0.15942 -0.277068 0.933638 -0.277068
lFoot 535.016 -0.00496769 0.993512 0.113619 -0.589149 -0.607159 -0.197164 -0.607159
rFoot 535.016 0.217579 0.798133 0.56182 -0.965553 -0.0566758 0.104042 -0.0566758
head 535.028 0.0703675 0.0425288 0.996614 0.764046 0.0726723 0.186864 0.0726723
hip 535.028 -0.00149863 0.509629 0.860393 0.7729 0.17438 0.323015 0.17438
lHand 535.028 0.702211 0.303258 0.644154 0.116317 0.390363 -0.901568 0.390363
rHand 535.028 -0.331072 -0.293559 0.89678 0.157826 -0.268264 0.937303 -0.268264
lFoot 535.028 -0.00642532 0.993617 0.112625 -0.587049 -0.611723 -0.198732 -0.611723
rFoot 535.028 0.215849 0.799616 0.560378 -0.966186 -0.05694 0.102908 -0.05694
head 535.038 0.0709618 0.0452086 0.996454 0.763012 0.0747348 0.189332 0.0747348
hip 535.038 -0.00195503 0.511927 0.859027 0.771776 0.1762 0.324391 0.1762
lHand 535.038 0.700576 0.312302 0.641609 0.114752 0.390694 -0.902353 0.390694
rHand 535.038 -0.319409 -0.297021 0.899865 0.15804 -0.259611 0.940296 -0.259611
lFoot 535.038 -0.00909713 0.993782 0.110975 -0.580205 -0.620913 -0.202699 -0.620913
rFoot 535.038 0.21431 0.801227 0.558666 -0.966621 -0.056273 0.102277 -0.056273
head 535.049 0.0715311 0.0478432 0.99629 0.762001 0.0766796 0.191866 0.0766796
hip 535.049 -0.00212451 0.513962 0.85781 0.770971 0.176899 0.324729 0.176899
lHand 535.049 0.698811 0.321123 0.639173 0.11376 0.391301 -0.902887 0.391301
rHand 535.049 -0.306287 -0.301756 0.902847 0.16186 -0.251154 0.942072 -0.251154
lFoot 535.049 -0.0118452 0.993914 0.109522 -0.573721 -0.630081 -0.204714 -0.630081
rFoot 535.049 0.212717 0.801773 0.55849 -0.967041 -0.0551729 0.101677 -0.0551729
head 535.06 0.0720732 0.0501969 0.996135 0.761084 0.0783813 0.194402 0.0783813
hip 535.06 -0.00260234 0.515781 0.856717 0.769647 0.178594 0.324717 0.178594
lHand 535.06 0.696988 0.329711 0.636788 0.112936 0.392354 -0.903268 0.392354
rHand 535.06 -0.29225 -0.306576 0.905871 0.167272 -0.241658 0.943422 -0.241658
lFoot 535.06 -0.013893 0.994098 0.107597 -0.567675 -0.640425 -0.205296 -0.640425
rFoot 535.06 0.20998 0.802351 0.558696 -0.967503 -0.055461 0.100781 -0.055461
head 535.072 0.0725657 0.0521847 0.995997 0.760474 0.0796053 0.197133 0.0796053
hip 535.072 -0.00327281 0.517294 0.855801 0.768322 0.179998 0.325169 0.179998
lHand 535.072 0.694725 0.338564 0.634612 0.11218 0.393879 -0.903492 0.393879
rHand 535.072 -0.278803 -0.311438 0.908447 0.171174 -0.231066 0.945131 -0.231066
lFoot 535.072 -0.0151468 0.99423 0.106194 -0.565537 -0.645578 -0.206732 -0.645578
rFoot 535.072 0.202486 0.802857 0.560733 -0.967775 -0.0559682 0.10207 -0.0559682
head 535.083 0.073046 0.0542157 0.995854 0.75979 0.0807218 0.199797 0.0807218
hip 535.083 -0.00441497 0.519003 0.854761 0.767219 0.181547 0.326302 0.181547
lHand 535.083 0.692284 0.347312 0.632548 0.111416 0.395868 -0.903484 0.395868
rHand 535.083 -0.263483 -0.317062 0.91107 0.174473 -0.216683 0.947274 -0.216683
lFoot 535.083 -0.014805 0.994263 0.105935 -0.570767 -0.641199 -0.207994 -0.641199
rFoot 535.083 0.19773 0.803455 0.561572 -0.968203 -0.0547968 0.102754 -0.0547968
head 535.094 0.0734959 0.055911 0.995727 0.758981 0.0819577 0.202402 0.0819577
hip 535.094 -0.00570779 0.519779 0.854281 0.766233 0.183128 0.328471 0.183128
lHand 535.094 0.689938 0.355299 0.630672 0.110066 0.398055 -0.90337 0.398055
rHand 535.094 -0.248588 -0.322416 0.913374 0.175941 -0.200432 0.949819 -0.200432
lFoot 535.094 -0.0141864 0.994222 0.106402 -0.574682 -0.636917 -0.208746 -0.636917
rFoot 535.094 0.195223 0.804059 0.561585 -0.968465 -0.0537094 0.103821 -0.0537094
head 535.106 0.073994 0.0573336 0.995609 0.758094 0.083676 0.20483 0.083676
hip 535.106 -0.00721026 0.520184 0.854024 0.765142 0.184525 0.331519 0.184525
lHand 535.106 0.687158 0.363815 0.628851 0.108209 0.400475 -0.903174 0.400475
rHand 535.106 -0.233854 -0.327891 0.915314 0.177488 -0.18517 0.95194 -0.18517
lFoot 535.106 -0.0139122 0.994226 0.106399 -0.578502 -0.633303 -0.209295 -0.633303
rFoot 535.106 0.194579 0.804456 0.561239 -0.968749 -0.0527851 0.104506 -0.0527851
head 535.116 0.0743522 0.05857 0.995511 0.756991 0.0859317 0.207301 0.0859317
hip 535.116 -0.00891664 0.520599 0.853755 0.763473 0.185888 0.335837 0.185888
lHand 535.116 0.684142 0.372389 0.627117 0.105875 0.402865 -0.902975 0.402865
rHand 535.116 -0.217233 -0.333074 0.917536 0.180415 -0.170028 0.953344 -0.170028
lFoot 535.116 -0.0134735 0.994209 0.10662 -0.581602 -0.63063 -0.207955 -0.63063
rFoot 535.116 0.196753 0.804776 0.560022 -0.968948 -0.0527057 0.103742 -0.0527057
head 535.127 0.0748159 0.0596611 0.995411 0.755887 0.0881905 0.209895 0.0881905
hip 535.127 -0.010309 0.520506 0.853796 0.761514 0.186781 0.34068 0.186781
lHand 535.127 0.681144 0.381351 0.624992 0.103815 0.405175 -0.902753 0.405175
rHand 535.127 -0.200342 -0.338214 0.919497 0.185347 -0.157717 0.953653 -0.157717
lFoot 535.127 -0.0132742 0.994234 0.106411 -0.583656 -0.629469 -0.207563 -0.629469
rFoot 535.127 0.195089 0.806128 0.558657 -0.969025 -0.055642 0.103445 -0.055642
head 535.139 0.0751231 0.0603038 0.995349 0.754609 0.0911087 0.212699 0.0911087
hip 535.139 -0.0113422 0.520421 0.853834 0.759858 0.187239 0.344287 0.187239
lHand 535.139 0.677672 0.389298 0.623866 0.102119 0.407952 -0.902238 0.407952
rHand 535.139 -0.182131 -0.343241 0.921419 0.190665 -0.14748 0.953399 -0.14748
lFoot 535.139 -0.0133867 0.994226 0.106468 -0.583141 -0.629892 -0.207161 -0.629892
rFoot 535.139 0.193433 0.806447 0.558772 -0.969241 -0.0563684 0.102825 -0.0563684
head 535.15 0.0752824 0.0609331 0.995299 0.753256 0.0941424 0.215504 0.0941424
hip 535.15 -0.0121877 0.520333 0.853876 0.75887 0.187809 0.346293 0.187809
lHand 535.15 0.673761 0.39783 0.622718 0.100752 0.411001 -0.901551 0.411001
rHand 535.15 -0.164509 -0.347766 0.923036 0.195824 -0.137617 0.952912 -0.137617
lFoot 535.15 -0.0134717 0.994241 0.106314 -0.582727 -0.630624 -0.207601 -0.630624
rFoot 535.15 0.190616 0.806874 0.559125 -0.969393 -0.0562754 0.102946 -0.0562754
head 535.161 0.0755515 0.0613799 0.995251 0.751892 0.0972871 0.218416 0.0972871
hip 535.161 -0.0124645 0.519814 0.854189 0.758956 0.188284 0.345717 0.188284
lHand 535.161 0.669979 0.405661 0.621745 0.0991095 0.414014 -0.900875 0.414014
rHand 535.161 -0.147352 -0.352368 0.924188 0.199649 -0.127053 0.952747 -0.127053
lFoot 535.161 -0.0135849 0.99425 0.106223 -0.582292 -0.631388 -0.207376 -0.631388
rFoot 535.161 0.188704 0.807355 0.559078 -0.969538 -0.0559857 0.103094 -0.0559857
head 535.172 0.0756161 0.0614906 0.995239 0.750677 0.100369 0.221692 0.100369
hip 535.172 -0.0127037 0.519245 0.854531 0.759384 0.188636 0.343611 0.188636
lHand 535.172 0.665848 0.413175 0.621235 0.0972112 0.417829 -0.899859 0.417829
rHand 535.172 -0.130305 -0.356771 0.925059 0.200601 -0.11579 0.953201 -0.11579
lFoot 535.172 -0.0137516 0.994246 0.106238 -0.581059 -0.633563 -0.207101 -0.633563
rFoot 535.172 0.187762 0.807228 0.559578 -0.969637 -0.055163 0.101776 -0.055163
head 535.183 0.0755935 0.0614399 0.995244 0.749654 0.1032 0.225139 0.1032
hip 535.183 -0.0131836 0.518767 0.854814 0.759287 0.188725 0.343129 0.188725
lHand 535.183 0.662256 0.419521 0.620822 0.0952253 0.421241 -0.898954 0.421241
rHand 535.183 -0.113036 -0.360877 0.925738 0.197911 -0.102055 0.954598 -0.102055
lFoot 535.183 -0.0137853 0.994216 0.10651 -0.580291 -0.633679 -0.207746 -0.633679
rFoot 535.183 0.18574 0.807452 0.559931 -0.969765 -0.0554102 0.100797 -0.0554102
head 535.195 0.0756033 0.0611583 0.995261 0.748733 0.105932 0.228861 0.105932
hip 535.195 -0.0139925 0.517696 0.85545 0.758889 0.190023 0.344737 0.190023
lHand 535.195 0.65809 0.427212 0.620006 0.0928432 0.424898 -0.897915 0.424898
rHand 535.195 -0.095871 -0.365078 0.926027 0.19435 -0.0864477 0.956058 -0.0864477
lFoot 535.195 -0.0138963 0.99418 0.106829 -0.579352 -0.634494 -0.208182 -0.634494
rFoot 535.195 0.184545 0.807184 0.560712 -0.969801 -0.0561437 0.0994159 -0.0561437
head 535.206 0.0754841 0.06081 0.995291 0.747694 0.108979 0.232681 0.108979
hip 535.206 -0.0149972 0.516493 0.85616 0.75878 0.191666 0.347823 0.191666
lHand 535.206 0.656272 0.42129 0.625957 0.0901949 0.428741 -0.89672 0.428741
rHand 535.206 -0.0790363 -0.368856 0.92612 0.192478 -0.070877 0.95677 -0.070877
lFoot 535.206 -0.0142537 0.994133 0.10722 -0.57727 -0.63645 -0.20881 -0.63645
rFoot 535.206 0.181442 0.806252 0.56306 -0.969871 -0.0574774 0.0985644 -0.0574774
head 535.217 0.0752667 0.0603701 0.995334 0.746586 0.112532 0.236813 0.112532
hip 535.217 -0.0160528 0.515746 0.856591 0.759386 0.192925 0.349766 0.192925
lHand 535.217 0.652526 0.427788 0.625466 0.0870296 0.432235 -0.895669 0.432235
rHand 535.217 -0.0608131 -0.371864 0.926293 0.190295 -0.0530832 0.957008 -0.0530832
lFoot 535.217 -0.0147521 0.994113 0.107336 -0.574329 -0.639864 -0.2092 -0.639864
rFoot 535.217 0.176508 0.805903 0.565125 -0.969867 -0.0591034 0.098589 -0.0591034
head 535.228 0.0749167 0.0598347 0.995393 0.74537 0.115882 0.241345 0.115882
hip 535.228 -0.0166744 0.514994 0.857031 0.760318 0.193628 0.349323 0.193628
lHand 535.228 0.648598 0.434214 0.625124 0.0840176 0.435577 -0.894629 0.435577
rHand 535.228 -0.0431291 -0.375361 0.925875 0.18766 -0.0369798 0.957075 -0.0369798
lFoot 535.228 -0.0151437 0.994104 0.107366 -0.571969 -0.642774 -0.20906 -0.642774
rFoot 535.228 0.171634 0.805685 0.566933 -0.969896 -0.0601654 0.0982898 -0.0601654
head 535.24 0.0744269 0.0592536 0.995465 0.744186 0.11891 0.246349 0.11891
hip 535.24 -0.0173815 0.514522 0.857301 0.760866 0.194026 0.348212 0.194026
lHand 535.24 0.644779 0.440363 0.624772 0.0813072 0.439289 -0.893282 0.439289
rHand 535.24 -0.0264846 -0.378361 0.925279 0.184393 -0.0221183 0.957092 -0.0221183
lFoot 535.24 -0.0152314 0.994088 0.107505 -0.571179 -0.643951 -0.208881 -0.643951
rFoot 535.24 0.166916 0.805592 0.568472 -0.969989 -0.0606402 0.0976239 -0.0606402
head 535.251 0.073757 0.058604 0.995553 0.742831 0.121327 0.252223 0.121327
hip 535.251 -0.0178765 0.51415 0.857514 0.760807 0.194361 0.346947 0.194361
lHand 535.251 0.641143 0.446131 0.624422 0.078992 0.442954 -0.891887 0.442954
rHand 535.251 -0.00984922 -0.380235 0.924838 0.178306 -0.00926707 0.957481 -0.00926707
lFoot 535.251 -0.0153211 0.994063 0.107721 -0.571063 -0.644085 -0.208961 -0.644085
rFoot 535.251 0.162683 0.806153 0.568904 -0.970151 -0.0612701 0.0962118 -0.0612701
head 535.262 0.0729455 0.0579306 0.995652 0.741402 0.123265 0.258448 0.123265
hip 535.262 -0.0183301 0.513923 0.857641 0.760197 0.194987 0.346672 0.194987
lHand 535.262 0.637529 0.451635 0.624165 0.076757 0.446712 -0.890379 0.446712
rHand 535.262 0.00670316 -0.382824 0.923797 0.172645 0.0020529 0.957712 0.0020529
lFoot 535.262 -0.0153685 0.994058 0.10776 -0.57114 -0.644047 -0.209088 -0.644047
rFoot 535.262 0.15859 0.806771 0.569184 -0.970283 -0.0617182 0.0949674 -0.0617182
head 535.273 0.071981 0.0574174 0.995752 0.740071 0.125104 0.265133 0.125104
hip 535.273 -0.0188402 0.51367 0.857781 0.759906 0.195034 0.346859 0.195034
lHand 535.273 0.634448 0.456886 0.623483 0.0745456 0.450478 -0.888742 0.450478
rHand 535.273 0.0228235 -0.384795 0.92272 0.164093 0.0103657 0.958475 0.0103657
lFoot 535.273 -0.0156106 0.994064 0.107669 -0.570716 -0.644683 -0.209561 -0.644683
rFoot 535.273 0.154663 0.808593 0.567677 -0.97043 -0.0622695 0.0947307 -0.0622695
head 535.284 0.0712342 0.0566853 0.995848 0.738688 0.12725 0.271728 0.12725
hip 535.284 -0.0197115 0.513581 0.857815 0.759638 0.1951 0.348208 0.1951
lHand 535.284 0.63114 0.461919 0.623132 0.0720389 0.45395 -0.88726 0.45395
rHand 535.284 0.0397469 -0.38699 0.921227 0.153739 0.0183632 0.95948 0.0183632
lFoot 535.284 -0.0160151 0.99408 0.107461 -0.569012 -0.646304 -0.210427 -0.646304
rFoot 535.284 0.154221 0.809975 0.565824 -0.970704 -0.0612804 0.0929309 -0.0612804
head 535.295 0.0702155 0.0558276 0.995968 0.736931 0.130133 0.279085 0.130133
hip 535.295 -0.0208815 0.51324 0.857991 0.759761 0.195919 0.350764 0.195919
lHand 535.295 0.628535 0.466006 0.622722 0.0696434 0.456913 -0.88594 0.456913
rHand 535.295 0.0560934 -0.386891 0.920418 0.14323 0.0279096 0.960444 0.0279096
lFoot 535.295 -0.016329 0.994096 0.107271 -0.568446 -0.64734 -0.210851 -0.64734
rFoot 535.295 0.156872 0.809842 0.565285 -0.970976 -0.0597338 0.0895914 -0.0597338
head 535.306 0.069204 0.0549068 0.99609 0.734836 0.133596 0.286877 0.133596
hip 535.306 -0.0219736 0.512912 0.85816 0.759962 0.196859 0.352663 0.196859
lHand 535.306 0.626031 0.469924 0.6223 0.0682131 0.459392 -0.884748 0.459392
rHand 535.306 0.0733784 -0.387238 0.919055 0.131735 0.0383669 0.961414 0.0383669
lFoot 535.306 -0.0165597 0.994103 0.107168 -0.568313 -0.647879 -0.211067 -0.647879
rFoot 535.306 0.156499 0.810224 0.564841 -0.971155 -0.0611812 0.0882868 -0.0611812
head 535.318 0.06816 0.0538489 0.99622 0.732051 0.137899 0.295418 0.137899
hip 535.318 -0.0234137 0.513035 0.858048 0.760433 0.198146 0.354093 0.198146
lHand 535.318 0.623642 0.47316 0.622246 0.0672416 0.461447 -0.883725 0.461447
rHand 535.318 0.0905854 -0.387482 0.917416 0.118653 0.0493913 0.962072 0.0493913
lFoot 535.318 -0.0168386 0.994115 0.107013 -0.567852 -0.648672 -0.21164 -0.648672
rFoot 535.318 0.153035 0.810261 0.565736 -0.971265 -0.0624475 0.0878008 -0.0624475
head 535.328 0.0670029 0.0526031 0.996365 0.72926 0.142437 0.304511 0.142437
hip 535.328 -0.0244864 0.513203 0.857918 0.760672 0.198153 0.354475 0.198153
lHand 535.328 0.6212 0.476515 0.622129 0.0663933 0.463344 -0.882793 0.463344
rHand 535.328 0.107594 -0.389002 0.914932 0.113375 0.0609112 0.959004 0.0609112
lFoot 535.328 -0.0170308 0.994122 0.106921 -0.567717 -0.648936 -0.212127 -0.648936
rFoot 535.328 0.149668 0.810497 0.566299 -0.971395 -0.0627017 0.0872597 -0.0627017
head 535.339 0.0657263 0.0512619 0.99652 0.726328 0.147562 0.314483 0.147562
hip 535.339 -0.0255572 0.513537 0.857687 0.760665 0.198071 0.354484 0.198071
lHand 535.339 0.619119 0.479164 0.622168 0.0665121 0.463875 -0.882508 0.463875
rHand 535.339 0.125599 -0.388255 0.912953 0.103492 0.0724675 0.957672 0.0724675
lFoot 535.339 -0.0171703 0.99412 0.106914 -0.567396 -0.649146 -0.212853 -0.649146
rFoot 535.339 0.146787 0.810804 0.566612 -0.971593 -0.061843 0.0866222 -0.061843
head 535.351 0.0644429 0.049639 0.996686 0.723309 0.152754 0.325048 0.152754
hip 535.351 -0.0262498 0.514047 0.85736 0.759924 0.197027 0.354214 0.197027
lHand 535.351 0.616878 0.482106 0.622122 0.0657282 0.465702 -0.881637 0.465702
rHand 535.351 0.145246 -0.386313 0.91086 0.0963376 0.0809834 0.955503 0.0809834
lFoot 535.351 -0.0173632 0.994133 0.106759 -0.566742 -0.650281 -0.212902 -0.650281
rFoot 535.351 0.144472 0.810976 0.566962 -0.971804 -0.0610685 0.0848204 -0.0610685
head 535.362 0.0630634 0.0480074 0.996854 0.720007 0.157652 0.3359 0.157652
hip 535.362 -0.0268817 0.514499 0.85707 0.758627 0.196281 0.353974 0.196281
lHand 535.362 0.61448 0.484626 0.622536 0.0657073 0.466418 -0.881338 0.466418
rHand 535.362 0.163892 -0.385452 0.908056 0.0868106 0.0890694 0.952963 0.0890694
lFoot 535.362 -0.0175994 0.99414 0.106658 -0.566403 -0.650822 -0.212898 -0.650822
rFoot 535.362 0.139495 0.812839 0.565538 -0.971938 -0.0623819 0.0839237 -0.0623819
head 535.373 0.0616358 0.0463764 0.997021 0.716351 0.162422 0.34712 0.162422
hip 535.373 -0.0281892 0.514973 0.856743 0.757904 0.195361 0.354062 0.195361
lHand 535.373 0.612229 0.487057 0.622857 0.06545 0.46683 -0.88125 0.46683
rHand 535.373 0.182955 -0.384363 0.904872 0.076675 0.0950271 0.949211 0.0950271
lFoot 535.373 -0.0175385 0.994139 0.106681 -0.566705 -0.650443 -0.213024 -0.650443
rFoot 535.373 0.137205 0.813875 0.564609 -0.972096 -0.0630913 0.0823932 -0.0630913
head 535.384 0.0603287 0.0446058 0.997181 0.712473 0.167374 0.358105 0.167374
hip 535.384 -0.0290673 0.514946 0.85673 0.758252 0.194147 0.353692 0.194147
lHand 535.384 0.610166 0.489447 0.623008 0.0646219 0.46711 -0.881287 0.46711
rHand 535.384 0.202599 -0.382296 0.901556 0.0694974 0.0999837 0.944441 0.0999837
lFoot 535.384 -0.0174753 0.994141 0.106668 -0.567159 -0.649613 -0.213353 -0.649613
rFoot 535.384 0.136367 0.814818 0.56345 -0.972349 -0.062513 0.0804798 -0.062513
head 535.395 0.0591506 0.0428485 0.997329 0.708056 0.172946 0.368591 0.172946
hip 535.395 -0.0301588 0.51479 0.856786 0.758859 0.193409 0.354895 0.193409
lHand 535.395 0.608044 0.491659 0.623341 0.0637085 0.466856 -0.881636 0.466856
rHand 535.395 0.222043 -0.378991 0.898367 0.0632922 0.10412 0.939166 0.10412
lFoot 535.395 -0.0174178 0.994152 0.106578 -0.567259 -0.649556 -0.213316 -0.649556
rFoot 535.395 0.136228 0.815628 0.562311 -0.972588 -0.0619631 0.0788087 -0.0619631
head 535.407 0.0577351 0.0412249 0.99748 0.703246 0.179237 0.379114 0.179237
hip 535.407 -0.0312146 0.514931 0.856663 0.759426 0.19313 0.355891 0.19313
lHand 535.407 0.605747 0.494185 0.623579 0.0631108 0.467006 -0.881705 0.467006
rHand 535.407 0.241311 -0.374992 0.89507 0.0597757 0.10708 0.93317 0.10708
lFoot 535.407 -0.0175327 0.994162 0.106462 -0.566982 -0.650161 -0.213363 -0.650161
rFoot 535.407 0.135191 0.816203 0.561726 -0.972753 -0.0615704 0.0772747 -0.0615704
head 535.418 0.0564282 0.0392957 0.997633 0.697955 0.186547 0.389619 0.186547
hip 535.418 -0.0326474 0.51484 0.856665 0.760298 0.192674 0.356615 0.192674
lHand 535.418 0.603491 0.496389 0.624017 0.0626705 0.467151 -0.881752 0.467151
rHand 535.418 0.260529 -0.370453 0.891566 0.0562032 0.110417 0.926639 0.110417
lFoot 535.418 -0.0175937 0.994169 0.106384 -0.566724 -0.650584 -0.213417 -0.650584
rFoot 535.418 0.133071 0.817177 0.560815 -0.972919 -0.0612692 0.0757142 -0.0612692
head 535.429 0.0550435 0.0371268 0.997793 0.692232 0.193994 0.400658 0.193994
hip 535.429 -0.0341622 0.514635 0.856729 0.760161 0.192491 0.358023 0.192491
lHand 535.429 0.601657 0.49823 0.62432 0.0625216 0.466854 -0.881998 0.466854
rHand 535.429 0.279521 -0.364993 0.888058 0.0510472 0.114988 0.92019 0.114988
lFoot 535.429 -0.0175946 0.994175 0.106329 -0.566981 -0.650302 -0.213482 -0.650302
rFoot 535.429 0.131677 0.817443 0.560757 -0.973067 -0.060701 0.0731659 -0.060701
head 535.44 0.053525 0.0349868 0.997953 0.686179 0.201461 0.412072 0.201461
hip 535.44 -0.0357735 0.514682 0.856635 0.758561 0.192497 0.360932 0.192497
lHand 535.44 0.59962 0.499425 0.625324 0.0627622 0.466511 -0.882219 0.466511
rHand 535.44 0.298094 -0.358862 0.88451 0.0467075 0.119134 0.913072 0.119134
lFoot 535.44 -0.0175021 0.994178 0.106315 -0.567956 -0.649201 -0.213698 -0.649201
rFoot 535.44 0.128157 0.817694 0.561207 -0.97318 -0.0609972 0.0711066 -0.0609972
head 535.452 0.0518672 0.0326605 0.99812 0.679956 0.208701 0.424097 0.208701
hip 535.452 -0.0372258 0.514429 0.856725 0.756946 0.192692 0.363501 0.192692
lHand 535.452 0.59724 0.501066 0.626288 0.0630083 0.466092 -0.882459 0.466092
rHand 535.452 0.316446 -0.351948 0.880905 0.0411635 0.123454 0.906267 0.123454
lFoot 535.452 -0.0174288 0.994201 0.106112 -0.569328 -0.648232 -0.213743 -0.648232
rFoot 535.452 0.123982 0.818169 0.561452 -0.973322 -0.0610126 0.0702121 -0.0610126
head 535.463 0.0502284 0.0300207 0.998287 0.673429 0.215643 0.436426 0.215643
hip 535.463 -0.0386242 0.51401 0.856914 0.754984 0.192886 0.36717 0.192886
lHand 535.463 0.595276 0.502556 0.626965 0.0632028 0.46586 -0.882589 0.46586
rHand 535.463 0.333938 -0.344081 0.87755 0.0336101 0.12813 0.899805 0.12813
lFoot 535.463 -0.0171914 0.994241 0.105781 -0.572963 -0.646279 -0.213185 -0.646279
rFoot 535.463 0.121215 0.817799 0.562593 -0.973416 -0.0609392 0.0691481 -0.0609392
head 535.474 0.0484759 0.0273456 0.99845 0.666506 0.222683 0.44887 0.222683
hip 535.474 -0.0401945 0.513783 0.856978 0.754758 0.192753 0.368675 0.192753
lHand 535.474 0.593389 0.502949 0.628436 0.0643641 0.465649 -0.882625 0.465649
rHand 535.474 0.351392 -0.335978 0.873866 0.0258989 0.132472 0.893488 0.132472
lFoot 535.474 -0.0159229 0.994241 0.105979 -0.585406 -0.63663 -0.211232 -0.63663
rFoot 535.474 0.11814 0.817484 0.563704 -0.973546 -0.061645 0.0673783 -0.061645
head 535.485 0.0467972 0.0245808 0.998602 0.659021 0.229948 0.461209 0.229948
hip 535.485 -0.0414875 0.513478 0.857099 0.755318 0.192472 0.369087 0.192472
lHand 535.485 0.591196 0.503905 0.629735 0.065097 0.46564 -0.882576 0.46564
rHand 535.485 0.368793 -0.327462 0.86992 0.0174659 0.136631 0.887198 0.136631
lFoot 535.485 -0.0154308 0.994257 0.105896 -0.589577 -0.632411 -0.211072 -0.632411
rFoot 535.485 0.114027 0.818391 0.563236 -0.973662 -0.0635129 0.0656393 -0.0635129
head 535.496 0.0449171 0.0216952 0.998755 0.650399 0.237217 0.474019 0.237217
hip 535.496 -0.0423984 0.51296 0.857365 0.757297 0.192284 0.365876 0.192284
lHand 535.496 0.589201 0.504656 0.631002 0.065506 0.465681 -0.882518 0.465681
rHand 535.496 0.385005 -0.318928 0.866058 0.00927045 0.140366 0.88046 0.140366
lFoot 535.496 -0.0148416 0.994313 0.10546 -0.594765 -0.628204 -0.21242 -0.628204
rFoot 535.496 0.107151 0.820331 0.561761 -0.973867 -0.0669329 0.0623116 -0.0669329
head 535.507 0.0429983 0.0186832 0.9989 0.641598 0.244376 0.487006 0.244376
hip 535.507 -0.0436127 0.512709 0.857454 0.758121 0.192081 0.365281 0.192081
lHand 535.507 0.587338 0.505026 0.632442 0.0661496 0.466093 -0.882244 0.466093
rHand 535.507 0.401637 -0.309544 0.861899 0.000901092 0.141479 0.873892 0.141479
lFoot 535.507 -0.0144874 0.994293 0.105694 -0.597157 -0.623965 -0.212038 -0.623965
rFoot 535.507 0.0999029 0.822747 0.55956 -0.974156 -0.0663482 0.0597368 -0.0663482
head 535.518 0.0409798 0.0155717 0.999039 0.632523 0.250575 0.500364 0.250575
hip 535.518 -0.044521 0.512173 0.857728 0.759077 0.191715 0.364775 0.191715
lHand 535.518 0.585771 0.505111 0.633826 0.0668122 0.467054 -0.881677 0.467054
rHand 535.518 0.417484 -0.300941 0.857404 -0.0101031 0.139331 0.866897 0.139331
lFoot 535.518 -0.0146117 0.994336 0.10527 -0.596187 -0.624575 -0.210572 -0.624575
rFoot 535.518 0.095802 0.824787 0.557268 -0.974197 -0.0625101 0.0593846 -0.0625101
head 535.529 0.0389057 0.0121964 0.999168 0.623451 0.255833 0.513713 0.255833
hip 535.529 -0.0454285 0.511638 0.857999 0.760063 0.191537 0.364509 0.191537
lHand 535.529 0.584089 0.505498 0.635068 0.0673477 0.467691 -0.881289 0.467691
rHand 535.529 0.433996 -0.2918 0.85235 -0.0220647 0.136624 0.859359 0.136624
lFoot 535.529 -0.0145112 0.994386 0.104816 -0.597069 -0.62524 -0.20945 -0.62524
rFoot 535.529 0.0927376 0.824507 0.558201 -0.974486 -0.0581447 0.0568904 -0.0581447
head 535.541 0.0367976 0.00894009 0.999283 0.614005 0.260197 0.52717 0.260197
hip 535.541 -0.0470247 0.511287 0.858123 0.759742 0.192282 0.36754 0.192282
lHand 535.541 0.58265 0.505534 0.636361 0.0679416 0.46802 -0.881065 0.46802
rHand 535.541 0.45002 -0.282185 0.847263 -0.0319946 0.131936 0.851128 0.131936
lFoot 535.541 -0.0141858 0.994378 0.104931 -0.598464 -0.623564 -0.208425 -0.623564
rFoot 535.541 0.0851303 0.824652 0.559197 -0.974519 -0.0596663 0.0559853 -0.0596663
head 535.552 0.0346451 0.00567466 0.999384 0.603788 0.264478 0.540698 0.264478
hip 535.552 -0.0484139 0.510935 0.858255 0.76092 0.192355 0.367753 0.192355
lHand 535.552 0.581051 0.505693 0.637695 0.0682518 0.468073 -0.881011 0.468073
rHand 535.552 0.464818 -0.270931 0.842936 -0.0331028 0.131381 0.842264 0.131381
lFoot 535.552 -0.0137713 0.994383 0.104945 -0.600624 -0.62031 -0.208301 -0.62031
rFoot 535.552 0.0745334 0.824586 0.560806 -0.974409 -0.0636423 0.0570515 -0.0636423
head 535.563 0.0325752 0.00217212 0.999467 0.592718 0.268856 0.554258 0.268856
hip 535.563 -0.0497226 0.510509 0.858434 0.761887 0.192415 0.36818 0.192415
lHand 535.563 0.579752 0.505726 0.638849 0.0686852 0.468061 -0.880984 0.468061
rHand 535.563 0.478344 -0.259919 0.838826 -0.0343123 0.133817 0.833408 0.133817
lFoot 535.563 -0.0133259 0.994394 0.104897 -0.602666 -0.617637 -0.207962 -0.617637
rFoot 535.563 0.0650989 0.824808 0.561652 -0.974335 -0.06518 0.0586823 -0.06518
head 535.574 0.0303897 -0.00135833 0.999537 0.581616 0.272727 0.567857 0.272727
hip 535.574 -0.0509843 0.510395 0.858428 0.762476 0.192568 0.368344 0.192568
lHand 535.574 0.578543 0.506141 0.639616 0.0689885 0.467878 -0.88106 0.467878
rHand 535.574 0.491372 -0.247583 0.835019 -0.0316811 0.138273 0.824285 0.138273
lFoot 535.574 -0.0131094 0.994408 0.104787 -0.60388 -0.616474 -0.207127 -0.616474
rFoot 535.574 0.0614686 0.824745 0.562153 -0.974334 -0.0643479 0.0587962 -0.0643479
head 535.585 0.0283695 -0.00510259 0.999585 0.57153 0.275486 0.581506 0.275486
hip 535.585 -0.0518821 0.510199 0.85849 0.762964 0.192457 0.367624 0.192457
lHand 535.585 0.577506 0.506228 0.640484 0.0690804 0.467806 -0.881093 0.467806
rHand 535.585 0.504203 -0.235491 0.830857 -0.0322543 0.142395 0.814292 0.142395
lFoot 535.585 -0.0128819 0.994432 0.104587 -0.605518 -0.614709 -0.207027 -0.614709
rFoot 535.585 0.0589483 0.826008 0.560568 -0.974479 -0.0639042 0.0574144 -0.0639042
head 535.597 0.0262546 -0.00910273 0.999614 0.562087 0.276407 0.595371 0.276407
hip 535.597 -0.0524467 0.509879 0.858646 0.763995 0.192014 0.364996 0.192014
lHand 535.597 0.576527 0.50605 0.641506 0.0692129 0.467699 -0.881144 0.467699
rHand 535.597 0.517401 -0.224095 0.82588 -0.0395015 0.145113 0.803162 0.145113
lFoot 535.597 -0.0129433 0.994446 0.104447 -0.6065 -0.613439 -0.207284 -0.613439
rFoot 535.597 0.0548003 0.827102 0.559374 -0.974626 -0.0638591 0.0556308 -0.0638591
head 535.608 0.0242809 -0.0128505 0.999623 0.552902 0.276658 0.608775 0.276658
hip 535.608 -0.0528949 0.5094 0.858902 0.766565 0.191272 0.360605 0.191272
lHand 535.608 0.575586 0.506506 0.641991 0.0691612 0.467472 -0.881272 0.467472
rHand 535.608 0.530309 -0.212766 0.820672 -0.0474047 0.147103 0.79173 0.147103
lFoot 535.608 -0.0131531 0.994474 0.104158 -0.606849 -0.613951 -0.207817 -0.613951
rFoot 535.608 0.0522464 0.827804 0.558579 -0.974762 -0.0629177 0.0541195 -0.0629177
head 535.619 0.0224791 -0.0168348 0.999606 0.543995 0.276467 0.621499 0.276467
hip 535.619 -0.0538416 0.509108 0.859017 0.767699 0.191283 0.362278 0.191283
lHand 535.619 0.57504 0.506347 0.642605 0.0684971 0.467201 -0.881469 0.467201
rHand 535.619 0.542895 -0.201856 0.815181 -0.0590412 0.147533 0.779867 0.147533
lFoot 535.619 -0.0133198 0.994498 0.10391 -0.607417 -0.613613 -0.20831 -0.613613
rFoot 535.619 0.0506765 0.828283 0.558013 -0.974882 -0.062845 0.0537955 -0.062845
head 535.63 0.0207605 -0.0207757 0.999569 0.53486 0.27705 0.633258 0.27705
hip 535.63 -0.0548058 0.508449 0.859346 0.768305 0.192193 0.365132 0.192193
lHand 535.63 0.574446 0.506299 0.643174 0.0682068 0.467003 -0.881596 0.467003
rHand 535.63 0.55528 -0.190781 0.809485 -0.0697708 0.147107 0.768326 0.147107
lFoot 535.63 -0.0135578 0.994509 0.103772 -0.607812 -0.61344 -0.209422 -0.61344
rFoot 535.63 0.0467914 0.828732 0.557686 -0.974926 -0.0636615 0.0535564 -0.0636615
head 535.641 0.0191394 -0.024489 0.999517 0.525636 0.277838 0.643877 0.277838
hip 535.641 -0.0560523 0.508213 0.859405 0.768831 0.192613 0.368273 0.192613
lHand 535.641 0.573864 0.506598 0.643459 0.0677173 0.467092 -0.881576 0.467092
rHand 535.641 0.566522 -0.179773 0.804198 -0.0763919 0.146379 0.757482 0.146379
lFoot 535.641 -0.0136396 0.994516 0.103693 -0.608509 -0.613117 -0.209663 -0.613117
rFoot 535.641 0.0450633 0.828718 0.557849 -0.974933 -0.0639429 0.054273 -0.0639429
head 535.652 0.0176706 -0.0281219 0.999448 0.516106 0.278732 0.6542 0.278732
hip 535.652 -0.0567482 0.507872 0.859561 0.769303 0.191928 0.370523 0.191928
lHand 535.652 0.572799 0.506873 0.64419 0.0674162 0.467464 -0.881387 0.467464
rHand 535.652 0.57627 -0.167801 0.799848 -0.0760559 0.146781 0.747341 0.146781
lFoot 535.652 -0.013637 0.994521 0.103643 -0.609367 -0.612636 -0.209529 -0.612636
rFoot 535.652 0.0449967 0.829443 0.556776 -0.974949 -0.064201 0.0545021 -0.064201
head 535.664 0.0163269 -0.0318243 0.99936 0.507221 0.279115 0.663791 0.279115
hip 535.664 -0.057182 0.507568 0.859712 0.769866 0.19093 0.371325 0.19093
lHand 535.664 0.57206 0.50699 0.644755 0.0677116 0.468184 -0.880946 0.468184
rHand 535.664 0.585857 -0.15652 0.795156 -0.075904 0.147297 0.737103 0.147297
lFoot 535.664 -0.0134613 0.994525 0.103623 -0.610382 -0.611798 -0.208978 -0.611798
rFoot 535.664 0.0457199 0.829411 0.556764 -0.975026 -0.0635381 0.0541351 -0.0635381
head 535.677 0.0149917 -0.0354942 0.999257 0.499134 0.278687 0.673251 0.278687
hip 535.677 -0.0573994 0.507385 0.859806 0.770348 0.190159 0.3716 0.190159
lHand 535.677 0.571174 0.507195 0.645379 0.0686717 0.469005 -0.880372 0.469005
rHand 535.677 0.594887 -0.14236 0.791102 -0.0743662 0.148282 0.727994 0.148282
lFoot 535.677 -0.0134654 0.994537 0.103512 -0.610847 -0.611612 -0.208695 -0.611612
rFoot 535.677 0.0456761 0.830079 0.555772 -0.975034 -0.0627808 0.0539438 -0.0627808
head 535.686 0.0137831 -0.0392188 0.999136 0.491451 0.277871 0.682538 0.277871
hip 535.686 -0.0573513 0.507513 0.859733 0.769695 0.189181 0.372456 0.189181
lHand 535.686 0.5703 0.507247 0.64611 0.0695676 0.470026 -0.879684 0.470026
rHand 535.686 0.602067 -0.131941 0.787469 -0.073566 0.149642 0.719851 0.149642
lFoot 535.686 -0.0134949 0.994538 0.103494 -0.610507 -0.611877 -0.208684 -0.611877
rFoot 535.686 0.0464022 0.830099 0.555682 -0.975006 -0.0629687 0.054397 -0.0629687
head 535.698 0.0128118 -0.0429519 0.998995 0.484369 0.276932 0.691227 0.276932
hip 535.698 -0.0572214 0.507197 0.859928 0.769064 0.188339 0.37283 0.188339
lHand 535.698 0.569454 0.507388 0.646745 0.0715653 0.471181 -0.87878 0.471181
rHand 535.698 0.609122 -0.122297 0.78359 -0.0741266 0.151632 0.71264 0.151632
lFoot 535.698 -0.0134334 0.994534 0.103543 -0.609409 -0.612854 -0.208602 -0.612854
rFoot 535.698 0.0488699 0.829977 0.555653 -0.974995 -0.0631149 0.0544967 -0.0631149
head 535.709 0.011844 -0.0465455 0.998846 0.477394 0.27594 0.699396 0.27594
hip 535.709 -0.0576045 0.506878 0.860091 0.769046 0.188305 0.3733 0.188305
lHand 535.709 0.56867 0.507025 0.647719 0.0734834 0.472199 -0.877922 0.472199
rHand 535.709 0.614826 -0.112463 0.780603 -0.0765864 0.153953 0.706147 0.153953
lFoot 535.709 -0.0131314 0.994501 0.103898 -0.608965 -0.613029 -0.208301 -0.613029
rFoot 535.709 0.0509523 0.828949 0.556999 -0.97488 -0.0640592 0.0545548 -0.0640592
head 535.72 0.0108462 -0.0498975 0.998695 0.470444 0.274353 0.707038 0.274353
hip 535.72 -0.057701 0.506007 0.860597 0.769289 0.188162 0.374416 0.188162
lHand 535.72 0.567734 0.507269 0.648349 0.0750833 0.472731 -0.877337 0.472731
rHand 535.72 0.619969 -0.103151 0.777816 -0.0811404 0.156002 0.699964 0.156002
lFoot 535.72 -0.0130577 0.994486 0.104049 -0.609326 -0.612421 -0.207912 -0.612421
rFoot 535.72 0.0515234 0.828974 0.556909 -0.974752 -0.0649281 0.0545639 -0.0649281
head 535.732 0.0101135 -0.0533557 0.998524 0.463511 0.272416 0.714591 0.272416
hip 535.732 -0.0580058 0.505139 0.861087 0.77014 0.188391 0.376175 0.188391
lHand 535.732 0.567082 0.507294 0.648899 0.0764825 0.473274 -0.876758 0.473274
rHand 535.732 0.625726 -0.0939996 0.774359 -0.0860942 0.157533 0.6931 0.157533
lFoot 535.732 -0.0133242 0.994486 0.104018 -0.607714 -0.614277 -0.20814 -0.614277
rFoot 535.732 0.0519548 0.828498 0.557577 -0.974717 -0.0641991 0.0547269 -0.0641991
head 535.743 0.00939768 -0.0568612 0.998338 0.457118 0.270074 0.721751 0.270074
hip 535.743 -0.058231 0.504586 0.861396 0.771746 0.187893 0.376449 0.187893
lHand 535.743 0.56662 0.506616 0.649833 0.0777647 0.474049 -0.876068 0.474049
rHand 535.743 0.629852 -0.0855378 0.77199 -0.0912126 0.158112 0.687679 0.158112
lFoot 535.743 -0.0134769 0.994468 0.104167 -0.605212 -0.616441 -0.208905 -0.616441
rFoot 535.743 0.0537334 0.826648 0.560147 -0.974633 -0.063363 0.0560973 -0.063363
head 535.753 0.00869753 -0.0600252 0.998159 0.451194 0.267678 0.728631 0.267678
hip 535.753 -0.0581864 0.503937 0.861779 0.772997 0.187355 0.375308 0.187355
lHand 535.753 0.566109 0.506413 0.650435 0.0788658 0.474984 -0.875294 0.474984
rHand 535.753 0.633388 -0.0775766 0.769936 -0.0936048 0.156772 0.682426 0.156772
lFoot 535.753 -0.0135522 0.994471 0.104137 -0.605115 -0.616344 -0.209349 -0.616344
rFoot 535.753 0.0530388 0.826459 0.560493 -0.974535 -0.0641098 0.0571746 -0.0641098
head 535.765 0.00820352 -0.0633234 0.997959 0.445879 0.264841 0.735398 0.264841
hip 535.765 -0.0579759 0.503413 0.862099 0.773511 0.186669 0.374203 0.186669
lHand 535.765 0.565722 0.506266 0.650886 0.0799757 0.476218 -0.874357 0.476218
rHand 535.765 0.63655 -0.0701668 0.768037 -0.0916617 0.153648 0.67662 0.153648
lFoot 535.765 -0.0134926 0.994462 0.104231 -0.606554 -0.614695 -0.209272 -0.614695
rFoot 535.765 0.0519049 0.826271 0.560877 -0.97433 -0.064912 0.0577397 -0.064912
head 535.776 0.00771289 -0.0666092 0.997749 0.440674 0.261766 0.742082 0.261766
hip 535.776 -0.0582156 0.503002 0.862322 0.773465 0.185835 0.374452 0.185835
lHand 535.776 0.565502 0.505929 0.65134 0.0815193 0.477506 -0.873349 0.477506
rHand 535.776 0.639885 -0.0625237 0.765923 -0.08929 0.150414 0.670397 0.150414
lFoot 535.776 -0.0133861 0.994447 0.104387 -0.60592 -0.614651 -0.209528 -0.614651
rFoot 535.776 0.0539888 0.825147 0.562333 -0.97421 -0.0640605 0.0577826 -0.0640605
head 535.787 0.00722182 -0.0695237 0.997554 0.435561 0.258155 0.748643 0.258155
hip 535.787 -0.058357 0.50246 0.862629 0.772429 0.185668 0.378011 0.185668
lHand 535.787 0.565073 0.505698 0.651891 0.0830139 0.478739 -0.872353 0.478739
rHand 535.787 0.64263 -0.0556529 0.764152 -0.0846616 0.146308 0.66432 0.146308
lFoot 535.787 -0.0133079 0.99445 0.104368 -0.60602 -0.614289 -0.20951 -0.614289
rFoot 535.787 0.0540388 0.82605 0.561 -0.974066 -0.0660001 0.058342 -0.0660001
head 535.798 0.00710797 -0.0724683 0.997345 0.430643 0.25429 0.755002 0.25429
hip 535.798 -0.0587207 0.501732 0.863028 0.770238 0.18673 0.383228 0.18673
lHand 535.798 0.565289 0.505548 0.65182 0.084738 0.479926 -0.871369 0.479926
rHand 535.798 0.645314 -0.0494207 0.762317 -0.0804068 0.143454 0.658358 0.143454
lFoot 535.798 -0.0131678 0.994446 0.10442 -0.607163 -0.613488 -0.208508 -0.613488
rFoot 535.798 0.057616 0.825344 0.561683 -0.974082 -0.0637712 0.057418 -0.0637712
head 535.809 0.00683361 -0.0752461 0.997142 0.425727 0.250378 0.761191 0.250378
hip 535.809 -0.0587032 0.501147 0.863369 0.769712 0.186242 0.386457 0.186242
lHand 535.809 0.565108 0.505556 0.651971 0.0862543 0.480857 -0.870497 0.480857
rHand 535.809 0.647471 -0.0433045 0.760858 -0.0764098 0.141176 0.652242 0.141176
lFoot 535.809 -0.0132113 0.994443 0.104442 -0.606792 -0.613915 -0.208322 -0.613915
rFoot 535.809 0.0584986 0.824751 0.562461 -0.973928 -0.0633246 0.0576533 -0.0633246
head 535.82 0.00651044 -0.0777613 0.996951 0.421224 0.246641 0.766882 0.246641
hip 535.82 -0.058948 0.500989 0.863444 0.770213 0.187095 0.387872 0.187095
lHand 535.82 0.564963 0.505358 0.65225 0.0878887 0.481964 -0.869477 0.481964
rHand 535.82 0.64991 -0.0370567 0.759107 -0.0723841 0.139685 0.645146 0.139685
lFoot 535.82 -0.0132573 0.994444 0.104431 -0.606146 -0.614574 -0.208358 -0.614574
rFoot 535.82 0.058248 0.824328 0.563108 -0.973847 -0.0641493 0.0598119 -0.0641493
head 535.831 0.00655883 -0.0802316 0.996755 0.416881 0.243409 0.772147 0.243409
hip 535.831 -0.059013 0.500495 0.863726 0.771256 0.187553 0.388774 0.187553
lHand 535.831 0.564695 0.505302 0.652526 0.0895844 0.483101 -0.868389 0.483101
rHand 535.831 0.652571 -0.0310505 0.757092 -0.0685626 0.138057 0.637881 0.138057
lFoot 535.831 -0.0132089 0.994448 0.104401 -0.606312 -0.614411 -0.208192 -0.614411
rFoot 535.831 0.0594509 0.823464 0.564246 -0.973665 -0.0639529 0.0611512 -0.0639529
head 535.843 0.00644958 -0.0824772 0.996572 0.412401 0.240699 0.777077 0.240699
hip 535.843 -0.0588492 0.500341 0.863826 0.772626 0.187972 0.387336 0.187972
lHand 535.843 0.564495 0.505318 0.652686 0.0918221 0.484091 -0.867319 0.484091
rHand 535.843 0.653473 -0.0269704 0.756469 -0.0627874 0.138054 0.627472 0.138054
lFoot 535.843 -0.0132744 0.994445 0.104418 -0.605829 -0.614554 -0.208366 -0.614554
rFoot 535.843 0.0615121 0.822467 0.565477 -0.973519 -0.06276 0.0617985 -0.06276
head 535.854 0.00633242 -0.0845801 0.996397 0.407542 0.23874 0.781683 0.23874
hip 535.854 -0.0584416 0.500353 0.863847 0.773407 0.186821 0.385037 0.186821
lHand 535.854 0.564272 0.505123 0.65303 0.0939245 0.485223 -0.86616 0.485223
rHand 535.854 0.654398 -0.0219347 0.755832 -0.0558397 0.139963 0.617201 0.139963
lFoot 535.854 -0.0133678 0.994447 0.104385 -0.604923 -0.615047 -0.208778 -0.615047
rFoot 535.854 0.0626636 0.822069 0.565929 -0.973406 -0.0625606 0.0622907 -0.0625606
head 535.865 0.00648802 -0.0867124 0.996212 0.402472 0.237408 0.785882 0.237408
hip 535.865 -0.057962 0.500235 0.863947 0.773493 0.18528 0.383092 0.18528
lHand 535.865 0.563976 0.50503 0.653357 0.0959122 0.48634 -0.864972 0.48634
rHand 535.865 0.654898 -0.0175705 0.755513 -0.0482358 0.143362 0.606516 0.143362
lFoot 535.865 -0.0135429 0.994447 0.104364 -0.603576 -0.615942 -0.209246 -0.615942
rFoot 535.865 0.063556 0.821652 0.566434 -0.973305 -0.0626452 0.0621346 -0.0626452
head 535.876 0.00657793 -0.0886009 0.996046 0.397271 0.236124 0.789884 0.236124
hip 535.876 -0.057951 0.500162 0.863991 0.772801 0.183735 0.382536 0.183735
lHand 535.876 0.563728 0.505167 0.653465 0.0973339 0.48719 -0.863957 0.48719
rHand 535.876 0.65613 -0.0129466 0.754537 -0.0423599 0.145611 0.595892 0.145611
lFoot 535.876 -0.0135595 0.994434 0.104481 -0.602743 -0.616638 -0.20928 -0.616638
rFoot 535.876 0.0653506 0.821035 0.567125 -0.973218 -0.062051 0.0626409 -0.062051
head 535.887 0.00672132 -0.090486 0.995875 0.391861 0.234764 0.793818 0.234764
hip 535.887 -0.0579355 0.499703 0.864257 0.772499 0.18247 0.383208 0.18247
lHand 535.887 0.563409 0.505172 0.653737 0.0980451 0.487987 -0.863026 0.487987
rHand 535.887 0.65667 -0.00873295 0.754127 -0.0376973 0.148544 0.584972 0.148544
lFoot 535.887 -0.0135836 0.994434 0.104486 -0.600978 -0.618011 -0.209398 -0.618011
rFoot 535.887 0.0692731 0.820377 0.567612 -0.973154 -0.0608728 0.064017 -0.0608728
head 535.898 0.00720743 -0.0923815 0.995698 0.386524 0.233382 0.797593 0.233382
hip 535.898 -0.0583154 0.498968 0.864656 0.771808 0.181741 0.386306 0.181741
lHand 535.898 0.563255 0.505319 0.653756 0.0985092 0.488521 -0.862285 0.488521
rHand 535.898 0.658352 -0.00456818 0.752696 -0.0340189 0.149011 0.575463 0.149011
lFoot 535.898 -0.0139912 0.994414 0.104622 -0.597922 -0.620445 -0.210104 -0.620445
rFoot 535.898 0.0738319 0.819665 0.568066 -0.973088 -0.059821 0.0652494 -0.059821
head 535.91 0.00751608 -0.0942897 0.995516 0.38149 0.232667 0.801135 0.232667
hip 535.91 -0.0588354 0.498413 0.864941 0.771109 0.181389 0.390625 0.181389
lHand 535.91 0.563009 0.504884 0.654303 0.099405 0.489052 -0.861493 0.489052
rHand 535.91 0.659346 -0.00206704 0.751836 -0.0300509 0.147433 0.566613 0.147433
lFoot 535.91 -0.0141462 0.994391 0.104813 -0.595692 -0.622378 -0.210364 -0.622378
rFoot 535.91 0.0767057 0.81877 0.568975 -0.97298 -0.0594801 0.0655186 -0.0594801
head 535.921 0.00776868 -0.0962111 0.995331 0.376498 0.232585 0.804655 0.232585
hip 535.921 -0.0589059 0.497727 0.865331 0.770226 0.180515 0.393804 0.180515
lHand 535.921 0.562313 0.504908 0.654883 0.100246 0.488987 -0.861007 0.488987
rHand 535.921 0.659916 0.000496194 0.751339 -0.0258166 0.142072 0.55999 0.142072
lFoot 535.921 -0.0142471 0.994376 0.104947 -0.594313 -0.623578 -0.210343 -0.623578
rFoot 535.921 0.0771594 0.818404 0.569439 -0.97288 -0.0594049 0.0655131 -0.0594049
head 535.932 0.00833219 -0.0983656 0.995115 0.371705 0.232289 0.808318 0.232289
hip 535.932 -0.0587911 0.496956 0.865782 0.770124 0.180023 0.395709 0.180023
lHand 535.932 0.561992 0.50495 0.655127 0.101307 0.489284 -0.860281 0.489284
rHand 535.932 0.661031 0.00246913 0.750354 -0.0224082 0.134726 0.556763 0.134726
lFoot 535.932 -0.0141661 0.994366 0.105052 -0.594671 -0.623346 -0.20959 -0.623346
rFoot 535.932 0.0748381 0.818843 0.569118 -0.972863 -0.0600055 0.0658247 -0.0600055
head 535.943 0.00879941 -0.100514 0.994897 0.366418 0.231972 0.812232 0.231972
hip 535.943 -0.0588752 0.496506 0.866034 0.770388 0.179661 0.396614 0.179661
lHand 535.943 0.561316 0.504979 0.655684 0.102608 0.489585 -0.85953 0.489585
rHand 535.943 0.661486 0.00366041 0.749949 -0.0182954 0.127288 0.557607 0.127288
lFoot 535.943 -0.0140417 0.994349 0.105225 -0.595459 -0.623022 -0.208688 -0.623022
rFoot 535.943 0.0748758 0.819055 0.568807 -0.972905 -0.058042 0.0655757 -0.058042
head 535.954 0.00925179 -0.102674 0.994672 0.360845 0.231627 0.816148 0.231627
hip 535.954 -0.0587339 0.495489 0.866626 0.771036 0.179462 0.397528 0.179462
lHand 535.954 0.560546 0.504956 0.65636 0.103596 0.490291 -0.858547 0.490291
rHand 535.954 0.661807 0.00417078 0.749663 -0.0126563 0.122021 0.561088 0.122021
lFoot 535.954 -0.0140679 0.994333 0.105374 -0.595236 -0.623431 -0.208172 -0.623431
rFoot 535.954 0.0749967 0.818361 0.56979 -0.97289 -0.0574236 0.0649339 -0.0574236
head 535.965 0.00995708 -0.105044 0.994418 0.355108 0.231047 0.820114 0.231047
hip 535.965 -0.0587941 0.494282 0.867311 0.772034 0.1798 0.397508 0.1798
lHand 535.965 0.559947 0.504991 0.656843 0.10411 0.491141 -0.85757 0.491141
rHand 535.965 0.662428 0.00551384 0.749105 -0.00775 0.117297 0.565755 0.117297
lFoot 535.965 -0.0141402 0.994318 0.105511 -0.594371 -0.624346 -0.208156 -0.624346
rFoot 535.965 0.0743747 0.81809 0.570261 -0.972799 -0.0582669 0.0652988 -0.0582669
head 535.976 0.0105622 -0.107161 0.994186 0.349438 0.230393 0.824016 0.230393
hip 535.976 -0.0592455 0.493415 0.867774 0.774189 0.179863 0.397234 0.179863
lHand 535.976 0.559274 0.505213 0.657246 0.104892 0.491983 -0.856592 0.491983
rHand 535.976 0.662792 0.00617658 0.748778 -0.0039534 0.112262 0.568804 0.112262
lFoot 535.976 -0.014353 0.994308 0.105572 -0.593117 -0.625555 -0.208417 -0.625555
rFoot 535.976 0.074524 0.818178 0.570116 -0.972699 -0.0580538 0.066114 -0.0580538
head 535.988 0.0112206 -0.109376 0.993937 0.343989 0.229509 0.82799 0.229509
hip 535.988 -0.0596432 0.492296 0.868382 0.775832 0.180299 0.39756 0.180299
lHand 535.988 0.558599 0.505104 0.657903 0.105436 0.492801 -0.855744 0.492801
rHand 535.988 0.664214 0.00640363 0.747515 -0.000376508 0.10605 0.571857 0.10605
lFoot 535.988 -0.0146035 0.994302 0.105593 -0.59039 -0.628349 -0.208534 -0.628349
rFoot 535.988 0.0786709 0.817484 0.570553 -0.972661 -0.0570041 0.0672947 -0.0570041
head 535.999 0.0120707 -0.111858 0.993651 0.338918 0.228464 0.832018 0.228464
hip 535.999 -0.0601359 0.491405 0.868852 0.777428 0.180182 0.397426 0.180182
lHand 535.999 0.558185 0.505012 0.658326 0.104849 0.493267 -0.85531 0.493267
rHand 535.999 0.666359 0.00696031 0.745598 0.00121111 0.0987726 0.575396 0.0987726
lFoot 535.999 -0.0148564 0.994291 0.105666 -0.588014 -0.630317 -0.208936 -0.630317
rFoot 535.999 0.0836626 0.817351 0.570033 -0.972664 -0.0567682 0.0681123 -0.0567682
head 536.01 0.012854 -0.114218 0.993373 0.334215 0.227449 0.835975 0.227449
hip 536.01 -0.0605103 0.490789 0.869175 0.77837 0.179334 0.397033 0.179334
lHand 536.01 0.557808 0.504727 0.658864 0.104208 0.493382 -0.855035 0.493382
rHand 536.01 0.66741 0.00692852 0.744658 0.00274297 0.0932783 0.57689 0.0932783
lFoot 536.01 -0.0148676 0.994265 0.105906 -0.586122 -0.631424 -0.209133 -0.631424
rFoot 536.01 0.0895275 0.816441 0.570446 -0.972582 -0.0552996 0.0683687 -0.0552996
head 536.021 0.0135778 -0.11667 0.993078 0.329829 0.226502 0.83987 0.226502
hip 536.021 -0.0605392 0.490463 0.869356 0.777787 0.177726 0.398615 0.177726
lHand 536.021 0.55752 0.504502 0.65928 0.103532 0.49312 -0.855081 0.49312
rHand 536.021 0.66816 0.00613546 0.743992 0.00322876 0.0890671 0.576629 0.0890671
lFoot 536.021 -0.0147656 0.994249 0.106067 -0.585255 -0.631724 -0.208797 -0.631724
rFoot 536.021 0.0955868 0.81649 0.569391 -0.972455 -0.0561381 0.067665 -0.0561381
head 536.032 0.0144158 -0.119188 0.992767 0.325484 0.22529 0.84374 0.22529
hip 536.032 -0.0604028 0.490178 0.869527 0.775653 0.176312 0.401892 0.176312
lHand 536.032 0.557106 0.5042 0.65986 0.103168 0.492797 -0.855121 0.492797
rHand 536.032 0.669095 0.00630189 0.74315 0.00574276 0.0845811 0.576607 0.0845811
lFoot 536.032 -0.0146493 0.994232 0.106242 -0.585178 -0.631673 -0.207802 -0.631673
rFoot 536.032 0.0961009 0.817151 0.568356 -0.972333 -0.0597575 0.0673159 -0.0597575
head 536.044 0.0151439 -0.121372 0.992492 0.321238 0.223822 0.847396 0.223822
hip 536.044 -0.0603957 0.489857 0.869708 0.774356 0.174982 0.40333 0.174982
lHand 536.044 0.556864 0.503414 0.660663 0.103855 0.49316 -0.854811 0.49316
rHand 536.044 0.669214 0.0061767 0.743044 0.0105071 0.081682 0.575751 0.081682
lFoot 536.044 -0.0144166 0.99421 0.106479 -0.585422 -0.631484 -0.206756 -0.631484
rFoot 536.044 0.0936789 0.817144 0.568771 -0.972224 -0.0611309 0.067262 -0.0611309
head 536.055 0.0158696 -0.123617 0.992203 0.316937 0.222581 0.850793 0.222581
hip 536.055 -0.0605584 0.489156 0.870091 0.774212 0.174527 0.403433 0.174527
lHand 536.055 0.556881 0.502036 0.661697 0.10546 0.493869 -0.854366 0.493869
rHand 536.055 0.668473 0.00669575 0.743706 0.0191513 0.0803609 0.574238 0.0803609
lFoot 536.055 -0.0144051 0.994191 0.106663 -0.584934 -0.631935 -0.20654 -0.631935
rFoot 536.055 0.0955402 0.816296 0.569678 -0.972219 -0.057537 0.0690809 -0.057537
head 536.066 0.0165904 -0.125823 0.991914 0.312759 0.221372 0.853781 0.221372
hip 536.066 -0.0614032 0.488132 0.870607 0.775136 0.174788 0.405282 0.174788
lHand 536.066 0.556833 0.500359 0.663007 0.108245 0.494365 -0.853895 0.494365
rHand 536.066 0.668351 0.0070079 0.743813 0.0294854 0.0794885 0.572565 0.0794885
lFoot 536.066 -0.0144784 0.994171 0.106842 -0.583925 -0.632934 -0.206392 -0.632934
rFoot 536.066 0.0975346 0.815307 0.570754 -0.972261 -0.0545861 0.0706695 -0.0545861
head 536.077 0.0172114 -0.127714 0.991662 0.308799 0.220038 0.856656 0.220038
hip 536.077 -0.0629616 0.487176 0.871031 0.775102 0.176312 0.409442 0.176312
lHand 536.077 0.556387 0.498915 0.664467 0.111186 0.494297 -0.853468 0.494297
rHand 536.077 0.668435 0.00801395 0.743727 0.0377758 0.0780596 0.571455 0.0780596
lFoot 536.077 -0.014712 0.994162 0.106888 -0.582613 -0.634591 -0.206644 -0.634591
rFoot 536.077 0.0994692 0.814928 0.570963 -0.972182 -0.0540503 0.0720791 -0.0540503
head 536.088 0.0177901 -0.12962 0.991404 0.304953 0.21857 0.859508 0.21857
hip 536.088 -0.0642483 0.486009 0.871589 0.774333 0.17737 0.414528 0.17737
lHand 536.088 0.555457 0.497564 0.666256 0.114326 0.493237 -0.853159 0.493237
rHand 536.088 0.667147 0.00885525 0.744873 0.0459401 0.0777647 0.570445 0.0777647
lFoot 536.088 -0.0149318 0.994151 0.106964 -0.581291 -0.635966 -0.206953 -0.635966
rFoot 536.088 0.102018 0.815102 0.570265 -0.972024 -0.0558017 0.0725331 -0.0558017
head 536.099 0.0183743 -0.131522 0.991143 0.301886 0.216567 0.862243 0.216567
hip 536.099 -0.065224 0.485117 0.872014 0.773693 0.177957 0.418588 0.177957
lHand 536.099 0.554212 0.49655 0.668047 0.117256 0.491168 -0.852708 0.491168
rHand 536.099 0.666728 0.00972201 0.745238 0.0506128 0.0773475 0.570417 0.0773475
lFoot 536.099 -0.015274 0.994151 0.106913 -0.579789 -0.637361 -0.207628 -0.637361
rFoot 536.099 0.103696 0.815591 0.569262 -0.971856 -0.0572991 0.0725557 -0.0572991
head 536.11 0.0189738 -0.133375 0.990884 0.299379 0.214706 0.864796 0.214706
hip 536.11 -0.0661056 0.484657 0.872203 0.773601 0.178095 0.420635 0.178095
lHand 536.11 0.552725 0.495385 0.670141 0.119599 0.489335 -0.851923 0.489335
rHand 536.11 0.666018 0.00944735 0.745876 0.0490269 0.0768094 0.572334 0.0768094
lFoot 536.11 -0.0153161 0.994171 0.106719 -0.579746 -0.637639 -0.208187 -0.637639
rFoot 536.11 0.103538 0.816848 0.567485 -0.971839 -0.0595987 0.0717957 -0.0595987
head 536.122 0.0194111 -0.134986 0.990657 0.297051 0.212855 0.867056 0.212855
hip 536.122 -0.0663531 0.484435 0.872307 0.774266 0.177526 0.420111 0.177526
lHand 536.122 0.549956 0.49488 0.672787 0.121467 0.487189 -0.849833 0.487189
rHand 536.122 0.665403 0.00900274 0.74643 0.0394123 0.0745137 0.576505 0.0745137
lFoot 536.122 -0.0149421 0.994204 0.106469 -0.583662 -0.635328 -0.207649 -0.635328
rFoot 536.122 0.102284 0.816679 0.567956 -0.971891 -0.060017 0.0706034 -0.060017
head 536.133 0.0198559 -0.136584 0.99043 0.294972 0.210876 0.86908 0.210876
hip 536.133 -0.0665553 0.484438 0.87229 0.774811 0.176413 0.418575 0.176413
lHand 536.133 0.547883 0.493755 0.6753 0.123666 0.486651 -0.847419 0.486651
rHand 536.133 0.665338 0.00792827 0.7465 0.0297664 0.0708555 0.580817 0.0708555
lFoot 536.133 -0.0147861 0.994193 0.106594 -0.585768 -0.632867 -0.207139 -0.632867
rFoot 536.133 0.102566 0.816194 0.568601 -0.971861 -0.0584216 0.0714239 -0.0584216
head 536.144 0.0202516 -0.138009 0.990224 0.293306 0.209143 0.870795 0.209143
hip 536.144 -0.0669698 0.484197 0.872392 0.774737 0.175609 0.418734 0.175609
lHand 536.144 0.54655 0.491182 0.67825 0.125855 0.487227 -0.84451 0.487227
rHand 536.144 0.665527 0.00665103 0.746344 0.0150719 0.0655397 0.587283 0.0655397
lFoot 536.144 -0.0150848 0.9942 0.106488 -0.583805 -0.6346 -0.207826 -0.6346
rFoot 536.144 0.103512 0.815235 0.569804 -0.971908 -0.0563456 0.0734469 -0.0563456
head 536.155 0.0205949 -0.139389 0.990024 0.2918 0.207578 0.872451 0.207578
hip 536.155 -0.0674494 0.484169 0.872371 0.773652 0.174732 0.420667 0.174732
lHand 536.155 0.545443 0.488515 0.681062 0.127245 0.487608 -0.842449 0.487608
rHand 536.155 0.665757 0.00617792 0.746144 0.0034945 0.0596599 0.592408 0.0596599
lFoot 536.155 -0.0152175 0.994213 0.10634 -0.583156 -0.63557 -0.20778 -0.63557
rFoot 536.155 0.103747 0.815141 0.569896 -0.971837 -0.0558763 0.0743846 -0.0558763
head 536.166 0.0209608 -0.140746 0.989824 0.291073 0.206226 0.873934 0.206226
hip 536.166 -0.0677323 0.484115 0.872379 0.772365 0.174089 0.422574 0.174089
lHand 536.166 0.545516 0.484944 0.683551 0.129708 0.487929 -0.841465 0.487929
rHand 536.166 0.666426 0.00574623 0.745549 -0.00341827 0.0545232 0.596053 0.0545232
lFoot 536.166 -0.0151758 0.994223 0.106252 -0.583786 -0.635083 -0.20765 -0.635083
rFoot 536.166 0.103465 0.815817 0.568979 -0.971796 -0.0566947 0.0739003 -0.0566947
head 536.178 0.0212792 -0.141988 0.98964 0.29052 0.204597 0.875441 0.204597
hip 536.178 -0.0682724 0.484033 0.872382 0.771388 0.174347 0.424355 0.174347
lHand 536.178 0.545489 0.480895 0.686427 0.134193 0.487807 -0.840748 0.487807
rHand 536.178 0.66675 0.0045902 0.745268 -0.00520093 0.0499183 0.5984 0.0499183
lFoot 536.178 -0.0151114 0.994229 0.106213 -0.585128 -0.633947 -0.207678 -0.633947
rFoot 536.178 0.10375 0.815871 0.56885 -0.971722 -0.0572179 0.0730976 -0.0572179
head 536.188 0.0214732 -0.143176 0.989464 0.290002 0.202843 0.876863 0.202843
hip 536.188 -0.0685375 0.483864 0.872455 0.771422 0.174609 0.424616 0.174609
lHand 536.188 0.546404 0.475061 0.689753 0.142437 0.487055 -0.841002 0.487055
rHand 536.188 0.667313 0.00406062 0.744766 -0.00198122 0.0469312 0.599421 0.0469312
lFoot 536.188 -0.0149248 0.99425 0.106038 -0.586969 -0.632092 -0.207741 -0.632092
rFoot 536.188 0.103119 0.816232 0.568447 -0.971704 -0.0584144 0.0719285 -0.0584144
head 536.2 0.0216971 -0.14418 0.989314 0.289782 0.201386 0.877961 0.201386
hip 536.2 -0.0686557 0.483726 0.872523 0.772618 0.174919 0.422778 0.174919
lHand 536.2 0.546634 0.468891 0.693781 0.153017 0.486128 -0.84076 0.486128
rHand 536.2 0.667553 0.00397969 0.744551 0.00184403 0.0457621 0.600196 0.0457621
lFoot 536.2 -0.014823 0.994271 0.105855 -0.588313 -0.630739 -0.208035 -0.630739
rFoot 536.2 0.101781 0.816721 0.567985 -0.971842 -0.0598446 0.0705486 -0.0598446
head 536.211 0.0217269 -0.145133 0.989173 0.289652 0.200238 0.878836 0.200238
hip 536.211 -0.0690649 0.483755 0.872474 0.773624 0.175296 0.421213 0.175296
lHand 536.211 0.546039 0.463157 0.698089 0.162845 0.485689 -0.839628 0.485689
rHand 536.211 0.666967 0.00309526 0.745081 0.00356923 0.0460415 0.601507 0.0460415
lFoot 536.211 -0.0145159 0.994323 0.105408 -0.591264 -0.628851 -0.208154 -0.628851
rFoot 536.211 0.0992958 0.816816 0.568288 -0.97204 -0.062051 0.067839 -0.062051
head 536.222 0.021647 -0.145868 0.989067 0.289082 0.199445 0.879557 0.199445
hip 536.222 -0.0692976 0.483643 0.872518 0.774308 0.175216 0.420213 0.175216
lHand 536.222 0.54598 0.455973 0.702847 0.175371 0.485854 -0.837251 0.485854
rHand 536.222 0.666436 0.00186123 0.74556 0.00396001 0.0474367 0.603337 0.0474367
lFoot 536.222 -0.013841 0.994315 0.105574 -0.597652 -0.622258 -0.208018 -0.622258
rFoot 536.222 0.0911636 0.818614 0.567063 -0.971979 -0.064909 0.0669496 -0.064909
head 536.233 0.0216643 -0.146676 0.988947 0.288495 0.198759 0.880232 0.198759
hip 536.233 -0.0698248 0.483494 0.872558 0.774135 0.175109 0.420936 0.175109
lHand 536.233 0.54556 0.450146 0.706918 0.185403 0.4853 -0.835232 0.4853
rHand 536.233 0.666045 0.00102854 0.745911 0.00367653 0.0478769 0.605606 0.0478769
lFoot 536.233 -0.0136989 0.994331 0.105441 -0.597389 -0.621781 -0.208053 -0.621781
rFoot 536.233 0.0902072 0.818841 0.566888 -0.972122 -0.0618151 0.0661901 -0.0618151
head 536.245 0.0215693 -0.14731 0.988855 0.287692 0.197879 0.880905 0.197879
hip 536.245 -0.0707772 0.483269 0.872606 0.773116 0.175313 0.423822 0.175313
lHand 536.245 0.544714 0.443729 0.711611 0.195869 0.484087 -0.832833 0.484087
rHand 536.245 0.665812 0.00048591 0.746119 0.0040992 0.0485194 0.607871 0.0485194
lFoot 536.245 -0.0141035 0.994357 0.105143 -0.59549 -0.624415 -0.208373 -0.624415
rFoot 536.245 0.0930637 0.817689 0.568088 -0.972151 -0.0563074 0.0657712 -0.0563074
head 536.256 0.0214431 -0.147932 0.988765 0.286729 0.196937 0.881738 0.196937
hip 536.256 -0.0716869 0.483073 0.872641 0.771551 0.17552 0.427601 0.17552
lHand 536.256 0.544015 0.437966 0.715705 0.205512 0.482766 -0.830398 0.482766
rHand 536.256 0.666178 -0.000479574 0.745793 0.0059882 0.0479027 0.609135 0.0479027
lFoot 536.256 -0.0141625 0.994371 0.105003 -0.594981 -0.625107 -0.207769 -0.625107
rFoot 536.256 0.0911798 0.818187 0.567676 -0.9721 -0.0589848 0.0658829 -0.0589848
head 536.267 0.0213769 -0.148462 0.988687 0.28569 0.195809 0.882663 0.195809
hip 536.267 -0.0722997 0.482963 0.872651 0.770018 0.175686 0.430647 0.175686
lHand 536.267 0.542679 0.432292 0.720155 0.215212 0.480435 -0.827163 0.480435
rHand 536.267 0.666997 -0.00087336 0.74506 0.00832213 0.0458432 0.60946 0.0458432
lFoot 536.267 -0.0140675 0.994391 0.104825 -0.595905 -0.623924 -0.20798 -0.623924
rFoot 536.267 0.087378 0.81961 0.566219 -0.972057 -0.0616015 0.0649736 -0.0616015
head 536.278 0.0213103 -0.149065 0.988598 0.284549 0.194988 0.883435 0.194988
hip 536.278 -0.0729179 0.483251 0.87244 0.769279 0.175885 0.43155 0.175885
lHand 536.278 0.541222 0.42683 0.724497 0.224989 0.478499 -0.8239 0.478499
rHand 536.278 0.668035 -0.00174216 0.744127 0.0107106 0.0429768 0.609149 0.0429768
lFoot 536.278 -0.013963 0.994394 0.104814 -0.597013 -0.622124 -0.208188 -0.622124
rFoot 536.278 0.0869113 0.819061 0.567085 -0.971976 -0.0611203 0.0634911 -0.0611203
head 536.289 0.0211696 -0.149649 0.988513 0.283262 0.194489 0.884137 0.194489
hip 536.289 -0.0731552 0.483226 0.872434 0.769113 0.175616 0.431229 0.175616
lHand 536.289 0.539459 0.421159 0.729115 0.235586 0.476758 -0.819562 0.476758
rHand 536.289 0.669209 -0.00297254 0.743068 0.0131163 0.0406336 0.608635 0.0406336
lFoot 536.289 -0.0141986 0.994374 0.104972 -0.596622 -0.622453 -0.208312 -0.622453
rFoot 536.289 0.0863989 0.818569 0.567873 -0.971952 -0.0605599 0.0628117 -0.0605599
head 536.3 0.0212301 -0.15029 0.988414 0.282191 0.193901 0.88486 0.193901
hip 536.3 -0.07326 0.483203 0.872438 0.76973 0.175157 0.429719 0.175157
lHand 536.3 0.538095 0.414915 0.733689 0.24675 0.475512 -0.814943 0.475512
rHand 536.3 0.670504 -0.00390164 0.741896 0.0168608 0.0382766 0.606977 0.0382766
lFoot 536.3 -0.01416 0.994355 0.105154 -0.595689 -0.623538 -0.207947 -0.623538
rFoot 536.3 0.0875829 0.817537 0.569177 -0.971933 -0.060191 0.0641118 -0.060191
head 536.312 0.0211481 -0.150888 0.988325 0.281379 0.193131 0.885682 0.193131
hip 536.312 -0.0734475 0.482923 0.872577 0.769996 0.174777 0.428949 0.174777
lHand 536.312 0.536657 0.408892 0.738111 0.257934 0.474297 -0.810564 0.474297
rHand 536.312 0.671204 -0.00491229 0.741257 0.0228363 0.036429 0.605036 0.036429
lFoot 536.312 -0.0143041 0.994352 0.105164 -0.594956 -0.623817 -0.208542 -0.623817
rFoot 536.312 0.0885631 0.817513 0.569059 -0.971883 -0.0599227 0.0646942 -0.0599227
head 536.323 0.0210211 -0.151471 0.988238 0.28054 0.192039 0.886691 0.192039
hip 536.323 -0.0733901 0.48285 0.872622 0.769733 0.173587 0.429004 0.173587
lHand 536.323 0.535536 0.401943 0.742727 0.270206 0.473771 -0.806149 0.473771
rHand 536.323 0.671612 -0.0057169 0.740881 0.0305773 0.0355316 0.604202 0.0355316
lFoot 536.323 -0.0145119 0.994343 0.105217 -0.592648 -0.625458 -0.209751 -0.625458
rFoot 536.323 0.0889854 0.817244 0.56938 -0.971805 -0.0603388 0.0634406 -0.0603388
head 536.334 0.0208504 -0.151997 0.988161 0.279577 0.191384 0.887478 0.191384
hip 536.334 -0.0734086 0.482657 0.872728 0.769224 0.17317 0.429358 0.17317
lHand 536.334 0.534394 0.395118 0.747198 0.28328 0.473419 -0.801346 0.473419
rHand 536.334 0.671488 -0.00619774 0.740989 0.0380608 0.0355024 0.604487 0.0355024
lFoot 536.334 -0.0144757 0.994332 0.105331 -0.592576 -0.625318 -0.209616 -0.625318
rFoot 536.334 0.0872366 0.816813 0.570269 -0.97172 -0.0606802 0.0626128 -0.0606802
head 536.345 0.0206768 -0.152411 0.988101 0.278521 0.19128 0.887957 0.19128
hip 536.345 -0.0734933 0.482596 0.872754 0.769451 0.17228 0.429709 0.17228
lHand 536.345 0.532774 0.388014 0.752062 0.297539 0.472947 -0.795897 0.472947
rHand 536.345 0.671475 -0.00693536 0.740995 0.0440131 0.0349071 0.605209 0.0349071
lFoot 536.345 -0.0144115 0.99432 0.105448 -0.592977 -0.625148 -0.208921 -0.625148
rFoot 536.345 0.0870048 0.816423 0.570862 -0.971678 -0.060164 0.0627156 -0.060164
head 536.356 0.0203675 -0.152783 0.98805 0.277362 0.191443 0.888421 0.191443
hip 536.356 -0.073405 0.482265 0.872944 0.76909 0.172251 0.429533 0.172251
lHand 536.356 0.531052 0.381332 0.756684 0.311319 0.471605 -0.790463 0.471605
rHand 536.356 0.67138 -0.00804723 0.74107 0.0478298 0.0337347 0.606751 0.0337347
lFoot 536.356 -0.0145541 0.994297 0.105648 -0.592377 -0.625892 -0.208815 -0.625892
rFoot 536.356 0.0866885 0.815897 0.571661 -0.971608 -0.0599433 0.0626948 -0.0599433
head 536.367 0.0200191 -0.153429 0.987957 0.276359 0.191937 0.888719 0.191937
hip 536.367 -0.0733175 0.481825 0.873195 0.769014 0.172016 0.429973 0.172016
lHand 536.367 0.528896 0.374451 0.761613 0.325659 0.469509 -0.784447 0.469509
rHand 536.367 0.671343 -0.0101687 0.741077 0.0482521 0.0311732 0.607711 0.0311732
lFoot 536.367 -0.0146323 0.994282 0.105781 -0.591372 -0.626849 -0.209004 -0.626849
rFoot 536.367 0.0866051 0.81534 0.572468 -0.971525 -0.0599696 0.0626039 -0.0599696
head 536.379 0.0197187 -0.153895 0.98789 0.275763 0.192179 0.888941 0.192179
hip 536.379 -0.0735477 0.48164 0.873277 0.769531 0.172139 0.429718 0.172139
lHand 536.379 0.526223 0.367834 0.766673 0.339348 0.466784 -0.778082 0.466784
rHand 536.379 0.671661 -0.0120707 0.74076 0.0466406 0.0283576 0.607862 0.0283576
lFoot 536.379 -0.0148969 0.994275 0.105812 -0.589982 -0.628039 -0.209637 -0.628039
rFoot 536.379 0.086076 0.814826 0.573279 -0.971445 -0.0604658 0.0626892 -0.0604658
head 536.39 0.0193081 -0.154256 0.987842 0.27524 0.192123 0.889137 0.192123
hip 536.39 -0.07358 0.481163 0.873538 0.771047 0.172384 0.428063 0.172384
lHand 536.39 0.52349 0.361397 0.771589 0.352622 0.463738 -0.771306 0.463738
rHand 536.39 0.672115 -0.0141266 0.740312 0.0452368 0.0261351 0.60778 0.0261351
lFoot 536.39 -0.0151356 0.994271 0.105815 -0.588317 -0.629548 -0.210062 -0.629548
rFoot 536.39 0.0865956 0.814573 0.57356 -0.971385 -0.0602687 0.0628371 -0.0602687
head 536.401 0.0189636 -0.154695 0.98778 0.274638 0.191925 0.889306 0.191925
hip 536.401 -0.073596 0.480798 0.873738 0.772128 0.17215 0.426707 0.17215
lHand 536.401 0.520719 0.354999 0.77642 0.366239 0.460848 -0.76416 0.460848
rHand 536.401 0.672336 -0.0164486 0.740063 0.0429918 0.0242315 0.607103 0.0242315
lFoot 536.401 -0.0153787 0.994263 0.105854 -0.586208 -0.631567 -0.210306 -0.631567
rFoot 536.401 0.0871683 0.814305 0.573854 -0.971355 -0.059417 0.0629114 -0.059417
head 536.412 0.018571 -0.155018 0.987737 0.274108 0.191578 0.889357 0.191578
hip 536.412 -0.0739252 0.480851 0.87368 0.772148 0.171928 0.427038 0.171928
lHand 536.412 0.51725 0.348347 0.781733 0.380707 0.457826 -0.756257 0.457826
rHand 536.412 0.672124 -0.019173 0.740191 0.0433705 0.0238646 0.606403 0.0238646
lFoot 536.412 -0.0155407 0.994256 0.105895 -0.584693 -0.632783 -0.210586 -0.632783
rFoot 536.412 0.0884614 0.814294 0.573672 -0.97137 -0.0590883 0.0630394 -0.0590883
head 536.423 0.0180593 -0.155216 0.987716 0.27377 0.191276 0.889236 0.191276
hip 536.423 -0.0739983 0.480672 0.873773 0.771643 0.171715 0.427875 0.171715
lHand 536.423 0.513821 0.341711 0.786907 0.394644 0.454972 -0.748604 0.454972
rHand 536.423 0.671596 -0.0208665 0.740624 0.0450602 0.0245862 0.606476 0.0245862
lFoot 536.423 -0.0155458 0.994245 0.105997 -0.584361 -0.632899 -0.210673 -0.632899
rFoot 536.423 0.0901749 0.814385 0.573277 -0.9713 -0.0591478 0.0632343 -0.0591478
head 536.434 0.0177143 -0.155479 0.98768 0.273787 0.190978 0.889084 0.190978
hip 536.434 -0.0739456 0.480494 0.873875 0.771759 0.171345 0.427561 0.171345
lHand 536.434 0.510751 0.335111 0.791728 0.40743 0.451708 -0.742134 0.451708
rHand 536.434 0.671137 -0.0233699 0.740965 0.046068 0.0253277 0.607193 0.0253277
lFoot 536.434 -0.0155029 0.994229 0.106147 -0.584141 -0.633049 -0.210449 -0.633049
rFoot 536.434 0.0909815 0.814226 0.573374 -0.971227 -0.0593455 0.06326 -0.0593455
head 536.446 0.0172229 -0.155683 0.987657 0.274421 0.190618 0.888763 0.190618
hip 536.446 -0.0739082 0.480688 0.873771 0.77233 0.170818 0.426247 0.170818
lHand 536.446 0.507609 0.32875 0.796402 0.41929 0.447977 -0.736185 0.447977
rHand 536.446 0.670148 -0.0260425 0.741771 0.0468837 0.0276844 0.610036 0.0276844
lFoot 536.446 -0.0154508 0.994209 0.106346 -0.583693 -0.633487 -0.210029 -0.633487
rFoot 536.446 0.0925871 0.813721 0.573835 -0.97113 -0.0593211 0.0635164 -0.0593211
head 536.457 0.0166628 -0.155811 0.987646 0.275226 0.19033 0.888436 0.19033
hip 536.457 -0.0739253 0.480564 0.873838 0.773004 0.170568 0.424723 0.170568
lHand 536.457 0.50474 0.322146 0.800912 0.429081 0.443541 -0.732142 0.443541
rHand 536.457 0.669427 -0.0283945 0.742335 0.0465946 0.028597 0.612624 0.028597
lFoot 536.457 -0.0154605 0.994194 0.106482 -0.583123 -0.633641 -0.210193 -0.633641
rFoot 536.457 0.0939927 0.813213 0.574325 -0.971056 -0.0593953 0.0640603 -0.0593953
head 536.468 0.0161272 -0.155969 0.98763 0.276315 0.189938 0.888139 0.189938
hip 536.468 -0.0740052 0.480428 0.873906 0.773323 0.170229 0.424195 0.170229
lHand 536.468 0.501612 0.316036 0.805299 0.4407 0.439846 -0.726178 0.439846
rHand 536.468 0.668696 -0.0312153 0.74288 0.0438786 0.0287389 0.617053 0.0287389
lFoot 536.468 -0.0155542 0.994186 0.106546 -0.582147 -0.634406 -0.210299 -0.634406
rFoot 536.468 0.0945154 0.813099 0.574401 -0.970979 -0.060194 0.0646222 -0.060194
head 536.479 0.0156316 -0.156116 0.987615 0.277642 0.189671 0.887844 0.189671
hip 536.479 -0.0744217 0.480731 0.873704 0.77278 0.1702 0.425286 0.1702
lHand 536.479 0.498057 0.309484 0.810036 0.453453 0.436753 -0.719332 0.436753
rHand 536.479 0.667999 -0.0337629 0.743396 0.0413939 0.0285502 0.621432 0.0285502
lFoot 536.479 -0.0155907 0.994186 0.106538 -0.581842 -0.634616 -0.210311 -0.634616
rFoot 536.479 0.0942719 0.813709 0.573577 -0.970901 -0.0611877 0.0652834 -0.0611877
head 536.49 0.0151308 -0.156354 0.987585 0.278779 0.189115 0.887734 0.189115
hip 536.49 -0.0747669 0.480652 0.873718 0.771929 0.170348 0.427003 0.170348
lHand 536.49 0.494562 0.302352 0.814857 0.467853 0.434585 -0.71064 0.434585
rHand 536.49 0.667242 -0.0368189 0.74393 0.0387148 0.0279761 0.626996 0.0279761
lFoot 536.49 -0.0157046 0.994187 0.106518 -0.581466 -0.634994 -0.210338 -0.634994
rFoot 536.49 0.0936987 0.813683 0.573707 -0.97098 -0.0590628 0.0656377 -0.0590628
head 536.502 0.0148509 -0.156485 0.987569 0.279759 0.188586 0.887593 0.188586
hip 536.502 -0.0750131 0.48066 0.873693 0.771468 0.170159 0.428533 0.170159
lHand 536.502 0.490382 0.295746 0.819793 0.483467 0.432266 -0.700945 0.432266
rHand 536.502 0.666525 -0.0392325 0.74445 0.038239 0.0267495 0.631859 0.0267495
lFoot 536.502 -0.0159414 0.994191 0.106443 -0.580713 -0.635839 -0.210914 -0.635839
rFoot 536.502 0.0947251 0.813496 0.573804 -0.971073 -0.0563142 0.0660848 -0.0563142
head 536.513 0.0143499 -0.156616 0.987555 0.280584 0.187977 0.887422 0.187977
hip 536.513 -0.0753046 0.481067 0.873444 0.77125 0.169803 0.429201 0.169803
lHand 536.513 0.485861 0.289257 0.824785 0.498339 0.429461 -0.691312 0.429461
rHand 536.513 0.666034 -0.0416027 0.744761 0.0394243 0.0241952 0.63554 0.0241952
lFoot 536.513 -0.0161775 0.994202 0.106306 -0.579734 -0.636883 -0.211508 -0.636883
rFoot 536.513 0.0945682 0.813489 0.57384 -0.971122 -0.0555961 0.0666831 -0.0555961
head 536.524 0.0138471 -0.156731 0.987544 0.281107 0.187429 0.887338 0.187429
hip 536.524 -0.0752889 0.481192 0.873376 0.770947 0.169204 0.429479 0.169204
lHand 536.524 0.481261 0.282643 0.82976 0.51262 0.426769 -0.681096 0.426769
rHand 536.524 0.665996 -0.0441164 0.74465 0.0399995 0.0220805 0.63851 0.0220805
lFoot 536.524 -0.0163537 0.994217 0.106138 -0.578815 -0.63789 -0.211987 -0.63789
rFoot 536.524 0.0946128 0.81441 0.572526 -0.971178 -0.0578855 0.0663494 -0.0578855
head 536.535 0.0133481 -0.156738 0.98755 0.281501 0.186991 0.887292 0.186991
hip 536.535 -0.0752477 0.481286 0.873328 0.770815 0.168643 0.429613 0.168643
lHand 536.535 0.476547 0.276716 0.834465 0.525652 0.423097 -0.67153 0.423097
rHand 536.535 0.666004 -0.0454881 0.74456 0.0407294 0.0200594 0.640622 0.0200594
lFoot 536.535 -0.0162841 0.994247 0.105869 -0.580112 -0.63751 -0.212222 -0.63751
rFoot 536.535 0.0946071 0.814765 0.57202 -0.971206 -0.0587767 0.0656749 -0.0587767
head 536.547 0.0128772 -0.156884 0.987533 0.281719 0.18629 0.887379 0.18629
hip 536.547 -0.075314 0.481717 0.873085 0.770863 0.168031 0.429257 0.168031
lHand 536.547 0.471781 0.270763 0.839113 0.537006 0.419283 -0.662672 0.419283
rHand 536.547 0.665634 -0.0476095 0.744758 0.0404669 0.018795 0.643157 0.018795
lFoot 536.547 -0.0158751 0.994262 0.105786 -0.584148 -0.634472 -0.211259 -0.634472
rFoot 536.547 0.0928968 0.815584 0.571133 -0.971239 -0.0608203 0.0644053 -0.0608203
head 536.557 0.0123643 -0.156901 0.987537 0.281879 0.185516 0.887523 0.185516
hip 536.557 -0.0752687 0.481748 0.873072 0.77131 0.16769 0.428371 0.16769
lHand 536.557 0.467343 0.264825 0.84348 0.547716 0.415557 -0.654196 0.415557
rHand 536.557 0.665791 -0.049532 0.744493 0.0386703 0.0178745 0.645708 0.0178745
lFoot 536.557 -0.0154184 0.994273 0.105748 -0.588232 -0.63086 -0.210773 -0.63086
rFoot 536.557 0.0941817 0.815708 0.570746 -0.971293 -0.0599358 0.0639246 -0.0599358
head 536.569 0.0119008 -0.156955 0.987534 0.281928 0.184859 0.88769 0.184859
hip 536.569 -0.0754329 0.481699 0.873084 0.771795 0.167597 0.428054 0.167597
lHand 536.569 0.462961 0.259081 0.84767 0.556809 0.41138 -0.647379 0.41138
rHand 536.569 0.665857 -0.050783 0.744349 0.036156 0.0176525 0.648736 0.0176525
lFoot 536.569 -0.015412 0.994251 0.105955 -0.588061 -0.630083 -0.210962 -0.630083
rFoot 536.569 0.0952078 0.81536 0.571073 -0.971399 -0.0583386 0.0637012 -0.0583386
head 536.58 0.011397 -0.157074 0.987521 0.281993 0.184358 0.887814 0.184358
hip 536.58 -0.0759259 0.481914 0.872923 0.771402 0.167892 0.429489 0.167892
lHand 536.58 0.458458 0.253134 0.851903 0.565231 0.407891 -0.641085 0.407891
rHand 536.58 0.665626 -0.0520719 0.744466 0.033773 0.0179614 0.6518 0.0179614
lFoot 536.58 -0.0153983 0.994268 0.105798 -0.587987 -0.630326 -0.211079 -0.630326
rFoot 536.58 0.0939754 0.815599 0.570936 -0.971422 -0.0586177 0.0643377 -0.0586177
head 536.591 0.0108196 -0.157026 0.987535 0.28204 0.183958 0.887945 0.183958
hip 536.591 -0.0761886 0.481918 0.872898 0.77091 0.168014 0.430844 0.168014
lHand 536.591 0.45378 0.247182 0.856145 0.573974 0.404502 -0.634821 0.404502
rHand 536.591 0.665073 -0.0531358 0.744885 0.032391 0.0183989 0.654542 0.0183989
lFoot 536.591 -0.0155848 0.994283 0.105631 -0.587075 -0.632007 -0.210419 -0.632007
rFoot 536.591 0.0920631 0.815972 0.570713 -0.971437 -0.0591996 0.0647288 -0.0591996
head 536.602 0.0101763 -0.157163 0.98752 0.281915 0.183599 0.888119 0.183599
hip 536.602 -0.0762467 0.482072 0.872807 0.770333 0.167745 0.431913 0.167745
lHand 536.602 0.448932 0.241278 0.860375 0.583217 0.400364 -0.628279 0.400364
rHand 536.602 0.664429 -0.0541821 0.745384 0.0330393 0.0198198 0.655935 0.0198198
lFoot 536.602 -0.0156193 0.994284 0.105618 -0.58751 -0.631795 -0.209851 -0.631795
rFoot 536.602 0.091358 0.815705 0.571209 -0.97147 -0.0586927 0.0645491 -0.0586927
head 536.613 0.0097112 -0.157173 0.987523 0.28187 0.183166 0.888302 0.183166
hip 536.613 -0.0763991 0.48229 0.872674 0.770171 0.167432 0.432209 0.167432
lHand 536.613 0.444248 0.235373 0.864432 0.592738 0.396642 -0.620789 0.396642
rHand 536.613 0.664275 -0.0547745 0.745478 0.0338847 0.0202016 0.65737 0.0202016
lFoot 536.613 -0.0155591 0.994272 0.105745 -0.586913 -0.631751 -0.210295 -0.631751
rFoot 536.613 0.0918524 0.815955 0.570772 -0.971524 -0.0582619 0.064679 -0.0582619
head 536.624 0.0091918 -0.157176 0.987528 0.281515 0.182481 0.8886 0.182481
hip 536.624 -0.0761467 0.482519 0.872569 0.770464 0.16674 0.430918 0.16674
lHand 536.624 0.439192 0.229251 0.868651 0.602651 0.392512 -0.612779 0.392512
rHand 536.624 0.663999 -0.0550741 0.745703 0.035909 0.0201831 0.657805 0.0201831
lFoot 536.624 -0.0156293 0.994269 0.105756 -0.586121 -0.632264 -0.21051 -0.632264
rFoot 536.624 0.0920232 0.81632 0.570222 -0.971582 -0.0579803 0.064967 -0.0579803
head 536.635 0.00860137 -0.157175 0.987533 0.28104 0.181742 0.888932 0.181742
hip 536.635 -0.0760807 0.482641 0.872508 0.77068 0.166299 0.430342 0.166299
lHand 536.635 0.434233 0.223288 0.872688 0.612232 0.388327 -0.604745 0.388327
rHand 536.635 0.663786 -0.0554127 0.745867 0.0374042 0.0202306 0.658393 0.0202306
lFoot 536.635 -0.0157675 0.994267 0.105757 -0.585792 -0.632701 -0.210096 -0.632701
rFoot 536.635 0.0906864 0.816262 0.570519 -0.971582 -0.0583866 0.0646419 -0.0583866
head 536.647 0.00810699 -0.157203 0.987533 0.280641 0.18113 0.88921 0.18113
hip 536.647 -0.0762342 0.482867 0.872369 0.77091 0.165793 0.429956 0.165793
lHand 536.647 0.429226 0.217351 0.876655 0.621181 0.384223 -0.59705 0.384223
rHand 536.647 0.663968 -0.0550579 0.745731 0.0380255 0.0194698 0.658417 0.0194698
lFoot 536.647 -0.0157913 0.994272 0.105709 -0.585679 -0.632989 -0.209772 -0.632989
rFoot 536.647 0.0906779 0.816626 0.569999 -0.971663 -0.0583156 0.0646166 -0.0583156
head 536.658 0.007568 -0.157211 0.987536 0.280378 0.180746 0.889393 0.180746
hip 536.658 -0.0762919 0.482859 0.872369 0.770565 0.165644 0.43112 0.165644
lHand 536.658 0.424112 0.211374 0.880596 0.629935 0.379952 -0.589415 0.379952
rHand 536.658 0.664513 -0.055457 0.745216 0.0368346 0.0183165 0.658732 0.0183165
lFoot 536.658 -0.0157637 0.994269 0.10574 -0.585644 -0.632945 -0.209519 -0.632945
rFoot 536.658 0.0905321 0.816866 0.569679 -0.971718 -0.0589236 0.0638644 -0.0589236
head 536.669 0.00702603 -0.157341 0.987519 0.28029 0.180544 0.88949 0.180544
hip 536.669 -0.0763196 0.482892 0.872348 0.770077 0.165353 0.432431 0.165353
lHand 536.669 0.418857 0.204974 0.884615 0.638682 0.376187 -0.581377 0.376187
rHand 536.669 0.664707 -0.0558875 0.745011 0.035687 0.0172968 0.65898 0.0172968
lFoot 536.669 -0.0158003 0.99426 0.105821 -0.585055 -0.633468 -0.209619 -0.633468
rFoot 536.669 0.0903613 0.816616 0.570065 -0.971744 -0.0592108 0.0635979 -0.0592108
head 536.68 0.00645511 -0.157375 0.987518 0.280359 0.180606 0.889499 0.180606
hip 536.68 -0.0762235 0.483137 0.872221 0.769766 0.164923 0.433047 0.164923
lHand 536.68 0.413761 0.198991 0.888372 0.647107 0.3722 -0.573333 0.3722
rHand 536.68 0.665458 -0.0555851 0.744363 0.0335116 0.0154464 0.65854 0.0154464
lFoot 536.68 -0.0158373 0.99426 0.105809 -0.584579 -0.633907 -0.20959 -0.633907
rFoot 536.68 0.0911447 0.816717 0.569795 -0.971804 -0.0583751 0.0636931 -0.0583751
head 536.692 0.00578861 -0.157307 0.987533 0.280377 0.180868 0.88942 0.180868
hip 536.692 -0.0760231 0.483254 0.872173 0.769531 0.164305 0.433328 0.164305
lHand 536.692 0.408484 0.1932 0.892085 0.654833 0.367108 -0.56601 0.367108
rHand 536.692 0.665805 -0.0555253 0.744057 0.033069 0.0141769 0.658176 0.0141769
lFoot 536.692 -0.0158986 0.994266 0.105743 -0.584343 -0.634063 -0.209639 -0.634063
rFoot 536.692 0.0905029 0.816984 0.569515 -0.971835 -0.0581507 0.0639891 -0.0581507
head 536.703 0.00520614 -0.157412 0.987519 0.280369 0.180981 0.889352 0.180981
hip 536.703 -0.0757131 0.48338 0.872131 0.769354 0.163592 0.433159 0.163592
lHand 536.703 0.403466 0.187503 0.895577 0.661557 0.360149 -0.560494 0.360149
rHand 536.703 0.666039 -0.055634 0.743839 0.0343703 0.0133813 0.657376 0.0133813
lFoot 536.703 -0.0158918 0.994268 0.105725 -0.583796 -0.634492 -0.209571 -0.634492
rFoot 536.703 0.0901929 0.81697 0.569584 -0.971875 -0.0584041 0.0639862 -0.0584041
head 536.714 0.00463628 -0.1574 0.987524 0.280332 0.181025 0.88938 0.181025
hip 536.714 -0.0754591 0.483672 0.87199 0.769295 0.162962 0.432977 0.162962
lHand 536.714 0.398717 0.181977 0.898838 0.668181 0.353448 -0.555048 0.353448
rHand 536.714 0.666621 -0.0549992 0.743365 0.0359082 0.0129419 0.656943 0.0129419
lFoot 536.714 -0.0156825 0.994284 0.105608 -0.585315 -0.63339 -0.209332 -0.63339
rFoot 536.714 0.0895128 0.816979 0.569678 -0.971933 -0.0579365 0.0639878 -0.0579365
head 536.725 0.0042319 -0.157457 0.987517 0.280495 0.180864 0.889461 0.180864
hip 536.725 -0.0751335 0.483646 0.872033 0.769608 0.162705 0.432878 0.162705
lHand 536.725 0.393749 0.176272 0.902158 0.674876 0.34723 -0.549525 0.34723
rHand 536.725 0.666889 -0.0545116 0.74316 0.0390025 0.0124261 0.6563 0.0124261
lFoot 536.725 -0.0155353 0.994271 0.105755 -0.586875 -0.631616 -0.208937 -0.631616
rFoot 536.725 0.0892685 0.816894 0.569838 -0.971954 -0.0572146 0.0644743 -0.0572146
head 536.736 0.00360835 -0.157609 0.987495 0.280453 0.180449 0.889604 0.180449
hip 536.736 -0.074888 0.483644 0.872055 0.769811 0.162368 0.4332 0.162368
lHand 536.736 0.388619 0.170317 0.905521 0.68243 0.342522 -0.542671 0.342522
rHand 536.736 0.666891 -0.0539331 0.743201 0.0417491 0.0124496 0.655909 0.0124496
lFoot 536.736 -0.0156171 0.994275 0.105705 -0.585929 -0.632555 -0.209119 -0.632555
rFoot 536.736 0.0902793 0.816704 0.569951 -0.971966 -0.0569383 0.064949 -0.0569383
head 536.747 0.00293756 -0.15775 0.987475 0.280362 0.180102 0.889684 0.180102
hip 536.747 -0.0745902 0.483782 0.872004 0.769965 0.161972 0.433467 0.161972
lHand 536.747 0.383338 0.164139 0.908906 0.690487 0.339367 -0.534595 0.339367
rHand 536.747 0.666921 -0.0534741 0.743207 0.0422005 0.0122331 0.655885 0.0122331
lFoot 536.747 -0.01568 0.994278 0.105664 -0.585451 -0.633285 -0.208884 -0.633285
rFoot 536.747 0.0903126 0.816903 0.569661 -0.972011 -0.0571794 0.0653485 -0.0571794
head 536.758 0.0022507 -0.157851 0.98746 0.280077 0.179809 0.889707 0.179809
hip 536.758 -0.0742819 0.483833 0.872002 0.769978 0.161534 0.433681 0.161534
lHand 536.758 0.378125 0.15758 0.912245 0.698403 0.337576 -0.52602 0.337576
rHand 536.758 0.667516 -0.0538676 0.742644 0.0413903 0.0112945 0.656094 0.0112945
lFoot 536.758 -0.0155483 0.994287 0.105598 -0.586348 -0.632789 -0.208442 -0.632789
rFoot 536.758 0.0897249 0.817003 0.569611 -0.972002 -0.0575327 0.0652764 -0.0575327
head 536.769 0.00161266 -0.157993 0.987439 0.279515 0.179646 0.889684 0.179646
hip 536.769 -0.0736895 0.483958 0.871983 0.769768 0.16043 0.43381 0.16043
lHand 536.769 0.373062 0.151241 0.915397 0.705703 0.335941 -0.517929 0.335941
rHand 536.769 0.667979 -0.0534577 0.742258 0.0408739 0.0105291 0.656168 0.0105291
lFoot 536.769 -0.0152498 0.994286 0.105652 -0.588985 -0.630272 -0.207862 -0.630272
rFoot 536.769 0.090243 0.817215 0.569224 -0.972061 -0.0571083 0.0653561 -0.0571083
head 536.781 0.000950581 -0.158098 0.987423 0.278978 0.179328 0.889728 0.179328
hip 536.781 -0.0734922 0.4843 0.87181 0.769695 0.159807 0.433822 0.159807
lHand 536.781 0.36822 0.145083 0.918349 0.712347 0.333564 -0.510818 0.333564
rHand 536.781 0.668818 -0.0529844 0.741535 0.0390936 0.00935087 0.656206 0.00935087
lFoot 536.781 -0.0151811 0.994281 0.105713 -0.589551 -0.629314 -0.207931 -0.629314
rFoot 536.781 0.0907869 0.817308 0.569004 -0.972147 -0.0565038 0.065466 -0.0565038
head 536.792 0.000308788 -0.158282 0.987394 0.278575 0.178522 0.889974 0.178522
hip 536.792 -0.0731137 0.48435 0.871814 0.769721 0.159172 0.434043 0.159172
lHand 536.792 0.363483 0.138775 0.921206 0.71818 0.330995 -0.505203 0.330995
rHand 536.792 0.669627 -0.0530708 0.740799 0.0385865 0.00857326 0.655934 0.00857326
lFoot 536.792 -0.0153198 0.994292 0.105587 -0.588269 -0.630414 -0.208249 -0.630414
rFoot 536.792 0.0911985 0.817246 0.569027 -0.972131 -0.0559061 0.0658334 -0.0559061
head 536.803 -0.000279586 -0.158481 0.987362 0.278367 0.17751 0.890296 0.17751
hip 536.803 -0.0728236 0.484346 0.871841 0.769649 0.159069 0.434922 0.159069
lHand 536.803 0.358525 0.132682 0.924043 0.724309 0.327904 -0.499156 0.327904
rHand 536.803 0.669781 -0.0528691 0.740674 0.0388242 0.00865657 0.655502 0.00865657
lFoot 536.803 -0.0153451 0.994299 0.105516 -0.587761 -0.63117 -0.207958 -0.63117
rFoot 536.803 0.0910772 0.817544 0.568618 -0.972124 -0.0562368 0.06625 -0.0562368
head 536.815 -0.000875621 -0.158768 0.987316 0.27779 0.176459 0.890694 0.176459
hip 536.815 -0.0725125 0.484536 0.871761 0.769682 0.158735 0.435429 0.158735
lHand 536.815 0.35359 0.126408 0.92682 0.73047 0.325226 -0.493045 0.325226
rHand 536.815 0.669671 -0.0525974 0.740793 0.0396451 0.00945813 0.655454 0.00945813
lFoot 536.815 -0.0153525 0.994308 0.105436 -0.587888 -0.631149 -0.207795 -0.631149
rFoot 536.815 0.0907529 0.817637 0.568536 -0.972199 -0.0565055 0.0660137 -0.0565055
head 536.826 -0.00144279 -0.158816 0.987307 0.276766 0.175458 0.891065 0.175458
hip 536.826 -0.0720272 0.484578 0.871778 0.769894 0.158261 0.43544 0.158261
lHand 536.826 0.348578 0.120404 0.929514 0.736841 0.321685 -0.486781 0.321685
rHand 536.826 0.669667 -0.0518766 0.740847 0.0397254 0.0103304 0.655691 0.0103304
lFoot 536.826 -0.0152704 0.994297 0.105546 -0.588341 -0.63051 -0.207542 -0.63051
rFoot 536.826 0.0905018 0.817516 0.568751 -0.972222 -0.056214 0.0658898 -0.056214
head 536.836 -0.00200829 -0.159051 0.987268 0.275617 0.174562 0.891382 0.174562
hip 536.836 -0.0715159 0.484618 0.871797 0.770251 0.157588 0.435122 0.157588
lHand 536.836 0.343632 0.114338 0.932118 0.742811 0.318423 -0.480818 0.318423
rHand 536.836 0.669828 -0.0515147 0.740727 0.0397222 0.0109185 0.655904 0.0109185
lFoot 536.836 -0.015192 0.994289 0.105632 -0.588367 -0.630473 -0.20726 -0.630473
rFoot 536.836 0.091215 0.817461 0.568716 -0.972264 -0.0558057 0.066258 -0.0558057
head 536.848 -0.0025255 -0.159281 0.98723 0.274627 0.173381 0.891804 0.173381
hip 536.848 -0.0710958 0.484719 0.871776 0.770749 0.156786 0.434614 0.156786
lHand 536.848 0.338825 0.108128 0.934615 0.74823 0.316111 -0.475259 0.316111
rHand 536.848 0.670003 -0.0511251 0.740596 0.0398739 0.0108782 0.656093 0.0108782
lFoot 536.848 -0.0151995 0.994284 0.105678 -0.58829 -0.630582 -0.206867 -0.630582
rFoot 536.848 0.0922536 0.817442 0.568576 -0.972304 -0.055032 0.0669135 -0.055032
head 536.859 -0.00309796 -0.159471 0.987198 0.273744 0.172029 0.892311 0.172029
hip 536.859 -0.0707707 0.484706 0.871809 0.77079 0.156329 0.435139 0.156329
lHand 536.859 0.333884 0.101921 0.937088 0.7535 0.314391 -0.469623 0.314391
rHand 536.859 0.670067 -0.0509295 0.740551 0.0396716 0.010504 0.656218 0.010504
lFoot 536.859 -0.0152248 0.994276 0.105747 -0.587846 -0.630971 -0.206629 -0.630971
rFoot 536.859 0.0925468 0.817459 0.568504 -0.972313 -0.0551925 0.0668761 -0.0551925
head 536.87 -0.00357632 -0.159743 0.987152 0.273022 0.17072 0.892774 0.17072
hip 536.87 -0.0705012 0.484695 0.871837 0.770298 0.156415 0.436747 0.156415
lHand 536.87 0.328789 0.0957976 0.939532 0.758887 0.312081 -0.46382 0.312081
rHand 536.87 0.670093 -0.0508216 0.740536 0.0392632 0.0101564 0.656371 0.0101564
lFoot 536.87 -0.0152667 0.994278 0.105723 -0.587449 -0.631496 -0.206462 -0.631496
rFoot 536.87 0.0925738 0.817791 0.568022 -0.972324 -0.0554041 0.0668143 -0.0554041
head 536.881 -0.0040256 -0.159991 0.98711 0.272277 0.169628 0.89313 0.169628
hip 536.881 -0.0702475 0.485035 0.871669 0.770075 0.156035 0.437706 0.156035
lHand 536.881 0.323717 0.0895087 0.941911 0.76477 0.310654 -0.456342 0.310654
rHand 536.881 0.670246 -0.0505574 0.740415 0.0386159 0.00973026 0.656676 0.00973026
lFoot 536.881 -0.0152244 0.994285 0.10567 -0.58762 -0.63152 -0.206113 -0.63152
rFoot 536.881 0.0928137 0.817886 0.567846 -0.972388 -0.0548721 0.0670423 -0.0548721
head 536.892 -0.00443155 -0.160317 0.987056 0.271494 0.168586 0.893437 0.168586
hip 536.892 -0.0696713 0.485118 0.871669 0.770172 0.155427 0.43776 0.155427
lHand 536.892 0.31837 0.0828146 0.944342 0.771689 0.309838 -0.446345 0.309838
rHand 536.892 0.671 -0.0509451 0.739705 0.0373887 0.00902884 0.656834 0.00902884
lFoot 536.892 -0.0150382 0.994295 0.105596 -0.588812 -0.630529 -0.205538 -0.630529
rFoot 536.892 0.0934825 0.818087 0.567445 -0.972408 -0.0543827 0.0671987 -0.0543827
head 536.904 -0.00484163 -0.160632 0.987003 0.27049 0.167294 0.893961 0.167294
hip 536.904 -0.0690204 0.485181 0.871686 0.770632 0.154614 0.436923 0.154614
lHand 536.904 0.313139 0.0763986 0.94663 0.778477 0.308251 -0.437276 0.308251
rHand 536.904 0.671364 -0.0508433 0.739382 0.0368585 0.00864414 0.656692 0.00864414
lFoot 536.904 -0.0149685 0.994293 0.105627 -0.58897 -0.630326 -0.205313 -0.630326
rFoot 536.904 0.0940503 0.818327 0.567005 -0.972439 -0.0538259 0.0674342 -0.0538259
head 536.915 -0.00518597 -0.161024 0.986937 0.269778 0.166045 0.894457 0.166045
hip 536.915 -0.0686427 0.485358 0.871617 0.770975 0.153869 0.436559 0.153869
lHand 536.915 0.308166 0.0701204 0.948745 0.784517 0.304386 -0.43131 0.304386
rHand 536.915 0.671568 -0.0508205 0.739198 0.0368521 0.0084002 0.656595 0.0084002
lFoot 536.915 -0.0149829 0.994302 0.105541 -0.588427 -0.630876 -0.205422 -0.630876
rFoot 536.915 0.0944004 0.818518 0.566672 -0.972488 -0.0537178 0.0675265 -0.0537178
head 536.927 -0.00561164 -0.161262 0.986896 0.269153 0.16477 0.89491 0.16477
hip 536.927 -0.0681194 0.485304 0.871688 0.770896 0.153217 0.437122 0.153217
lHand 536.927 0.303033 0.0642231 0.950814 0.790722 0.299441 -0.425661 0.299441
rHand 536.927 0.671576 -0.0507931 0.739193 0.0367424 0.00822722 0.656632 0.00822722
lFoot 536.927 -0.0150206 0.994281 0.105734 -0.5892 -0.629964 -0.205277 -0.629964
rFoot 536.927 0.0933497 0.818585 0.566749 -0.97251 -0.0538504 0.0676522 -0.0538504
head 536.937 -0.00598016 -0.161558 0.986845 0.268482 0.163572 0.895219 0.163572
hip 536.937 -0.0676627 0.485263 0.871746 0.770698 0.152819 0.438077 0.152819
lHand 536.937 0.297878 0.0583585 0.952818 0.797035 0.294246 -0.419766 0.294246
rHand 536.937 0.671693 -0.0506677 0.739095 0.0371821 0.00827845 0.65685 0.00827845
lFoot 536.937 -0.0150124 0.99428 0.105742 -0.589172 -0.629961 -0.205155 -0.629961
rFoot 536.937 0.0932135 0.818849 0.56639 -0.972536 -0.0536612 0.0677519 -0.0536612
head 536.948 -0.00631225 -0.161848 0.986796 0.268021 0.162275 0.895355 0.162275
hip 536.948 -0.0675449 0.485214 0.871783 0.770643 0.152632 0.438935 0.152632
lHand 536.948 0.293066 0.052712 0.954638 0.80289 0.28593 -0.416961 0.28593
rHand 536.948 0.671908 -0.0505195 0.738909 0.0382179 0.00810253 0.657128 0.00810253
lFoot 536.948 -0.0150706 0.994279 0.105745 -0.588679 -0.630603 -0.204887 -0.630603
rFoot 536.948 0.0938452 0.818908 0.566201 -0.972551 -0.0532539 0.068007 -0.0532539
head 536.96 -0.00683641 -0.161977 0.986771 0.267886 0.160518 0.895505 0.160518
hip 536.96 -0.0671984 0.485171 0.871834 0.770838 0.152218 0.439301 0.152218
lHand 536.96 0.288265 0.04739 0.956377 0.808036 0.276865 -0.415384 0.276865
rHand 536.96 0.672279 -0.0505163 0.738572 0.0386349 0.00757815 0.657432 0.00757815
lFoot 536.96 -0.0150241 0.994278 0.10576 -0.588714 -0.630589 -0.204538 -0.630589
rFoot 536.96 0.0943011 0.818889 0.566153 -0.972534 -0.0531241 0.0684346 -0.0531241
head 536.971 -0.00715093 -0.162338 0.986709 0.267847 0.158559 0.895846 0.158559
hip 536.971 -0.066824 0.485154 0.871872 0.770675 0.151856 0.440099 0.151856
lHand 536.971 0.283234 0.0419496 0.958133 0.812974 0.268979 -0.412347 0.268979
rHand 536.971 0.672694 -0.050738 0.738179 0.0383651 0.00680436 0.657866 0.00680436
lFoot 536.971 -0.0149454 0.994269 0.105859 -0.58902 -0.630191 -0.204222 -0.630191
rFoot 536.971 0.094722 0.819128 0.565736 -0.972511 -0.0532791 0.0687825 -0.0532791
head 536.982 -0.00746989 -0.162714 0.986645 0.267818 0.156736 0.896232 0.156736
hip 536.982 -0.0661212 0.48511 0.87195 0.770218 0.150777 0.441323 0.150777
lHand 536.982 0.278291 0.0362869 0.959811 0.818004 0.262016 -0.40776 0.262016
rHand 536.982 0.67313 -0.0509169 0.73777 0.0380896 0.00602927 0.658327 0.00602927
lFoot 536.982 -0.014938 0.994266 0.105888 -0.588795 -0.63034 -0.203965 -0.63034
rFoot 536.982 0.0951371 0.819089 0.565723 -0.972539 -0.0524539 0.0690907 -0.0524539
head 536.993 -0.00766168 -0.163005 0.986596 0.267693 0.155077 0.896674 0.155077
hip 536.993 -0.0654715 0.485044 0.872035 0.770778 0.150146 0.440567 0.150146
lHand 536.993 0.273276 0.0305675 0.96145 0.823268 0.256731 -0.401624 0.256731
rHand 536.993 0.673638 -0.0509704 0.737302 0.038222 0.0056004 0.658538 0.0056004
lFoot 536.993 -0.0149217 0.994265 0.105897 -0.588182 -0.631051 -0.203647 -0.631051
rFoot 536.993 0.095307 0.818951 0.565893 -0.972533 -0.0519877 0.0693247 -0.0519877
head 537.005 -0.00790993 -0.163387 0.98653 0.267473 0.153602 0.897024 0.153602
hip 537.005 -0.064908 0.484956 0.872127 0.771307 0.149581 0.439874 0.149581
lHand 537.005 0.268232 0.0244178 0.963045 0.828505 0.254892 -0.393362 0.254892
rHand 537.005 0.674024 -0.0511738 0.736935 0.0385082 0.00528834 0.658669 0.00528834
lFoot 537.005 -0.0149006 0.994255 0.105996 -0.587892 -0.631219 -0.203613 -0.631219
rFoot 537.005 0.096393 0.818423 0.566474 -0.972498 -0.05179 0.0696292 -0.05179
head 537.015 -0.00816945 -0.163684 0.986479 0.267316 0.152242 0.897199 0.152242
hip 537.015 -0.0645904 0.484832 0.872219 0.771414 0.149468 0.44037 0.149468
lHand 537.015 0.263226 0.0181645 0.964563 0.833187 0.254934 -0.385729 0.254934
rHand 537.015 0.674558 -0.0512466 0.736441 0.0390102 0.00490141 0.658859 0.00490141
lFoot 537.015 -0.0149346 0.994269 0.105862 -0.587684 -0.631556 -0.203779 -0.631556
rFoot 537.015 0.0965263 0.818457 0.566401 -0.972469 -0.0517002 0.0706084 -0.0517002
head 537.027 -0.00847273 -0.163971 0.986429 0.267213 0.150991 0.897189 0.150991
hip 537.027 -0.0643578 0.484659 0.872332 0.770459 0.149823 0.442849 0.149823
lHand 537.027 0.258463 0.0120084 0.965947 0.837576 0.253584 -0.379984 0.253584
rHand 537.027 0.675433 -0.0518901 0.735593 0.0395343 0.00433256 0.65906 0.00433256
lFoot 537.027 -0.014685 0.994291 0.105686 -0.589574 -0.630494 -0.203273 -0.630494
rFoot 537.027 0.0973731 0.818676 0.56594 -0.972469 -0.0523297 0.0703658 -0.0523297
head 537.038 -0.00879609 -0.164243 0.986381 0.267178 0.149483 0.897196 0.149483
hip 537.038 -0.0641017 0.484628 0.872369 0.769924 0.149772 0.444498 0.149772
lHand 537.038 0.253693 0.00632614 0.967264 0.842123 0.249661 -0.375267 0.249661
rHand 537.038 0.675938 -0.052184 0.735109 0.0408014 0.00388097 0.659212 0.00388097
lFoot 537.038 -0.0142979 0.994259 0.106038 -0.592772 -0.626969 -0.202735 -0.626969
rFoot 537.038 0.0975888 0.818289 0.566463 -0.972446 -0.0525242 0.0701857 -0.0525242
head 537.049 -0.00907863 -0.164547 0.986327 0.267247 0.147884 0.897387 0.147884
hip 537.049 -0.0634482 0.484506 0.872484 0.770445 0.149183 0.444166 0.149183
lHand 537.049 0.24945 0.00127156 0.968387 0.846578 0.242111 -0.373099 0.242111
rHand 537.049 0.67657 -0.0520468 0.734536 0.0422401 0.00332471 0.659492 0.00332471
lFoot 537.049 -0.0142895 0.994266 0.105976 -0.592514 -0.627004 -0.202877 -0.627004
rFoot 537.049 0.0979868 0.818379 0.566263 -0.972512 -0.052257 0.0707899 -0.052257
head 537.06 -0.0093488 -0.164889 0.986268 0.267137 0.146185 0.897799 0.146185
hip 537.06 -0.0628423 0.484455 0.872556 0.771289 0.148447 0.443226 0.148447
lHand 537.06 0.245374 -0.00391407 0.96942 0.851314 0.232054 -0.371238 0.232054
rHand 537.06 0.676928 -0.0523181 0.734188 0.0435172 0.00253563 0.659842 0.00253563
lFoot 537.06 -0.0142989 0.994271 0.105931 -0.591933 -0.627597 -0.202668 -0.627597
rFoot 537.06 0.0993308 0.818059 0.566491 -0.972522 -0.0512024 0.0712939 -0.0512024
head 537.071 -0.00955333 -0.165319 0.986194 0.266729 0.144762 0.8982 0.144762
hip 537.071 -0.0624707 0.484373 0.872629 0.77159 0.147671 0.443408 0.147671
lHand 537.071 0.241042 -0.009021 0.970473 0.856316 0.223763 -0.367011 0.223763
rHand 537.071 0.6772 -0.0523241 0.733936 0.0442525 0.00180352 0.660407 0.00180352
lFoot 537.071 -0.0143027 0.994271 0.105924 -0.591737 -0.628245 -0.202067 -0.628245
rFoot 537.071 0.100125 0.817962 0.566492 -0.972483 -0.0506563 0.0721104 -0.0506563
head 537.082 -0.00973308 -0.165666 0.986134 0.266072 0.143441 0.898517 0.143441
hip 537.082 -0.0619568 0.484211 0.872755 0.771451 0.146961 0.444402 0.146961
lHand 537.082 0.236678 -0.0146934 0.971477 0.860885 0.219354 -0.36131 0.219354
rHand 537.082 0.677665 -0.0519819 0.733531 0.0444588 0.00108425 0.661064 0.00108425
lFoot 537.082 -0.0142687 0.994269 0.105949 -0.592129 -0.627875 -0.201775 -0.627875
rFoot 537.082 0.100272 0.818145 0.566201 -0.972498 -0.0506045 0.07273 -0.0506045
head 537.093 -0.00975075 -0.165947 0.986086 0.265171 0.141919 0.898792 0.141919
hip 537.093 -0.0616999 0.484052 0.872861 0.770682 0.146831 0.446603 0.146831
lHand 537.093 0.232283 -0.0206002 0.97243 0.865182 0.216957 -0.355539 0.216957
rHand 537.093 0.678569 -0.0517402 0.732713 0.044342 0.000234755 0.661602 0.000234755
lFoot 537.093 -0.0141474 0.994291 0.105762 -0.592079 -0.628023 -0.201498 -0.628023
rFoot 537.093 0.102025 0.81827 0.565707 -0.972485 -0.0506973 0.0724954 -0.0506973
head 537.105 -0.00983976 -0.166378 0.986013 0.264152 0.140207 0.899151 0.140207
hip 537.105 -0.0613209 0.483916 0.872964 0.770222 0.146584 0.448178 0.146584
lHand 537.105 0.228137 -0.0269587 0.973256 0.869459 0.218188 -0.348172 0.218188
rHand 537.105 0.679394 -0.0514725 0.731966 0.0435133 -0.000642415 0.662185 -0.000642415
lFoot 537.105 -0.014052 0.994281 0.105868 -0.592339 -0.627745 -0.201299 -0.627745
rFoot 537.105 0.102764 0.818348 0.565461 -0.972477 -0.0505447 0.0726986 -0.0505447
head 537.116 -0.00995737 -0.166811 0.985939 0.263361 0.138388 0.899659 0.138388
hip 537.116 -0.0608979 0.483734 0.873094 0.769955 0.146429 0.449273 0.146429
lHand 537.116 0.224027 -0.0330842 0.974021 0.873945 0.218086 -0.34146 0.218086
rHand 537.116 0.680239 -0.0509073 0.73122 0.0429867 -0.00169606 0.662399 -0.00169606
lFoot 537.116 -0.0141309 0.99428 0.105867 -0.592214 -0.627971 -0.20116 -0.627971
rFoot 537.116 0.103729 0.817982 0.565814 -0.972497 -0.050108 0.0732172 -0.050108
head 537.128 -0.0101371 -0.167092 0.985889 0.26253 0.136286 0.900384 0.136286
hip 537.128 -0.0602879 0.483645 0.873185 0.770183 0.146 0.449706 0.146
lHand 537.128 0.220108 -0.03869 0.974708 0.878338 0.215227 -0.336409 0.215227
rHand 537.128 0.680691 -0.0499976 0.730863 0.0425997 -0.00241834 0.662258 -0.00241834
lFoot 537.128 -0.0143014 0.994265 0.105982 -0.591474 -0.628853 -0.201043 -0.628853
rFoot 537.128 0.103437 0.817813 0.566111 -0.972506 -0.0497878 0.0734675 -0.0497878
head 537.138 -0.0101374 -0.167624 0.985799 0.26152 0.134181 0.901224 0.134181
hip 537.138 -0.0595364 0.48358 0.873273 0.770956 0.145228 0.448657 0.145228
lHand 537.138 0.216471 -0.0441276 0.975291 0.882873 0.209761 -0.332665 0.209761
rHand 537.138 0.681275 -0.0491996 0.730373 0.0431539 -0.0028093 0.661145 -0.0028093
lFoot 537.138 -0.014333 0.994266 0.105973 -0.591096 -0.629456 -0.201015 -0.629456
rFoot 537.138 0.103439 0.817932 0.56594 -0.972525 -0.0498233 0.0739805 -0.0498233
head 537.149 -0.010162 -0.168096 0.985718 0.260318 0.132328 0.901962 0.132328
hip 537.149 -0.0591607 0.483506 0.87334 0.771242 0.144623 0.448866 0.144623
lHand 537.149 0.213127 -0.0487554 0.975807 0.887249 0.201857 -0.330194 0.201857
rHand 537.149 0.682038 -0.0481069 0.729733 0.044048 -0.00343523 0.660434 -0.00343523
lFoot 537.149 -0.0142972 0.994266 0.105975 -0.591359 -0.629282 -0.201018 -0.629282
rFoot 537.149 0.10468 0.818056 0.565531 -0.972585 -0.0496802 0.0742739 -0.0496802
head 537.16 -0.0101556 -0.168524 0.985645 0.259 0.130693 0.902565 0.130693
hip 537.16 -0.0587958 0.483374 0.873437 0.771057 0.144111 0.450184 0.144111
lHand 537.16 0.209881 -0.0541103 0.976229 0.891534 0.195357 -0.327085 0.195357
rHand 537.16 0.682895 -0.0469993 0.729003 0.0461742 -0.0038363 0.65927 -0.0038363
lFoot 537.16 -0.0142813 0.994255 0.106081 -0.591699 -0.628846 -0.200742 -0.628846
rFoot 537.16 0.105483 0.817947 0.56554 -0.97257 -0.0498545 0.0741457 -0.0498545
head 537.172 -0.0102156 -0.169038 0.985557 0.257664 0.129146 0.903107 0.129146
hip 537.172 -0.0584711 0.483323 0.873487 0.770541 0.143517 0.452016 0.143517
lHand 537.172 0.20666 -0.0589941 0.976633 0.895957 0.188332 -0.323894 0.188332
rHand 537.172 0.683864 -0.0457757 0.728172 0.0480342 -0.00474593 0.658063 -0.00474593
lFoot 537.172 -0.0143124 0.994256 0.106067 -0.591235 -0.629366 -0.200612 -0.629366
rFoot 537.172 0.106019 0.818062 0.565273 -0.972605 -0.0499965 0.0746361 -0.0499965
head 537.183 -0.0103247 -0.169542 0.985469 0.256721 0.127304 0.903626 0.127304
hip 537.183 -0.0578477 0.483322 0.873529 0.770381 0.142749 0.452662 0.142749
lHand 537.183 0.20344 -0.0640478 0.97699 0.900452 0.181721 -0.320058 0.181721
rHand 537.183 0.684822 -0.0446414 0.727341 0.0490808 -0.00597285 0.656906 -0.00597285
lFoot 537.183 -0.0143064 0.994255 0.106076 -0.590999 -0.629764 -0.200217 -0.629764
rFoot 537.183 0.106596 0.818362 0.564731 -0.972579 -0.0496783 0.0751716 -0.0496783
head 537.194 -0.0103889 -0.169831 0.985418 0.255857 0.124955 0.904259 0.124955
hip 537.194 -0.0572239 0.483314 0.873575 0.770795 0.141887 0.452208 0.141887
lHand 537.194 0.200188 -0.0689478 0.977329 0.904663 0.176166 -0.316148 0.176166
rHand 537.194 0.685788 -0.0435825 0.726495 0.0491676 -0.00715536 0.655939 -0.00715536
lFoot 537.194 -0.014298 0.994245 0.106176 -0.590923 -0.629919 -0.199788 -0.629919
rFoot 537.194 0.107674 0.818113 0.564887 -0.972533 -0.0493055 0.0759664 -0.0493055
head 537.205 -0.010523 -0.170084 0.985373 0.25506 0.122475 0.904882 0.122475
hip 537.205 -0.0566089 0.483317 0.873613 0.771147 0.140976 0.451925 0.140976
lHand 537.205 0.197282 -0.0735804 0.977582 0.908149 0.171491 -0.313337 0.171491
rHand 537.205 0.686836 -0.0420683 0.725594 0.0490754 -0.00793945 0.65508 -0.00793945
lFoot 537.205 -0.014372 0.994243 0.106177 -0.589951 -0.630649 -0.199938 -0.630649
rFoot 537.205 0.109293 0.81824 0.564392 -0.972473 -0.0490269 0.0772973 -0.0490269
head 537.216 -0.0106261 -0.170459 0.985307 0.254203 0.120052 0.905469 0.120052
hip 537.216 -0.0562446 0.48339 0.873596 0.77146 0.140155 0.451503 0.140155
lHand 537.216 0.19451 -0.0781768 0.97778 0.910773 0.167254 -0.312236 0.167254
rHand 537.216 0.68778 -0.0412915 0.724743 0.0486081 -0.00839336 0.654308 -0.00839336
lFoot 537.216 -0.0144124 0.994244 0.106168 -0.589076 -0.631506 -0.199741 -0.631506
rFoot 537.216 0.112398 0.817948 0.564205 -0.972425 -0.0479705 0.0789384 -0.0479705
head 537.228 -0.0109316 -0.170688 0.985264 0.253246 0.117646 0.906004 0.117646
hip 537.228 -0.0558839 0.483391 0.873619 0.771282 0.139435 0.452231 0.139435
lHand 537.228 0.192119 -0.0826866 0.977882 0.913055 0.162227 -0.311961 0.162227
rHand 537.228 0.688138 -0.0404323 0.724452 0.0482111 -0.00831936 0.65373 -0.00831936
lFoot 537.228 -0.0144373 0.99424 0.106196 -0.588454 -0.632086 -0.199366 -0.632086
rFoot 537.228 0.114367 0.818089 0.563604 -0.972383 -0.0483728 0.0794363 -0.0483728
head 537.239 -0.0111053 -0.170858 0.985233 0.252447 0.115298 0.90652 0.115298
hip 537.239 -0.055635 0.48335 0.873658 0.770844 0.138945 0.453498 0.138945
lHand 537.239 0.189391 -0.0869411 0.978045 0.915786 0.157033 -0.309777 0.157033
rHand 537.239 0.688377 -0.0393631 0.724284 0.0479978 -0.00767279 0.653588 -0.00767279
lFoot 537.239 -0.0144098 0.994225 0.106347 -0.587913 -0.632484 -0.199159 -0.632484
rFoot 537.239 0.116223 0.817869 0.563545 -0.972336 -0.0484805 0.0795847 -0.0484805
head 537.25 -0.0112763 -0.170992 0.985208 0.251659 0.113033 0.906878 0.113033
hip 537.25 -0.0554439 0.483313 0.87369 0.770411 0.138568 0.454856 0.138568
lHand 537.25 0.187149 -0.0907775 0.978128 0.918311 0.152455 -0.30609 0.152455
rHand 537.25 0.68857 -0.0379412 0.724177 0.0478449 -0.0073345 0.653556 -0.0073345
lFoot 537.25 -0.0144599 0.994213 0.106446 -0.587124 -0.633148 -0.199044 -0.633148
rFoot 537.25 0.118395 0.817804 0.563186 -0.97233 -0.0484985 0.0799812 -0.0484985
head 537.261 -0.0114577 -0.170943 0.985214 0.250756 0.11095 0.907115 0.11095
hip 537.261 -0.0550394 0.483293 0.873727 0.770159 0.138058 0.455787 0.138058
lHand 537.261 0.184955 -0.0951331 0.978132 0.92081 0.147895 -0.303146 0.147895
rHand 537.261 0.68864 -0.03699 0.724159 0.0476198 -0.00716208 0.653544 -0.00716208
lFoot 537.261 -0.0145635 0.994205 0.106509 -0.586272 -0.634084 -0.198819 -0.634084
rFoot 537.261 0.120112 0.818052 0.562463 -0.972271 -0.0495817 0.0801433 -0.0495817
head 537.272 -0.0117034 -0.170988 0.985204 0.250326 0.109397 0.907013 0.109397
hip 537.272 -0.0547727 0.483408 0.87368 0.770737 0.137393 0.4551 0.137393
lHand 537.272 0.182844 -0.099353 0.978109 0.922852 0.14421 -0.300616 0.14421
rHand 537.272 0.68869 -0.0363676 0.724143 0.0470275 -0.00737646 0.653306 -0.00737646
lFoot 537.272 -0.0145682 0.994187 0.106679 -0.585445 -0.634875 -0.198668 -0.634875
rFoot 537.272 0.119837 0.817746 0.562966 -0.97226 -0.050332 0.0802561 -0.050332
head 537.283 -0.0119389 -0.17095 0.985207 0.249812 0.108249 0.906925 0.108249
hip 537.283 -0.054368 0.483305 0.873762 0.771259 0.136679 0.454577 0.136679
lHand 537.283 0.181081 -0.102987 0.978061 0.924518 0.140224 -0.299946 0.140224
rHand 537.283 0.68916 -0.0351665 0.723756 0.0463114 -0.00758745 0.653096 -0.00758745
lFoot 537.283 -0.0145124 0.994182 0.106732 -0.584627 -0.635558 -0.198579 -0.635558
rFoot 537.283 0.120396 0.817507 0.563194 -0.972302 -0.0483687 0.0812918 -0.0483687
head 537.295 -0.012122 -0.170931 0.985209 0.249483 0.107502 0.906863 0.107502
hip 537.295 -0.054137 0.483269 0.873797 0.77094 0.13622 0.455807 0.13622
lHand 537.295 0.179659 -0.106808 0.977914 0.92612 0.135113 -0.300672 0.135113
rHand 537.295 0.689719 -0.0344882 0.723255 0.0457983 -0.00809276 0.652441 -0.00809276
lFoot 537.295 -0.0146575 0.994177 0.106756 -0.584099 -0.636006 -0.198515 -0.636006
rFoot 537.295 0.120805 0.817432 0.563216 -0.972323 -0.0470219 0.0823561 -0.0470219
head 537.306 -0.012416 -0.170928 0.985205 0.249278 0.106664 0.906954 0.106664
hip 537.306 -0.0540052 0.483406 0.873729 0.770615 0.135827 0.456954 0.135827
lHand 537.306 0.178132 -0.110288 0.977807 0.927861 0.12977 -0.300837 0.12977
rHand 537.306 0.690013 -0.0337362 0.72301 0.0449517 -0.00876824 0.651312 -0.00876824
lFoot 537.306 -0.0147024 0.994176 0.106762 -0.583552 -0.636498 -0.198556 -0.636498
rFoot 537.306 0.122843 0.817087 0.563275 -0.972365 -0.0450658 0.0830707 -0.0450658
head 537.317 -0.0125844 -0.171044 0.985183 0.249091 0.10555 0.907258 0.10555
hip 537.317 -0.0537147 0.48337 0.873767 0.770601 0.135189 0.457464 0.135189
lHand 537.317 0.17683 -0.113712 0.977651 0.929624 0.12393 -0.300882 0.12393
rHand 537.317 0.69008 -0.0330667 0.722977 0.0436171 -0.0087139 0.650859 -0.0087139
lFoot 537.317 -0.0147777 0.994177 0.106739 -0.582738 -0.637234 -0.19862 -0.637234
rFoot 537.317 0.123261 0.816825 0.563564 -0.972351 -0.045188 0.0834508 -0.045188
head 537.328 -0.0128843 -0.170904 0.985203 0.248915 0.10414 0.907425 0.10414
hip 537.328 -0.0534728 0.483404 0.873763 0.770478 0.134831 0.457706 0.134831
lHand 537.328 0.175436 -0.117259 0.977483 0.931535 0.118242 -0.299982 0.118242
rHand 537.328 0.689853 -0.0323902 0.723225 0.0426335 -0.00839042 0.650673 -0.00839042
lFoot 537.328 -0.0149196 0.994173 0.106764 -0.582242 -0.637726 -0.198614 -0.637726
rFoot 537.328 0.123655 0.817144 0.563015 -0.972327 -0.0463674 0.0833474 -0.0463674
head 537.339 -0.0131026 -0.170811 0.985217 0.248619 0.102731 0.90721 0.102731
hip 537.339 -0.0531601 0.483436 0.873764 0.770348 0.13442 0.457986 0.13442
lHand 537.339 0.174147 -0.12076 0.977287 0.933554 0.114112 -0.297606 0.114112
rHand 537.339 0.689668 -0.032044 0.723416 0.0413924 -0.0077186 0.650965 -0.0077186
lFoot 537.339 -0.014888 0.994166 0.106829 -0.582289 -0.637707 -0.198634 -0.637707
rFoot 537.339 0.124056 0.817237 0.562792 -0.972322 -0.0467402 0.0834597 -0.0467402
head 537.35 -0.0134829 -0.170331 0.985295 0.248542 0.101315 0.906622 0.101315
hip 537.35 -0.0530088 0.483556 0.873707 0.770677 0.134064 0.457463 0.134064
lHand 537.35 0.172865 -0.124361 0.977063 0.935153 0.110966 -0.295954 0.110966
rHand 537.35 0.68971 -0.0316221 0.723395 0.0403574 -0.00752289 0.650989 -0.00752289
lFoot 537.35 -0.0148101 0.994165 0.106852 -0.581873 -0.637981 -0.198683 -0.637981
rFoot 537.35 0.124983 0.817532 0.562157 -0.972392 -0.0462944 0.0833056 -0.0462944
head 537.362 -0.0139446 -0.169903 0.985362 0.248805 0.100161 0.906106 0.100161
hip 537.362 -0.0527673 0.483611 0.873691 0.771323 0.133575 0.456677 0.133575
lHand 537.362 0.172105 -0.128186 0.976703 0.935945 0.110107 -0.296007 0.110107
rHand 537.362 0.689745 -0.0312548 0.723378 0.0400961 -0.00735861 0.650885 -0.00735861
lFoot 537.362 -0.0149487 0.994157 0.106902 -0.581442 -0.638028 -0.198806 -0.638028
rFoot 537.362 0.124859 0.817551 0.562158 -0.972409 -0.0457112 0.0833336 -0.0457112
head 537.373 -0.0143639 -0.169651 0.9854 0.249526 0.0992301 0.905794 0.0992301
hip 537.373 -0.0526493 0.483922 0.873526 0.771789 0.132637 0.455805 0.132637
lHand 537.373 0.17138 -0.131767 0.976354 0.936562 0.109451 -0.29657 0.109451
rHand 537.373 0.689561 -0.0310868 0.72356 0.0409888 -0.00725552 0.650347 -0.00725552
lFoot 537.373 -0.0149398 0.994156 0.106912 -0.581118 -0.638339 -0.198628 -0.638339
rFoot 537.373 0.125381 0.817093 0.562707 -0.972416 -0.0452413 0.0835606 -0.0452413
head 537.384 -0.0147266 -0.169601 0.985403 0.250184 0.0982165 0.905684 0.0982165
hip 537.384 -0.0525552 0.484189 0.873384 0.771309 0.131722 0.456248 0.131722
lHand 537.384 0.170933 -0.135193 0.975964 0.937828 0.10632 -0.295968 0.10632
rHand 537.384 0.689475 -0.0313719 0.72363 0.0425709 -0.00705355 0.649759 -0.00705355
lFoot 537.384 -0.0149924 0.994157 0.106902 -0.580769 -0.638796 -0.198366 -0.638796
rFoot 537.384 0.125057 0.816657 0.563411 -0.972387 -0.0453803 0.0837919 -0.0453803
head 537.396 -0.014974 -0.169294 0.985452 0.250763 0.09742 0.905406 0.09742
hip 537.396 -0.0525165 0.484338 0.873303 0.770424 0.131306 0.4573 0.131306
lHand 537.396 0.170671 -0.13849 0.975547 0.939677 0.101835 -0.293587 0.101835
rHand 537.396 0.689392 -0.0309083 0.723729 0.0443079 -0.00668756 0.649383 -0.00668756
lFoot 537.396 -0.0149361 0.994157 0.106904 -0.580544 -0.638993 -0.198113 -0.638993
rFoot 537.396 0.125896 0.816261 0.563798 -0.97236 -0.04523 0.0838626 -0.04523
head 537.406 -0.015402 -0.1689 0.985513 0.251193 0.0965917 0.904827 0.0965917
hip 537.406 -0.0524128 0.484592 0.873169 0.770262 0.130872 0.457205 0.130872
lHand 537.406 0.170047 -0.141777 0.975184 0.941132 0.0985511 -0.291677 0.0985511
rHand 537.406 0.689334 -0.0306052 0.723797 0.0449138 -0.00694923 0.648928 -0.00694923
lFoot 537.406 -0.0149156 0.994147 0.106999 -0.579957 -0.639093 -0.198481 -0.639093
rFoot 537.406 0.126366 0.816206 0.563772 -0.972329 -0.0453223 0.0841499 -0.0453223
head 537.417 -0.0159277 -0.168295 0.985608 0.251604 0.0958066 0.90413 0.0958066
hip 537.417 -0.052266 0.48478 0.873073 0.770691 0.130403 0.456244 0.130403
lHand 537.417 0.169901 -0.145121 0.974717 0.941163 0.0979008 -0.292995 0.0979008
rHand 537.417 0.689333 -0.0300045 0.723823 0.0447909 -0.00755201 0.648558 -0.00755201
lFoot 537.417 -0.0149636 0.99414 0.107064 -0.57953 -0.639134 -0.198616 -0.639134
rFoot 537.417 0.126834 0.816072 0.563862 -0.972316 -0.0452067 0.0843205 -0.0452067
head 537.43 -0.0163706 -0.167801 0.985685 0.252337 0.0952653 0.903419 0.0952653
hip 537.43 -0.05223 0.484825 0.87305 0.77115 0.130184 0.455214 0.130184
lHand 537.43 0.169756 -0.1484 0.974249 0.941191 0.0965634 -0.29511 0.0965634
rHand 537.43 0.689326 -0.0299591 0.723832 0.0436881 -0.00862279 0.648222 -0.00862279
lFoot 537.43 -0.0149783 0.994139 0.107069 -0.579045 -0.639487 -0.19867 -0.639487
rFoot 537.43 0.128181 0.815882 0.563831 -0.972292 -0.0454873 0.0839768 -0.0454873
head 537.44 -0.0168907 -0.167358 0.985752 0.253135 0.094921 0.902834 0.094921
hip 537.44 -0.0522573 0.484829 0.873046 0.77121 0.129661 0.455266 0.129661
lHand 537.44 0.169865 -0.151504 0.973752 0.940556 0.0954685 -0.299414 0.0954685
rHand 537.44 0.689118 -0.029631 0.724043 0.0429577 -0.00884528 0.648055 -0.00884528
lFoot 537.44 -0.0149978 0.994137 0.107087 -0.578599 -0.639926 -0.198695 -0.639926
rFoot 537.44 0.129205 0.815746 0.563795 -0.972273 -0.045714 0.083488 -0.045714
head 537.451 -0.017414 -0.167023 0.985799 0.253991 0.0948609 0.902342 0.0948609
hip 537.451 -0.0523295 0.484839 0.873036 0.771154 0.129164 0.455614 0.129164
lHand 537.451 0.170247 -0.154368 0.973235 0.93996 0.0927015 -0.304313 0.0927015
rHand 537.451 0.688739 -0.0298785 0.724394 0.0431263 -0.00863288 0.647896 -0.00863288
lFoot 537.451 -0.0150237 0.994136 0.107091 -0.578318 -0.640174 -0.198606 -0.640174
rFoot 537.451 0.130533 0.815462 0.5639 -0.972233 -0.0465843 0.0829178 -0.0465843
head 537.462 -0.0178296 -0.166643 0.985856 0.254627 0.0949094 0.901825 0.0949094
hip 537.462 -0.0526361 0.484827 0.873025 0.770847 0.128542 0.456523 0.128542
lHand 537.462 0.170567 -0.157503 0.972677 0.940445 0.0898637 -0.305857 0.0898637
rHand 537.462 0.688317 -0.0299198 0.724793 0.043747 -0.00844431 0.647747 -0.00844431
lFoot 537.462 -0.0149557 0.994132 0.107135 -0.578737 -0.639965 -0.198295 -0.639965
rFoot 537.462 0.131726 0.815362 0.563767 -0.972222 -0.0469947 0.0828406 -0.0469947
head 537.474 -0.0183685 -0.166266 0.98591 0.254976 0.0951782 0.901264 0.0951782
hip 537.474 -0.0528194 0.484973 0.872933 0.770335 0.127976 0.457065 0.127976
lHand 537.474 0.170544 -0.160628 0.972169 0.941126 0.0882895 -0.306101 0.0882895
rHand 537.474 0.687482 -0.0302007 0.725574 0.0460054 -0.00802607 0.647257 -0.00802607
lFoot 537.474 -0.0148945 0.994124 0.10722 -0.578955 -0.639479 -0.198309 -0.639479
rFoot 537.474 0.132053 0.815409 0.563623 -0.972183 -0.0471845 0.0825076 -0.0471845
head 537.484 -0.0189224 -0.165827 0.985973 0.255213 0.0953513 0.900685 0.0953513
hip 537.484 -0.0528377 0.485027 0.872902 0.770584 0.127212 0.456074 0.127212
lHand 537.484 0.170584 -0.163839 0.971626 0.941275 0.087505 -0.30754 0.087505
rHand 537.484 0.68679 -0.0303683 0.726221 0.0474728 -0.00789973 0.646717 -0.00789973
lFoot 537.484 -0.0149444 0.994117 0.107275 -0.578934 -0.639274 -0.198464 -0.639274
rFoot 537.484 0.132368 0.815071 0.564038 -0.972206 -0.0472987 0.0820896 -0.0472987
head 537.496 -0.0193669 -0.165487 0.986022 0.255323 0.0956699 0.900107 0.0956699
hip 537.496 -0.0532326 0.484936 0.872928 0.770942 0.127329 0.455566 0.127329
lHand 537.496 0.170894 -0.167034 0.971028 0.94115 0.0871763 -0.309592 0.0871763
rHand 537.496 0.686301 -0.0304162 0.726682 0.0490679 -0.00795305 0.6464 -0.00795305
lFoot 537.496 -0.0149279 0.994117 0.107282 -0.57885 -0.639437 -0.198189 -0.639437
rFoot 537.496 0.132854 0.814594 0.564612 -0.972199 -0.0470239 0.0818516 -0.0470239
head 537.507 -0.0199256 -0.165146 0.986068 0.255643 0.0956829 0.899617 0.0956829
hip 537.507 -0.0538937 0.484921 0.872896 0.77065 0.127573 0.456634 0.127573
lHand 537.507 0.171051 -0.169998 0.970486 0.941123 0.0864878 -0.311165 0.0864878
rHand 537.507 0.685713 -0.0304428 0.727235 0.05 -0.00824562 0.646338 -0.00824562
lFoot 537.507 -0.0148931 0.994108 0.107364 -0.578847 -0.639381 -0.19827 -0.639381
rFoot 537.507 0.132735 0.814433 0.564873 -0.972171 -0.0471496 0.0819799 -0.0471496
head 537.518 -0.0204981 -0.164784 0.986117 0.256217 0.0955575 0.899346 0.0955575
hip 537.518 -0.0543238 0.4849 0.872881 0.770218 0.127462 0.457614 0.127462
lHand 537.518 0.171374 -0.172869 0.969921 0.940934 0.0852402 -0.313326 0.0852402
rHand 537.518 0.685156 -0.0305513 0.727756 0.0503204 -0.00846171 0.646252 -0.00846171
lFoot 537.518 -0.0148748 0.994108 0.107365 -0.578669 -0.639376 -0.198431 -0.639376
rFoot 537.518 0.132816 0.81451 0.564742 -0.972175 -0.0472426 0.0819127 -0.0472426
head 537.53 -0.0211516 -0.164608 0.986132 0.256501 0.0954034 0.899279 0.0954034
hip 537.53 -0.0545676 0.48495 0.872838 0.769644 0.126985 0.458178 0.126985
lHand 537.53 0.17174 -0.175568 0.969372 0.940114 0.0832979 -0.317619 0.0832979
rHand 537.53 0.684372 -0.0308252 0.728481 0.0492059 -0.00863079 0.646589 -0.00863079
lFoot 537.53 -0.0148782 0.994109 0.107362 -0.57858 -0.639409 -0.198539 -0.639409
rFoot 537.53 0.132361 0.814517 0.564839 -0.97216 -0.046833 0.0815615 -0.046833
head 537.54 -0.0217185 -0.164389 0.986156 0.256499 0.0956533 0.899067 0.0956533
hip 537.54 -0.0549055 0.485061 0.872755 0.770079 0.126529 0.457008 0.126529
lHand 537.54 0.172128 -0.178337 0.968797 0.939013 0.0825425 -0.322147 0.0825425
rHand 537.54 0.683697 -0.0309513 0.729109 0.047343 -0.00840813 0.646947 -0.00840813
lFoot 537.54 -0.0148671 0.994104 0.107406 -0.57851 -0.63957 -0.198595 -0.63957
rFoot 537.54 0.132036 0.814378 0.565116 -0.972169 -0.0471541 0.0811915 -0.0471541
head 537.551 -0.0222218 -0.164199 0.986177 0.255999 0.096005 0.898899 0.096005
hip 537.551 -0.0553087 0.48493 0.872802 0.770619 0.126169 0.45637 0.126169
lHand 537.551 0.172483 -0.181044 0.968232 0.93814 0.0829403 -0.325483 0.0829403
rHand 537.551 0.683497 -0.0309465 0.729297 0.0451038 -0.00793646 0.647149 -0.00793646
lFoot 537.551 -0.0149053 0.994112 0.10733 -0.578541 -0.639737 -0.198648 -0.639737
rFoot 537.551 0.13125 0.814744 0.564771 -0.972189 -0.0473592 0.0809886 -0.0473592
head 537.563 -0.0228562 -0.164006 0.986194 0.255677 0.0961904 0.898634 0.0961904
hip 537.563 -0.05585 0.484896 0.872787 0.770268 0.126186 0.457163 0.126186
lHand 537.563 0.17267 -0.184038 0.967634 0.937621 0.0843852 -0.327569 0.0843852
rHand 537.563 0.683574 -0.0309471 0.729225 0.0416528 -0.00765421 0.647972 -0.00765421
lFoot 537.563 -0.0149677 0.99412 0.107248 -0.578685 -0.639516 -0.199002 -0.639516
rFoot 537.563 0.129931 0.815287 0.564291 -0.972207 -0.0473208 0.0807778 -0.0473208
head 537.574 -0.0234009 -0.163984 0.986185 0.255418 0.0960353 0.898467 0.0960353
hip 537.574 -0.0564886 0.484939 0.872721 0.769772 0.125975 0.458271 0.125975
lHand 537.574 0.172857 -0.186972 0.967038 0.936585 0.0861383 -0.331134 0.0861383
rHand 537.574 0.683704 -0.0313086 0.729088 0.0375695 -0.00779874 0.649401 -0.00779874
lFoot 537.574 -0.0149874 0.994123 0.107217 -0.578852 -0.639395 -0.199405 -0.639395
rFoot 537.574 0.128857 0.815357 0.564437 -0.972288 -0.0469522 0.0798889 -0.0469522
head 537.585 -0.0240113 -0.163991 0.98617 0.255567 0.0955773 0.898485 0.0955773
hip 537.585 -0.0567775 0.484823 0.872767 0.769361 0.125419 0.45892 0.125419
lHand 537.585 0.173215 -0.189864 0.96641 0.935397 0.0876509 -0.335095 0.0876509
rHand 537.585 0.683732 -0.0314476 0.729055 0.0352852 -0.00756765 0.650384 -0.00756765
lFoot 537.585 -0.0150779 0.994133 0.107107 -0.579176 -0.639291 -0.199612 -0.639291
rFoot 537.585 0.12799 0.815534 0.564378 -0.972327 -0.0468985 0.0792713 -0.0468985
head 537.596 -0.0245754 -0.164005 0.986153 0.255652 0.0951194 0.898619 0.0951194
hip 537.596 -0.0570288 0.484847 0.872738 0.769277 0.124933 0.458582 0.124933
lHand 537.596 0.173297 -0.192705 0.965833 0.934624 0.0893816 -0.337787 0.0893816
rHand 537.596 0.683447 -0.031215 0.729332 0.0352047 -0.00677095 0.651201 -0.00677095
lFoot 537.596 -0.0151516 0.994139 0.107038 -0.579508 -0.639339 -0.199609 -0.639339
rFoot 537.596 0.126786 0.815632 0.564508 -0.972402 -0.0470843 0.0789048 -0.0470843
head 537.607 -0.0251925 -0.164016 0.986136 0.255622 0.0946324 0.898755 0.0946324
hip 537.607 -0.0574368 0.484816 0.872728 0.769869 0.124722 0.457326 0.124722
lHand 537.607 0.173016 -0.195504 0.96532 0.935106 0.0907821 -0.336942 0.0907821
rHand 537.607 0.682958 -0.0310044 0.729799 0.0372038 -0.00583978 0.651296 -0.00583978
lFoot 537.607 -0.0152436 0.994146 0.10696 -0.579459 -0.639548 -0.19995 -0.639548
rFoot 537.607 0.126303 0.815518 0.564782 -0.972389 -0.0471251 0.0786853 -0.0471251
head 537.618 -0.0258378 -0.163886 0.986141 0.255444 0.0941674 0.898825 0.0941674
hip 537.618 -0.057996 0.484622 0.872799 0.770351 0.124761 0.456796 0.124761
lHand 537.618 0.172709 -0.198278 0.96481 0.935755 0.0919506 -0.335578 0.0919506
rHand 537.618 0.68236 -0.0307644 0.730368 0.0392932 -0.00537005 0.651113 -0.00537005
lFoot 537.618 -0.0153221 0.994149 0.106928 -0.579578 -0.639558 -0.20015 -0.639558
rFoot 537.618 0.124073 0.815736 0.56496 -0.972401 -0.047974 0.078325 -0.047974
head 537.63 -0.0263154 -0.16379 0.986144 0.25517 0.0939969 0.898768 0.0939969
hip 537.63 -0.0586717 0.484545 0.872796 0.770351 0.124903 0.457066 0.124903
lHand 537.63 0.171966 -0.201269 0.964323 0.937359 0.0939444 -0.331176 0.0939444
rHand 537.63 0.682317 -0.0300028 0.730441 0.0441997 -0.00564555 0.649634 -0.00564555
lFoot 537.63 -0.0152658 0.994151 0.106915 -0.580275 -0.639003 -0.200018 -0.639003
rFoot 537.63 0.12265 0.816018 0.564864 -0.972433 -0.0480929 0.0778914 -0.0480929
head 537.641 -0.0269453 -0.163802 0.986125 0.255041 0.0937686 0.898625 0.0937686
hip 537.641 -0.0595319 0.484658 0.872676 0.769768 0.124806 0.458396 0.124806
lHand 537.641 0.17147 -0.204241 0.963786 0.937775 0.0960921 -0.330059 0.0960921
rHand 537.641 0.682272 -0.0295782 0.7305 0.0467325 -0.00648276 0.648486 -0.00648276
lFoot 537.641 -0.0151494 0.994146 0.106979 -0.581201 -0.638363 -0.19978 -0.638363
rFoot 537.641 0.121384 0.816342 0.56467 -0.972521 -0.0477691 0.0771092 -0.0477691
head 537.652 -0.0276499 -0.163784 0.986109 0.255023 0.0938932 0.898527 0.0938932
hip 537.652 -0.0601626 0.484537 0.872699 0.768948 0.124564 0.45977 0.124564
lHand 537.652 0.170848 -0.20691 0.963327 0.937523 0.0979308 -0.330952 0.0979308
rHand 537.652 0.682464 -0.0292335 0.730334 0.048539 -0.00887156 0.646601 -0.00887156
lFoot 537.652 -0.0151553 0.994145 0.106983 -0.581588 -0.638062 -0.199817 -0.638062
rFoot 537.652 0.119953 0.816966 0.564073 -0.972598 -0.047845 0.0763331 -0.047845
head 537.663 -0.0283849 -0.163936 0.986063 0.25502 0.0939462 0.898598 0.0939462
hip 537.663 -0.0606565 0.484554 0.872656 0.768586 0.123932 0.460432 0.123932
lHand 537.663 0.170388 -0.209448 0.96286 0.93716 0.0982858 -0.332531 0.0982858
rHand 537.663 0.682451 -0.0289319 0.730359 0.0491152 -0.0109778 0.645259 -0.0109778
lFoot 537.663 -0.0152114 0.994169 0.106758 -0.581949 -0.637938 -0.200332 -0.637938
rFoot 537.663 0.118784 0.817621 0.563371 -0.972684 -0.0478915 0.0756438 -0.0478915
head 537.674 -0.029132 -0.163958 0.986037 0.254927 0.0936324 0.898744 0.0936324
hip 537.674 -0.0612946 0.484592 0.87259 0.769066 0.123556 0.459984 0.123556
lHand 537.674 0.169665 -0.211158 0.962614 0.93716 0.0952808 -0.333891 0.0952808
rHand 537.674 0.682516 -0.0276606 0.730347 0.0473418 -0.012756 0.644533 -0.012756
lFoot 537.674 -0.0147458 0.994227 0.106275 -0.587789 -0.634306 -0.199193 -0.634306
rFoot 537.674 0.118376 0.819453 0.560789 -0.972847 -0.048487 0.0740321 -0.048487
head 537.685 -0.0298391 -0.163997 0.986009 0.254822 0.0931328 0.898865 0.0931328
hip 537.685 -0.062082 0.484699 0.872475 0.769651 0.123605 0.459669 0.123605
lHand 537.685 0.168963 -0.213366 0.962251 0.937426 0.0939968 -0.333852 0.0939968
rHand 537.685 0.682162 -0.0271847 0.730695 0.0473703 -0.013328 0.644092 -0.013328
lFoot 537.685 -0.0140769 0.994247 0.106179 -0.594114 -0.629528 -0.198036 -0.629528
rFoot 537.685 0.118449 0.819576 0.560593 -0.973092 -0.0506157 0.0703116 -0.0506157
head 537.697 -0.0303392 -0.163943 0.986003 0.254554 0.0924717 0.898991 0.0924717
hip 537.697 -0.0628939 0.484688 0.872423 0.769969 0.123635 0.459781 0.123635
lHand 537.697 0.168346 -0.215268 0.961935 0.937662 0.0918842 -0.333997 0.0918842
rHand 537.697 0.681938 -0.0266624 0.730924 0.0476449 -0.0129801 0.643831 -0.0129801
lFoot 537.697 -0.0134959 0.994244 0.106287 -0.599229 -0.624565 -0.197803 -0.624565
rFoot 537.697 0.113801 0.819546 0.561599 -0.973114 -0.0549499 0.0653725 -0.0549499
head 537.708 -0.0309559 -0.163922 0.985987 0.254239 0.0915895 0.899126 0.0915895
hip 537.708 -0.0635109 0.484431 0.872521 0.769209 0.123736 0.461219 0.123736
lHand 537.708 0.167521 -0.217044 0.96168 0.937389 0.0905928 -0.335305 0.0905928
rHand 537.708 0.681505 -0.0263471 0.731339 0.0486168 -0.0125639 0.64322 -0.0125639
lFoot 537.708 -0.0131185 0.994229 0.106475 -0.601168 -0.622068 -0.198742 -0.622068
rFoot 537.708 0.108783 0.820454 0.561268 -0.973271 -0.0574668 0.0656368 -0.0574668
head 537.719 -0.0316537 -0.163976 0.985956 0.254137 0.0910563 0.899203 0.0910563
hip 537.719 -0.0641184 0.484636 0.872363 0.768392 0.123186 0.462598 0.123186
lHand 537.719 0.166523 -0.219025 0.961404 0.937144 0.0905321 -0.336193 0.0905321
rHand 537.719 0.681114 -0.0262598 0.731706 0.0498665 -0.0124334 0.642358 -0.0124334
lFoot 537.719 -0.0133563 0.99423 0.106436 -0.599071 -0.623278 -0.198803 -0.623278
rFoot 537.719 0.108577 0.820999 0.56051 -0.973346 -0.0548182 0.0661724 -0.0548182
head 537.731 -0.0323862 -0.16395 0.985937 0.254378 0.0906481 0.899225 0.0906481
hip 537.731 -0.0645271 0.484827 0.872227 0.768138 0.122547 0.462736 0.122547
lHand 537.731 0.165668 -0.220878 0.961128 0.93703 0.0908913 -0.336551 0.0908913
rHand 537.731 0.680372 -0.0260441 0.732404 0.0515131 -0.0115405 0.641398 -0.0115405
lFoot 537.731 -0.0136281 0.994262 0.1061 -0.597708 -0.625448 -0.198544 -0.625448
rFoot 537.731 0.111878 0.820652 0.56037 -0.973458 -0.0496837 0.0663636 -0.0496837
head 537.741 -0.0330538 -0.164024 0.985902 0.254522 0.0900771 0.899305 0.0900771
hip 537.741 -0.0652195 0.485003 0.872077 0.768162 0.122175 0.462655 0.122175
lHand 537.741 0.164485 -0.222608 0.960932 0.937939 0.0906866 -0.334187 0.0906866
rHand 537.741 0.679541 -0.0261542 0.733171 0.0519536 -0.0109287 0.641045 -0.0109287
lFoot 537.741 -0.0135177 0.994258 0.106153 -0.598707 -0.624994 -0.19818 -0.624994
rFoot 537.741 0.110675 0.820535 0.560779 -0.973589 -0.0513918 0.0654329 -0.0513918
head 537.752 -0.033784 -0.163952 0.98589 0.254645 0.0894423 0.899316 0.0894423
hip 537.752 -0.0656195 0.484847 0.872134 0.769098 0.12224 0.461367 0.12224
lHand 537.752 0.163285 -0.224102 0.960789 0.939278 0.0900349 -0.330715 0.0900349
rHand 537.752 0.678384 -0.0259322 0.73425 0.0519576 -0.00962177 0.641346 -0.00962177
lFoot 537.752 -0.0132841 0.994267 0.106101 -0.60065 -0.622751 -0.198533 -0.622751
rFoot 537.752 0.105995 0.821713 0.559957 -0.973645 -0.0542806 0.0649468 -0.0542806
head 537.763 -0.0344066 -0.163773 0.985898 0.254658 0.0887832 0.899271 0.0887832
hip 537.763 -0.0663001 0.484976 0.872011 0.769557 0.122433 0.460907 0.122433
lHand 537.763 0.162512 -0.225544 0.960583 0.939585 0.0886172 -0.330408 0.0886172
rHand 537.763 0.677555 -0.0256467 0.735025 0.0516209 -0.00859932 0.641849 -0.00859932
lFoot 537.763 -0.0132694 0.994277 0.106007 -0.601356 -0.621621 -0.199034 -0.621621
rFoot 537.763 0.105325 0.822192 0.559381 -0.973705 -0.0530851 0.0646757 -0.0530851
head 537.775 -0.0351596 -0.163554 0.985908 0.254399 0.0878867 0.899352 0.0878867
hip 537.775 -0.0670069 0.485182 0.871842 0.769049 0.122447 0.46189 0.122447
lHand 537.775 0.161544 -0.226534 0.960513 0.939248 0.0870624 -0.33191 0.0870624
rHand 537.775 0.676785 -0.0252731 0.735747 0.0497529 -0.00751709 0.642943 -0.00751709
lFoot 537.775 -0.0134338 0.994296 0.105802 -0.601116 -0.621988 -0.199409 -0.621988
rFoot 537.775 0.106393 0.821812 0.559737 -0.973746 -0.0513342 0.0637624 -0.0513342
head 537.786 -0.0358679 -0.163469 0.985896 0.254305 0.0870714 0.899516 0.0870714
hip 537.786 -0.0675796 0.485301 0.871731 0.768123 0.12215 0.463222 0.12215
lHand 537.786 0.160517 -0.227734 0.960402 0.938975 0.0870408 -0.332746 0.0870408
rHand 537.786 0.676418 -0.0250864 0.73609 0.047865 -0.00705901 0.64349 -0.00705901
lFoot 537.786 -0.0135052 0.994323 0.105544 -0.601389 -0.622069 -0.199523 -0.622069
rFoot 537.786 0.105919 0.822078 0.559436 -0.97383 -0.0515353 0.0634727 -0.0515353
head 537.797 -0.0365464 -0.16335 0.985891 0.254162 0.0865265 0.899623 0.0865265
hip 537.797 -0.0680823 0.485487 0.871589 0.767745 0.121719 0.463661 0.121719
lHand 537.797 0.159625 -0.228735 0.960312 0.938872 0.0871112 -0.333039 0.0871112
rHand 537.797 0.676104 -0.0247623 0.73639 0.0438305 -0.00667246 0.64486 -0.00667246
lFoot 537.797 -0.0134988 0.99434 0.105387 -0.602179 -0.621457 -0.199854 -0.621457
rFoot 537.797 0.102741 0.823044 0.558608 -0.973886 -0.0532798 0.0639051 -0.0532798
head 537.809 -0.0372875 -0.163296 0.985872 0.253881 0.0859509 0.899757 0.0859509
hip 537.809 -0.0686935 0.485766 0.871385 0.767475 0.121294 0.463909 0.121294
lHand 537.809 0.158575 -0.229613 0.960277 0.938995 0.0864166 -0.332882 0.0864166
rHand 537.809 0.675202 -0.0249679 0.73721 0.0418479 -0.00551152 0.645733 -0.00551152
lFoot 537.809 -0.0134725 0.994344 0.105353 -0.603116 -0.62044 -0.200136 -0.62044
rFoot 537.809 0.101067 0.823324 0.5585 -0.973929 -0.0527565 0.063921 -0.0527565
head 537.819 -0.0380403 -0.163141 0.985869 0.25339 0.0851883 0.899939 0.0851883
hip 537.819 -0.0691372 0.485862 0.871297 0.767672 0.121152 0.463498 0.121152
lHand 537.819 0.157508 -0.230215 0.960308 0.939259 0.0852633 -0.332425 0.0852633
rHand 537.819 0.674473 -0.0244283 0.737896 0.0402286 -0.00469019 0.646425 -0.00469019
lFoot 537.819 -0.0135582 0.994346 0.105321 -0.603367 -0.620183 -0.20035 -0.620183
rFoot 537.819 0.100292 0.823321 0.558646 -0.97398 -0.0519758 0.0633346 -0.0519758
head 537.831 -0.0389937 -0.163052 0.985847 0.253045 0.0848131 0.900063 0.0848131
hip 537.831 -0.0696752 0.485899 0.871233 0.76817 0.121303 0.462602 0.121303
lHand 537.831 0.15649 -0.230916 0.960307 0.939525 0.0840812 -0.331969 0.0840812
rHand 537.831 0.67384 -0.0241275 0.738484 0.0397744 -0.00390766 0.646456 -0.00390766
lFoot 537.831 -0.0135615 0.994349 0.10529 -0.603233 -0.620433 -0.20024 -0.620433
rFoot 537.831 0.0999911 0.823072 0.559066 -0.974008 -0.0518919 0.0628546 -0.0518919
head 537.842 -0.0397046 -0.163029 0.985822 0.252518 0.0843863 0.900189 0.0843863
hip 537.842 -0.0703637 0.485947 0.871151 0.767707 0.121316 0.463165 0.121316
lHand 537.842 0.155504 -0.231592 0.960304 0.939988 0.082776 -0.330981 0.082776
rHand 537.842 0.673292 -0.0241527 0.738982 0.0396682 -0.00318868 0.645728 -0.00318868
lFoot 537.842 -0.0135369 0.994349 0.105298 -0.603372 -0.620337 -0.200285 -0.620337
rFoot 537.842 0.100372 0.822797 0.559402 -0.974048 -0.0520086 0.0633722 -0.0520086
head 537.853 -0.0404569 -0.163 0.985796 0.251745 0.0843413 0.900247 0.0843413
hip 537.853 -0.0710222 0.485992 0.871073 0.767155 0.121413 0.464145 0.121413
lHand 537.853 0.154591 -0.232095 0.96033 0.940272 0.0818896 -0.33041 0.0818896
rHand 537.853 0.673165 -0.0244057 0.73909 0.0399 -0.00300776 0.644589 -0.00300776
lFoot 537.853 -0.0134487 0.994371 0.1051 -0.603399 -0.620199 -0.200338 -0.620199
rFoot 537.853 0.10185 0.822916 0.55896 -0.974005 -0.0518284 0.0640842 -0.0518284
head 537.864 -0.0412033 -0.162846 0.985791 0.250834 0.0844308 0.900211 0.0844308
hip 537.864 -0.0715587 0.486031 0.871007 0.767062 0.121304 0.464319 0.121304
lHand 537.864 0.153732 -0.232764 0.960306 0.940386 0.0810207 -0.330317 0.0810207
rHand 537.864 0.672924 -0.0240332 0.739321 0.0406717 -0.00257168 0.643454 -0.00257168
lFoot 537.864 -0.0133765 0.994369 0.105125 -0.603241 -0.620293 -0.200284 -0.620293
rFoot 537.864 0.102152 0.822694 0.559232 -0.97401 -0.0513637 0.0639184 -0.0513637
head 537.875 -0.0420487 -0.16273 0.985774 0.249949 0.0847077 0.90019 0.0847077
hip 537.875 -0.0722302 0.486447 0.870719 0.766964 0.121148 0.4643 0.121148
lHand 537.875 0.152738 -0.233349 0.960322 0.940426 0.0806421 -0.330271 0.0806421
rHand 537.875 0.673054 -0.0230864 0.739233 0.0412889 -0.00213884 0.642536 -0.00213884
lFoot 537.875 -0.0134455 0.994385 0.104962 -0.602973 -0.620666 -0.200094 -0.620666
rFoot 537.875 0.101315 0.823771 0.557797 -0.974023 -0.0514484 0.0637222 -0.0514484
head 537.887 -0.0428728 -0.162605 0.985759 0.249283 0.0847896 0.900276 0.0847896
hip 537.887 -0.0727947 0.486519 0.870632 0.766791 0.120917 0.464503 0.120917
lHand 537.887 0.151896 -0.23391 0.96032 0.94037 0.080017 -0.330514 0.080017
rHand 537.887 0.672718 -0.0225719 0.739554 0.0414911 -0.00223517 0.641948 -0.00223517
lFoot 537.887 -0.0136338 0.994367 0.105109 -0.602686 -0.620927 -0.200322 -0.620927
rFoot 537.887 0.100533 0.823877 0.557782 -0.974063 -0.0515222 0.0638067 -0.0515222
head 537.898 -0.0435565 -0.162554 0.985738 0.248852 0.0846774 0.90047 0.0846774
hip 537.898 -0.0734254 0.486567 0.870552 0.76632 0.12083 0.465619 0.12083
lHand 537.898 0.151443 -0.234253 0.960308 0.939807 0.0774491 -0.332562 0.0774491
rHand 537.898 0.672397 -0.0223378 0.739854 0.0412776 -0.00272531 0.641796 -0.00272531
lFoot 537.898 -0.0137692 0.99437 0.105068 -0.601509 -0.621934 -0.200929 -0.621934
rFoot 537.898 0.101864 0.823786 0.557674 -0.974034 -0.0514105 0.0636959 -0.0514105
head 537.909 -0.0442766 -0.162579 0.985702 0.248316 0.0842755 0.900797 0.0842755
hip 537.909 -0.074031 0.486688 0.870433 0.765695 0.120756 0.466848 0.120756
lHand 537.909 0.150743 -0.234465 0.960366 0.939491 0.0745195 -0.33396 0.0745195
rHand 537.909 0.671965 -0.0218475 0.740261 0.040776 -0.00238982 0.641828 -0.00238982
lFoot 537.909 -0.0137956 0.994351 0.105245 -0.601129 -0.622319 -0.201269 -0.622319
rFoot 537.909 0.101941 0.823203 0.55852 -0.97401 -0.0521044 0.0631573 -0.0521044
head 537.92 -0.0450123 -0.162418 0.985695 0.247666 0.0840835 0.901025 0.0840835
hip 537.92 -0.0743882 0.486553 0.870479 0.765674 0.120174 0.466832 0.120174
lHand 537.92 0.150326 -0.234418 0.960443 0.938697 0.0710484 -0.336763 0.0710484
rHand 537.92 0.67112 -0.0220499 0.741021 0.039815 -0.00189281 0.642199 -0.00189281
lFoot 537.92 -0.0138152 0.994348 0.105265 -0.601825 -0.622017 -0.201251 -0.622017
rFoot 537.92 0.100101 0.823425 0.558526 -0.97409 -0.0521529 0.0629735 -0.0521529
head 537.931 -0.0456685 -0.162231 0.985696 0.246859 0.0842882 0.900987 0.0842882
hip 537.931 -0.0748623 0.486746 0.87033 0.765168 0.119724 0.467561 0.119724
lHand 537.931 0.149919 -0.234135 0.960575 0.938038 0.0681133 -0.339083 0.0681133
rHand 537.931 0.670948 -0.0218993 0.741181 0.0389945 -0.00158661 0.642225 -0.00158661
lFoot 537.931 -0.0136354 0.994349 0.105283 -0.60353 -0.620267 -0.201135 -0.620267
rFoot 537.931 0.100195 0.823332 0.558646 -0.974118 -0.05134 0.0624756 -0.05134
head 537.942 -0.0463375 -0.162082 0.985689 0.246035 0.0847774 0.900819 0.0847774
hip 537.942 -0.0751672 0.486946 0.870192 0.764504 0.119496 0.46847 0.119496
lHand 537.942 0.149266 -0.233676 0.960789 0.937845 0.0664153 -0.339957 0.0664153
rHand 537.942 0.670879 -0.0220814 0.741238 0.038533 -0.00188074 0.641749 -0.00188074
lFoot 537.942 -0.013593 0.994339 0.105377 -0.603867 -0.619917 -0.20117 -0.619917
rFoot 537.942 0.100575 0.823249 0.5587 -0.974187 -0.050715 0.0620964 -0.050715
head 537.953 -0.0471276 -0.161878 0.985685 0.245803 0.0848027 0.900878 0.0848027
hip 537.953 -0.0755576 0.486964 0.870148 0.764346 0.119383 0.468706 0.119383
lHand 537.953 0.148265 -0.233059 0.961094 0.93864 0.0668509 -0.337826 0.0668509
rHand 537.953 0.670923 -0.0224288 0.741188 0.03919 -0.00259449 0.640291 -0.00259449
lFoot 537.953 -0.0136282 0.994343 0.105335 -0.603439 -0.620596 -0.200915 -0.620596
rFoot 537.953 0.100541 0.823063 0.558981 -0.974145 -0.0507677 0.0622859 -0.0507677
head 537.965 -0.0479213 -0.16187 0.985648 0.245482 0.084623 0.901186 0.084623
hip 537.965 -0.0758468 0.487166 0.87001 0.764275 0.11919 0.468277 0.11919
lHand 537.965 0.147244 -0.232752 0.961325 0.93972 0.0678769 -0.334768 0.0678769
rHand 537.965 0.670793 -0.0231427 0.741283 0.0402476 -0.00285139 0.638267 -0.00285139
lFoot 537.965 -0.0135684 0.994336 0.105411 -0.60369 -0.620264 -0.200941 -0.620264
rFoot 537.965 0.0999019 0.823331 0.5587 -0.974092 -0.0516556 0.0624899 -0.0516556
head 537.976 -0.0485649 -0.16193 0.985606 0.245279 0.0841679 0.901518 0.0841679
hip 537.976 -0.0763823 0.487448 0.869805 0.764611 0.11897 0.467402 0.11897
lHand 537.976 0.146155 -0.23248 0.961557 0.941311 0.070615 -0.329922 0.070615
rHand 537.976 0.670266 -0.0242032 0.741727 0.0417399 -0.00198925 0.637062 -0.00198925
lFoot 537.976 -0.0135458 0.994337 0.105408 -0.604091 -0.619706 -0.201166 -0.619706
rFoot 537.976 0.0991258 0.823412 0.55872 -0.974098 -0.0517934 0.0621618 -0.0517934
head 537.987 -0.0492442 -0.161864 0.985584 0.244823 0.083903 0.901706 0.083903
hip 537.987 -0.0768033 0.487467 0.869757 0.764713 0.118985 0.466999 0.118985
lHand 537.987 0.145396 -0.231809 0.961834 0.941978 0.0720657 -0.327796 0.0720657
rHand 537.987 0.670231 -0.0253046 0.741721 0.0430577 -0.00120363 0.636616 -0.00120363
lFoot 537.987 -0.0135066 0.994346 0.105324 -0.604379 -0.619154 -0.201594 -0.619154
rFoot 537.987 0.099151 0.823469 0.558631 -0.974118 -0.051433 0.0615985 -0.051433
head 537.998 -0.0501078 -0.161638 0.985577 0.244324 0.0840486 0.901596 0.0840486
hip 537.998 -0.0773458 0.487598 0.869636 0.764766 0.11893 0.466978 0.11893
lHand 537.998 0.144928 -0.231399 0.962003 0.941708 0.0735805 -0.328274 0.0735805
rHand 537.998 0.669748 -0.0265554 0.742114 0.04345 0.000182457 0.637768 0.000182457
lFoot 537.998 -0.0135997 0.99436 0.105178 -0.603974 -0.619397 -0.202006 -0.619397
rFoot 537.998 0.0987503 0.82359 0.558523 -0.974172 -0.0510563 0.0612117 -0.0510563
head 538.009 -0.0508859 -0.161556 0.985551 0.243747 0.0845341 0.901334 0.0845341
hip 538.009 -0.0779126 0.487882 0.869426 0.764202 0.118635 0.467736 0.118635
lHand 538.009 0.144448 -0.230956 0.962182 0.941334 0.0738902 -0.329284 0.0738902
rHand 538.009 0.669214 -0.0273359 0.742567 0.0434362 0.00114093 0.63883 0.00114093
lFoot 538.009 -0.0136088 0.994369 0.105097 -0.603999 -0.619393 -0.202121 -0.619393
rFoot 538.009 0.0990133 0.82352 0.558579 -0.97418 -0.0508612 0.0610843 -0.0508612
head 538.021 -0.0517842 -0.161442 0.985523 0.243708 0.0852392 0.900926 0.0852392
hip 538.021 -0.0784429 0.488021 0.8693 0.763021 0.118529 0.469592 0.118529
lHand 538.021 0.144407 -0.230282 0.96235 0.940102 0.0728466 -0.333008 0.0728466
rHand 538.021 0.668383 -0.0289158 0.743255 0.0422464 0.00196903 0.641275 0.00196903
lFoot 538.021 -0.0136004 0.994372 0.105066 -0.6042 -0.618973 -0.202284 -0.618973
rFoot 538.021 0.0982984 0.824172 0.557744 -0.974221 -0.0515375 0.0605635 -0.0515375
head 538.032 -0.0525766 -0.161256 0.985511 0.243877 0.0858647 0.900564 0.0858647
hip 538.032 -0.0786544 0.488159 0.869203 0.762828 0.11815 0.469772 0.11815
lHand 538.032 0.144303 -0.229606 0.962527 0.939149 0.0708227 -0.336089 0.0708227
rHand 538.032 0.667201 -0.0300328 0.744272 0.040591 0.0033738 0.644087 0.0033738
lFoot 538.032 -0.0134694 0.994378 0.10503 -0.605326 -0.617799 -0.202443 -0.617799
rFoot 538.032 0.0948524 0.825151 0.556892 -0.974267 -0.0525825 0.059811 -0.0525825
head 538.043 -0.0534776 -0.161122 0.985485 0.244029 0.0861254 0.900353 0.0861254
hip 538.043 -0.0789044 0.488338 0.86908 0.76336 0.117769 0.468803 0.117769
lHand 538.043 0.143867 -0.228849 0.962772 0.939229 0.0689794 -0.336225 0.0689794
rHand 538.043 0.665978 -0.0312516 0.745316 0.0395485 0.00475387 0.646607 0.00475387
lFoot 538.043 -0.013362 0.994381 0.105013 -0.606334 -0.6167 -0.202431 -0.6167
rFoot 538.043 0.0914977 0.825846 0.556423 -0.97427 -0.0521124 0.0595382 -0.0521124
head 538.054 -0.0543252 -0.160895 0.985475 0.243717 0.0860941 0.900245 0.0860941
hip 538.054 -0.0791838 0.488456 0.868988 0.763734 0.117741 0.467851 0.117741
lHand 538.054 0.143319 -0.228517 0.962933 0.939753 0.067707 -0.335018 0.067707
rHand 538.054 0.664695 -0.0325753 0.746405 0.0392307 0.00588486 0.648797 0.00588486
lFoot 538.054 -0.0131868 0.994389 0.104956 -0.607238 -0.615791 -0.201965 -0.615791
rFoot 538.054 0.0913859 0.824883 0.557868 -0.974333 -0.0486571 0.058547 -0.0486571
head 538.065 -0.0552126 -0.160629 0.985469 0.243153 0.0860309 0.900006 0.0860309
hip 538.065 -0.0796498 0.488538 0.8689 0.763262 0.117997 0.468625 0.117997
lHand 538.065 0.142415 -0.227817 0.963233 0.941142 0.0670621 -0.331253 0.0670621
rHand 538.065 0.664068 -0.033652 0.746915 0.0401898 0.00597597 0.649487 0.00597597
lFoot 538.065 -0.0130162 0.994395 0.104927 -0.608047 -0.614964 -0.201663 -0.614964
rFoot 538.065 0.0903105 0.82466 0.558372 -0.974317 -0.0481837 0.0583144 -0.0481837
head 538.076 -0.0560829 -0.160234 0.985485 0.242491 0.0859525 0.899621 0.0859525
hip 538.076 -0.0802204 0.488654 0.868782 0.76243 0.118553 0.470181 0.118553
lHand 538.076 0.141582 -0.227262 0.963487 0.942063 0.0678058 -0.328493 0.0678058
rHand 538.076 0.663774 -0.0347994 0.747123 0.0410847 0.00536742 0.649158 0.00536742
lFoot 538.076 -0.0127976 0.994395 0.104951 -0.609118 -0.613637 -0.201527 -0.613637
rFoot 538.076 0.089233 0.825223 0.557713 -0.974287 -0.0492548 0.0588643 -0.0492548
head 538.088 -0.0569579 -0.159923 0.985485 0.242078 0.085848 0.899324 0.085848
hip 538.088 -0.0805412 0.488809 0.868665 0.761879 0.118591 0.470869 0.118591
lHand 538.088 0.141075 -0.226716 0.96369 0.942253 0.0683446 -0.327838 0.0683446
rHand 538.088 0.663698 -0.0360215 0.747132 0.0404197 0.00476735 0.648931 0.00476735
lFoot 538.088 -0.0127526 0.994401 0.104902 -0.609845 -0.612606 -0.201661 -0.612606
rFoot 538.088 0.0861883 0.826064 0.556947 -0.974217 -0.0504428 0.0584095 -0.0504428
head 538.099 -0.057696 -0.159627 0.98549 0.242025 0.0857151 0.899078 0.0857151
hip 538.099 -0.0802719 0.489065 0.868546 0.762135 0.117778 0.469176 0.117778
lHand 538.099 0.140918 -0.226032 0.963873 0.942036 0.0675212 -0.328627 0.0675212
rHand 538.099 0.663765 -0.0369513 0.747028 0.0382721 0.00426922 0.648256 0.00426922
lFoot 538.099 -0.012793 0.994413 0.104783 -0.609567 -0.612572 -0.202102 -0.612572
rFoot 538.099 0.0852829 0.825886 0.55735 -0.974222 -0.0491543 0.0569092 -0.0491543
head 538.11 -0.0585418 -0.159378 0.98548 0.242058 0.0856575 0.898829 0.0856575
hip 538.11 -0.080223 0.489197 0.868476 0.762479 0.117329 0.467916 0.117329
lHand 538.11 0.140613 -0.22502 0.964155 0.942217 0.0657262 -0.328474 0.0657262
rHand 538.11 0.663589 -0.037721 0.747145 0.0354602 0.00459565 0.648041 0.00459565
lFoot 538.11 -0.0127367 0.994415 0.104769 -0.609504 -0.612343 -0.202354 -0.612343
rFoot 538.11 0.0845348 0.825727 0.5577 -0.974213 -0.0487156 0.0557635 -0.0487156
head 538.121 -0.0594291 -0.159009 0.985487 0.241895 0.085719 0.898452 0.085719
hip 538.121 -0.0803621 0.489231 0.868444 0.762802 0.117225 0.467241 0.117225
lHand 538.121 0.140205 -0.22404 0.964442 0.942569 0.0639153 -0.32783 0.0639153
rHand 538.121 0.663005 -0.0387598 0.747611 0.0342964 0.00475225 0.648128 0.00475225
lFoot 538.121 -0.0126679 0.994417 0.104755 -0.609621 -0.611713 -0.202628 -0.611713
rFoot 538.121 0.083913 0.825963 0.557444 -0.97422 -0.0491626 0.0560744 -0.0491626
head 538.133 -0.0602346 -0.158587 0.985506 0.241354 0.0860838 0.897884 0.0860838
hip 538.133 -0.0806273 0.489207 0.868433 0.762397 0.117711 0.468302 0.117711
lHand 538.133 0.139908 -0.223164 0.964688 0.942596 0.0629315 -0.32795 0.0629315
rHand 538.133 0.662342 -0.0399706 0.748134 0.0352265 0.00530381 0.648249 0.00530381
lFoot 538.133 -0.0125739 0.994409 0.104842 -0.610283 -0.610696 -0.202733 -0.610696
rFoot 538.133 0.0820115 0.826653 0.556704 -0.974199 -0.0493851 0.0564726 -0.0493851
head 538.143 -0.0610053 -0.158462 0.985479 0.2406 0.086983 0.897233 0.086983
hip 538.143 -0.0807518 0.489369 0.86833 0.762257 0.117719 0.468664 0.117719
lHand 538.143 0.139629 -0.222403 0.964905 0.942285 0.0623709 -0.328951 0.0623709
rHand 538.143 0.661408 -0.0417275 0.748864 0.0371673 0.00592288 0.648395 0.00592288
lFoot 538.143 -0.0124473 0.99441 0.104854 -0.610936 -0.60995 -0.202462 -0.60995
rFoot 538.143 0.0809469 0.826292 0.557395 -0.974119 -0.048604 0.0557526 -0.048604
head 538.154 -0.0617962 -0.158142 0.985481 0.240083 0.0881147 0.896597 0.0881147
hip 538.154 -0.0805947 0.489202 0.868439 0.762628 0.117515 0.467648 0.117515
lHand 538.154 0.139367 -0.221351 0.965184 0.941772 0.0621527 -0.330453 0.0621527
rHand 538.154 0.661121 -0.0431882 0.749035 0.0422063 0.00606467 0.648194 0.00606467
lFoot 538.154 -0.012339 0.994409 0.104876 -0.611408 -0.609275 -0.202291 -0.609275
rFoot 538.154 0.08031 0.825732 0.558317 -0.974083 -0.0472786 0.0542829 -0.0472786
head 538.166 -0.062689 -0.157871 0.985468 0.239959 0.0888649 0.896119 0.0888649
hip 538.166 -0.0803852 0.489207 0.868455 0.763246 0.117117 0.46586 0.117117
lHand 538.166 0.138989 -0.22042 0.965452 0.941763 0.0618676 -0.330513 0.0618676
rHand 538.166 0.660742 -0.0446111 0.749286 0.0450098 0.00555174 0.648018 0.00555174
lFoot 538.166 -0.0123061 0.994406 0.104906 -0.611565 -0.608909 -0.202207 -0.608909
rFoot 538.166 0.0783266 0.825199 0.559385 -0.974032 -0.0474195 0.0538079 -0.0474195
head 538.177 -0.0633869 -0.157679 0.985454 0.240119 0.0892813 0.89573 0.0892813
hip 538.177 -0.0805277 0.489031 0.868541 0.762977 0.11736 0.46615 0.11736
lHand 538.177 0.138693 -0.219471 0.965711 0.942003 0.0623091 -0.329695 0.0623091
rHand 538.177 0.660458 -0.0457529 0.749468 0.0475297 0.00499889 0.647961 0.00499889
lFoot 538.177 -0.0121787 0.994399 0.104988 -0.611904 -0.608368 -0.202181 -0.608368
rFoot 538.177 0.0775503 0.824664 0.560281 -0.973885 -0.0481472 0.0540176 -0.0481472
head 538.188 -0.0640764 -0.157312 0.985468 0.24 0.0893277 0.895307 0.0893277
hip 538.188 -0.0804691 0.488982 0.868575 0.762687 0.117588 0.466653 0.117588
lHand 538.188 0.138273 -0.218585 0.965972 0.942735 0.0623738 -0.327493 0.0623738
rHand 538.188 0.660778 -0.0473005 0.74909 0.0480172 0.00406068 0.648658 0.00406068
lFoot 538.188 -0.0120571 0.994403 0.104964 -0.612606 -0.607619 -0.201915 -0.607619
rFoot 538.188 0.07722 0.824514 0.560547 -0.973801 -0.0486948 0.0537141 -0.0486948
head 538.199 -0.0646476 -0.156866 0.985502 0.239572 0.0893824 0.894741 0.0893824
hip 538.199 -0.0803959 0.48899 0.868577 0.763036 0.117424 0.465787 0.117424
lHand 538.199 0.13797 -0.2178 0.966192 0.943292 0.0622853 -0.325803 0.0622853
rHand 538.199 0.660806 -0.0485265 0.748986 0.0465672 0.00381029 0.649957 0.00381029
lFoot 538.199 -0.0121208 0.994406 0.104932 -0.612465 -0.607685 -0.201965 -0.607685
rFoot 538.199 0.0776681 0.824172 0.560989 -0.973712 -0.0491971 0.0527263 -0.0491971
head 538.21 -0.0651864 -0.156532 0.985519 0.238921 0.0897729 0.894125 0.0897729
hip 538.21 -0.0803819 0.488978 0.868584 0.76336 0.117168 0.465 0.117168
lHand 538.21 0.137639 -0.216994 0.966421 0.943762 0.0627508 -0.324223 0.0627508
rHand 538.21 0.660872 -0.0497267 0.748849 0.0465717 0.00339314 0.650774 0.00339314
lFoot 538.21 -0.0121366 0.994398 0.104998 -0.611138 -0.608473 -0.202636 -0.608473
rFoot 538.21 0.0785577 0.823961 0.561175 -0.973628 -0.0498828 0.0517923 -0.0498828
head 538.221 -0.0656737 -0.156215 0.985537 0.23847 0.0903598 0.893535 0.0903598
hip 538.221 -0.080456 0.488964 0.868585 0.763338 0.117189 0.465178 0.117189
lHand 538.221 0.137362 -0.216355 0.966603 0.9439 0.0635384 -0.323553 0.0635384
rHand 538.221 0.661277 -0.0513533 0.748382 0.0469302 0.00320553 0.650961 0.00320553
lFoot 538.221 -0.01216 0.994401 0.104974 -0.610525 -0.608733 -0.202953 -0.608733
rFoot 538.221 0.0789039 0.82393 0.561172 -0.973547 -0.0505582 0.0518084 -0.0505582
head 538.233 -0.0659894 -0.155982 0.985553 0.238196 0.0911987 0.892988 0.0911987
hip 538.233 -0.0804988 0.488973 0.868576 0.763336 0.117275 0.465174 0.117275
lHand 538.233 0.137314 -0.215649 0.966768 0.943808 0.0635025 -0.323747 0.0635025
rHand 538.233 0.661361 -0.0521728 0.748251 0.0483497 0.00338753 0.650974 0.00338753
lFoot 538.233 -0.0122132 0.994399 0.104978 -0.610056 -0.60903 -0.20302 -0.60903
rFoot 538.233 0.0778707 0.823923 0.561325 -0.973515 -0.0504204 0.0520978 -0.0504204
head 538.244 -0.0663626 -0.155883 0.985544 0.237949 0.0919424 0.892532 0.0919424
hip 538.244 -0.0802945 0.488986 0.868588 0.763706 0.117168 0.464273 0.117168
lHand 538.244 0.137285 -0.214818 0.966957 0.943552 0.0623671 -0.324713 0.0623671
rHand 538.244 0.661127 -0.0531314 0.74839 0.050985 0.00404847 0.650803 0.00404847
lFoot 538.244 -0.0121028 0.994392 0.105058 -0.610031 -0.608924 -0.202967 -0.608924
rFoot 538.244 0.0774902 0.82345 0.562073 -0.973476 -0.0489604 0.0527098 -0.0489604
head 538.256 -0.066699 -0.155641 0.985559 0.237867 0.0923401 0.892204 0.0923401
hip 538.256 -0.0802752 0.489035 0.868563 0.764062 0.117121 0.463319 0.117121
lHand 538.256 0.1372 -0.21411 0.967126 0.943666 0.0606686 -0.324685 0.0606686
rHand 538.256 0.660847 -0.0537713 0.748592 0.0537322 0.00466858 0.651028 0.00466858
lFoot 538.256 -0.0120073 0.994388 0.10511 -0.610575 -0.608307 -0.202701 -0.608307
rFoot 538.256 0.0771905 0.823245 0.562413 -0.973445 -0.048909 0.0524684 -0.048909
head 538.266 -0.0668449 -0.155537 0.985566 0.237716 0.092482 0.892046 0.092482
hip 538.266 -0.0804484 0.489085 0.868518 0.763529 0.11736 0.464188 0.11736
lHand 538.266 0.137186 -0.213317 0.967303 0.943989 0.0586989 -0.324035 0.0586989
rHand 538.266 0.660659 -0.0545579 0.748701 0.0559906 0.00509217 0.651102 0.00509217
lFoot 538.266 -0.0120845 0.994387 0.105109 -0.610696 -0.60811 -0.202639 -0.60811
rFoot 538.266 0.0751977 0.823299 0.562604 -0.973399 -0.0497738 0.0523672 -0.0497738
head 538.277 -0.0669109 -0.155533 0.985562 0.237422 0.0923928 0.891943 0.0923928
hip 538.277 -0.0803138 0.488918 0.868625 0.76271 0.11737 0.465318 0.11737
lHand 538.277 0.137108 -0.212606 0.967471 0.94419 0.0576666 -0.32354 0.0576666
rHand 538.277 0.660302 -0.0554119 0.748953 0.0570094 0.00539154 0.651369 0.00539154
lFoot 538.277 -0.0120664 0.994382 0.105159 -0.61078 -0.608 -0.20265 -0.608
rFoot 538.277 0.0762608 0.822552 0.563554 -0.973324 -0.0485308 0.0529855 -0.0485308
head 538.288 -0.0670109 -0.155482 0.985563 0.237191 0.0925101 0.891838 0.0925101
hip 538.288 -0.0802749 0.488999 0.868583 0.762246 0.117392 0.465732 0.117392
lHand 538.288 0.137182 -0.212158 0.967559 0.943897 0.0571288 -0.324407 0.0571288
rHand 538.288 0.66036 -0.0562866 0.748837 0.0572712 0.005668 0.651672 0.005668
lFoot 538.288 -0.0121269 0.994382 0.105158 -0.610147 -0.608513 -0.202863 -0.608513
rFoot 538.288 0.0762647 0.822265 0.563972 -0.973249 -0.0488282 0.052975 -0.0488282
head 538.3 -0.0672571 -0.155554 0.985535 0.237079 0.0929033 0.891819 0.0929033
hip 538.3 -0.0801648 0.489072 0.868552 0.762376 0.117145 0.465263 0.117145
lHand 538.3 0.137176 -0.211488 0.967706 0.943557 0.0567191 -0.325399 0.0567191
rHand 538.3 0.660388 -0.0567257 0.748779 0.0549972 0.00619926 0.652427 0.00619926
lFoot 538.3 -0.0122963 0.994385 0.105101 -0.609525 -0.609082 -0.202965 -0.609082
rFoot 538.3 0.0752011 0.822401 0.563916 -0.973197 -0.0498595 0.053028 -0.0498595
head 538.311 -0.067283 -0.155598 0.985526 0.237054 0.0932807 0.891884 0.0932807
hip 538.311 -0.0801284 0.489022 0.868583 0.762737 0.117082 0.464549 0.117082
lHand 538.311 0.137288 -0.210868 0.967826 0.943806 0.0565335 -0.324629 0.0565335
rHand 538.311 0.660653 -0.0569691 0.748527 0.0513793 0.00671816 0.653645 0.00671816
lFoot 538.311 -0.0122111 0.994386 0.10511 -0.609677 -0.608848 -0.202992 -0.608848
rFoot 538.311 0.0757469 0.822249 0.564065 -0.97315 -0.0497441 0.0534701 -0.0497441
head 538.322 -0.0672511 -0.155789 0.985498 0.237133 0.0933491 0.892013 0.0933491
hip 538.322 -0.0800989 0.489076 0.868556 0.762531 0.117139 0.464969 0.117139
lHand 538.322 0.137283 -0.210499 0.967907 0.944592 0.0567693 -0.322204 0.0567693
rHand 538.322 0.660813 -0.0573895 0.748353 0.0484824 0.007618 0.654706 0.007618
lFoot 538.322 -0.0121834 0.994391 0.105066 -0.609715 -0.608543 -0.203107 -0.608543
rFoot 538.322 0.07758 0.823035 0.562667 -0.973133 -0.0499045 0.0540594 -0.0499045
head 538.333 -0.0672157 -0.155845 0.985492 0.237256 0.0931036 0.892168 0.0931036
hip 538.333 -0.0800658 0.489138 0.868524 0.762141 0.117324 0.465479 0.117324
lHand 538.333 0.137336 -0.210062 0.967994 0.945117 0.0569226 -0.320576 0.0569226
rHand 538.333 0.660743 -0.0576841 0.748392 0.0471375 0.00862983 0.65549 0.00862983
lFoot 538.333 -0.0122174 0.994392 0.105051 -0.609331 -0.608813 -0.203093 -0.608813
rFoot 538.333 0.078533 0.823142 0.562378 -0.973122 -0.0497558 0.0536254 -0.0497558
head 538.344 -0.0671439 -0.155781 0.985507 0.237284 0.092788 0.892287 0.092788
hip 538.344 -0.0799771 0.489084 0.868563 0.762201 0.11763 0.465328 0.11763
lHand 538.344 0.137776 -0.209552 0.968042 0.944808 0.0570194 -0.321574 0.0570194
rHand 538.344 0.660677 -0.0576565 0.748453 0.0473426 0.00980874 0.655811 0.00980874
lFoot 538.344 -0.0122047 0.994392 0.105053 -0.609395 -0.608757 -0.203007 -0.608757
rFoot 538.344 0.0797785 0.822337 0.56338 -0.973104 -0.0494554 0.0537176 -0.0494554
head 538.357 -0.0670325 -0.15563 0.985538 0.236986 0.0925146 0.892365 0.0925146
hip 538.357 -0.0799322 0.489156 0.868526 0.762577 0.117755 0.46482 0.117755
lHand 538.357 0.138159 -0.209088 0.968088 0.944223 0.057467 -0.323319 0.057467
rHand 538.357 0.66032 -0.0570634 0.748814 0.0478705 0.0108505 0.655716 0.0108505
lFoot 538.357 -0.0121761 0.994391 0.105062 -0.609704 -0.608617 -0.202568 -0.608617
rFoot 538.357 0.0792118 0.82243 0.563324 -0.973077 -0.0497405 0.0550468 -0.0497405
head 538.367 -0.0669413 -0.155529 0.98556 0.236739 0.0924322 0.892366 0.0924322
hip 538.367 -0.0799569 0.489248 0.868472 0.762571 0.11776 0.464887 0.11776
lHand 538.367 0.138508 -0.208657 0.968131 0.943761 0.0581064 -0.324621 0.0581064
rHand 538.367 0.659996 -0.0575834 0.749059 0.0479545 0.0116108 0.655836 0.0116108
lFoot 538.367 -0.0121236 0.994391 0.105069 -0.609985 -0.608433 -0.20231 -0.608433
rFoot 538.367 0.0795942 0.821881 0.564071 -0.973031 -0.0497744 0.055663 -0.0497744
head 538.379 -0.0667078 -0.155619 0.985562 0.236607 0.092627 0.892262 0.092627
hip 538.379 -0.0797808 0.489022 0.868615 0.762017 0.117627 0.46565 0.117627
lHand 538.379 0.138847 -0.208299 0.96816 0.943565 0.059482 -0.324955 0.059482
rHand 538.379 0.660293 -0.0567312 0.748863 0.0474554 0.012051 0.656288 0.012051
lFoot 538.379 -0.0120932 0.994395 0.105038 -0.610058 -0.608593 -0.202088 -0.608593
rFoot 538.379 0.0803982 0.821632 0.56432 -0.973008 -0.049595 0.0555789 -0.049595
head 538.389 -0.0665806 -0.155464 0.985595 0.23659 0.0927308 0.892147 0.0927308
hip 538.389 -0.0797842 0.48915 0.868543 0.761041 0.117503 0.467155 0.117503
lHand 538.389 0.139039 -0.208 0.968196 0.943682 0.0613216 -0.324242 0.0613216
rHand 538.389 0.660614 -0.0563321 0.748609 0.0463628 0.0122488 0.656754 0.0122488
lFoot 538.389 -0.0121617 0.994397 0.105012 -0.609586 -0.608903 -0.202364 -0.608903
rFoot 538.389 0.0808244 0.821672 0.564201 -0.972984 -0.0497141 0.0562891 -0.0497141
head 538.4 -0.0663733 -0.155415 0.985617 0.236745 0.0928611 0.892162 0.0928611
hip 538.4 -0.0796704 0.489336 0.868448 0.760623 0.117518 0.467836 0.117518
lHand 538.4 0.139195 -0.207825 0.968211 0.943821 0.0642347 -0.323141 0.0642347
rHand 538.4 0.660878 -0.0558318 0.748414 0.0447684 0.0119181 0.657089 0.0119181
lFoot 538.4 -0.0122562 0.994402 0.104948 -0.608798 -0.609712 -0.202501 -0.609712
rFoot 538.4 0.0814829 0.82112 0.564909 -0.972964 -0.0496478 0.0568397 -0.0496478
head 538.412 -0.0661034 -0.155591 0.985607 0.236768 0.0928012 0.892393 0.0928012
hip 538.412 -0.079245 0.489258 0.868532 0.760851 0.117276 0.467369 0.117276
lHand 538.412 0.139398 -0.20753 0.968246 0.943892 0.0666754 -0.32222 0.0666754
rHand 538.412 0.660904 -0.0551452 0.748442 0.0437333 0.011549 0.657068 0.011549
lFoot 538.412 -0.0123259 0.994395 0.105008 -0.608618 -0.610045 -0.202469 -0.610045
rFoot 538.412 0.0821098 0.820689 0.565444 -0.972923 -0.0495953 0.0573865 -0.0495953
head 538.423 -0.0658361 -0.155642 0.985617 0.236654 0.0926789 0.89272 0.0926789
hip 538.423 -0.078881 0.489324 0.868527 0.761274 0.117089 0.466533 0.117089
lHand 538.423 0.139616 -0.207148 0.968296 0.944304 0.0674339 -0.320574 0.0674339
rHand 538.423 0.661269 -0.0544972 0.748167 0.0436541 0.0115675 0.656363 0.0115675
lFoot 538.423 -0.0122961 0.994409 0.104881 -0.60805 -0.610751 -0.202422 -0.610751
rFoot 538.423 0.0823357 0.821093 0.564825 -0.97288 -0.0507461 0.0579952 -0.0507461
head 538.434 -0.0655095 -0.155629 0.985641 0.236179 0.0928443 0.892888 0.0928443
hip 538.434 -0.078677 0.489329 0.868543 0.761186 0.117283 0.466791 0.117283
lHand 538.434 0.140013 -0.206836 0.968305 0.944712 0.0671995 -0.319169 0.0671995
rHand 538.434 0.661532 -0.053362 0.748016 0.0439766 0.0119613 0.655598 0.0119613
lFoot 538.434 -0.012179 0.99441 0.104886 -0.608447 -0.610399 -0.202203 -0.610399
rFoot 538.434 0.0821187 0.821396 0.564416 -0.972886 -0.0510919 0.0582028 -0.0510919
head 538.445 -0.0652153 -0.155654 0.985657 0.235613 0.0932367 0.892907 0.0932367
hip 538.445 -0.0784756 0.489127 0.868675 0.761093 0.117551 0.467326 0.117551
lHand 538.445 0.140395 -0.206505 0.968321 0.944797 0.0676962 -0.318652 0.0676962
rHand 538.445 0.662278 -0.0519322 0.747456 0.0444152 0.012191 0.65435 0.012191
lFoot 538.445 -0.0119905 0.994408 0.104928 -0.609935 -0.608903 -0.201825 -0.608903
rFoot 538.445 0.0835567 0.821222 0.564457 -0.972914 -0.049228 0.0583492 -0.049228
head 538.457 -0.0649921 -0.155606 0.985679 0.235293 0.0936626 0.892872 0.0936626
hip 538.457 -0.0783279 0.489075 0.868718 0.760814 0.117682 0.468229 0.117682
lHand 538.457 0.140692 -0.206252 0.968332 0.944743 0.0684334 -0.318634 0.0684334
rHand 538.457 0.663309 -0.0508142 0.746619 0.0438994 0.0115982 0.652968 0.0115982
lFoot 538.457 -0.0120669 0.994388 0.105106 -0.609909 -0.608868 -0.201715 -0.608868
rFoot 538.457 0.0829827 0.821044 0.564801 -0.97295 -0.049234 0.0586215 -0.049234
head 538.467 -0.0647082 -0.155607 0.985697 0.23522 0.0937904 0.892934 0.0937904
hip 538.467 -0.0784354 0.489072 0.86871 0.760526 0.117889 0.468779 0.117889
lHand 538.467 0.141019 -0.206227 0.968289 0.944585 0.069902 -0.318922 0.069902
rHand 538.467 0.664033 -0.0496868 0.746051 0.0433497 0.0110728 0.651665 0.0110728
lFoot 538.467 -0.0121506 0.994386 0.10511 -0.609466 -0.609448 -0.20161 -0.609448
rFoot 538.467 0.0815201 0.821137 0.564879 -0.972899 -0.0497601 0.0592993 -0.0497601
head 538.479 -0.0643769 -0.155622 0.985717 0.235341 0.0935882 0.893134 0.0935882
hip 538.479 -0.078006 0.488857 0.868869 0.760379 0.118112 0.468961 0.118112
lHand 538.479 0.141261 -0.206236 0.968252 0.944629 0.0716222 -0.318499 0.0716222
rHand 538.479 0.665102 -0.0482485 0.745192 0.0429419 0.0104984 0.65015 0.0104984
lFoot 538.479 -0.0120717 0.994385 0.105134 -0.609699 -0.609355 -0.201126 -0.609355
rFoot 538.479 0.0824025 0.821364 0.56442 -0.972862 -0.05027 0.0599874 -0.05027
head 538.49 -0.0640887 -0.155484 0.985757 0.235213 0.0932703 0.893223 0.0932703
hip 538.49 -0.0775748 0.488933 0.868865 0.760871 0.11807 0.468091 0.11807
lHand 538.49 0.141347 -0.206517 0.96818 0.945107 0.0742807 -0.316572 0.0742807
rHand 538.49 0.66584 -0.0472395 0.744597 0.0431354 0.0102114 0.64887 0.0102114
lFoot 538.49 -0.0121063 0.994375 0.105223 -0.609721 -0.609387 -0.200955 -0.609387
rFoot 538.49 0.0822177 0.821285 0.564563 -0.972825 -0.050325 0.0602678 -0.050325
head 538.501 -0.0635519 -0.15533 0.985816 0.234993 0.0930657 0.893174 0.0930657
hip 538.501 -0.077289 0.488992 0.868858 0.761455 0.118227 0.467058 0.118227
lHand 538.501 0.141539 -0.206841 0.968083 0.945611 0.0769406 -0.314416 0.0769406
rHand 538.501 0.666761 -0.0462448 0.743836 0.0435376 0.0100152 0.647748 0.0100152
lFoot 538.501 -0.0119774 0.994375 0.105236 -0.609429 -0.609486 -0.201057 -0.609486
rFoot 538.501 0.0840248 0.820956 0.564775 -0.97284 -0.0495247 0.0607813 -0.0495247
head 538.512 -0.0631564 -0.155312 0.985845 0.234708 0.0928533 0.893081 0.0928533
hip 538.512 -0.0766527 0.488866 0.868985 0.761542 0.118301 0.467056 0.118301
lHand 538.512 0.141567 -0.207152 0.968012 0.945911 0.0784827 -0.313077 0.0784827
rHand 538.512 0.667464 -0.0457014 0.743239 0.0430022 0.00972045 0.647195 0.00972045
lFoot 538.512 -0.0120556 0.994378 0.105199 -0.609078 -0.609803 -0.201055 -0.609803
rFoot 538.512 0.0844017 0.820912 0.564783 -0.972832 -0.0495295 0.0612695 -0.0495295
head 538.523 -0.0627993 -0.155143 0.985894 0.234754 0.0927155 0.892988 0.0927155
hip 538.523 -0.0763871 0.488936 0.868968 0.761083 0.118566 0.467851 0.118566
lHand 538.523 0.141808 -0.207269 0.967951 0.945985 0.0782214 -0.312872 0.0782214
rHand 538.523 0.668212 -0.0451851 0.742598 0.043113 0.00960857 0.646719 0.00960857
lFoot 538.523 -0.0120646 0.994378 0.105199 -0.608897 -0.610037 -0.200948 -0.610037
rFoot 538.523 0.0854264 0.820672 0.564977 -0.972772 -0.0494942 0.0615161 -0.0494942
head 538.534 -0.0623196 -0.155056 0.985938 0.235014 0.0925966 0.892925 0.0925966
hip 538.534 -0.0760486 0.489018 0.868953 0.760847 0.118683 0.468056 0.118683
lHand 538.534 0.142239 -0.20714 0.967916 0.945775 0.0758153 -0.314115 0.0758153
rHand 538.534 0.668675 -0.0446774 0.742212 0.0435681 0.00994318 0.646035 0.00994318
lFoot 538.534 -0.0119903 0.994373 0.105258 -0.60888 -0.609989 -0.200785 -0.609989
rFoot 538.534 0.0865371 0.820573 0.564953 -0.972747 -0.0498812 0.0617979 -0.0498812
head 538.545 -0.0619341 -0.154978 0.985975 0.235323 0.0924881 0.892765 0.0924881
hip 538.545 -0.0754344 0.4889 0.869072 0.760685 0.118517 0.468055 0.118517
lHand 538.545 0.142542 -0.207076 0.967885 0.945565 0.0736244 -0.315308 0.0736244
rHand 538.545 0.668429 -0.0446408 0.742435 0.0447993 0.010221 0.646033 0.010221
lFoot 538.545 -0.0118637 0.994372 0.105275 -0.609751 -0.609129 -0.200377 -0.609129
rFoot 538.545 0.0863063 0.820618 0.564922 -0.972686 -0.0505452 0.0622059 -0.0505452
head 538.557 -0.0615534 -0.154834 0.986021 0.235712 0.0924329 0.892551 0.0924329
hip 538.557 -0.0749446 0.488948 0.869087 0.760904 0.118683 0.467465 0.118683
lHand 538.557 0.14293 -0.206773 0.967892 0.945332 0.0696958 -0.316962 0.0696958
rHand 538.557 0.668938 -0.0445338 0.741983 0.0459768 0.0104125 0.645638 0.0104125
lFoot 538.557 -0.0117597 0.994371 0.105301 -0.610166 -0.608587 -0.200152 -0.608587
rFoot 538.557 0.0853583 0.820542 0.565177 -0.972719 -0.0498497 0.0626933 -0.0498497
head 538.568 -0.0611348 -0.154666 0.986073 0.235792 0.0924526 0.892421 0.0924526
hip 538.568 -0.074698 0.489021 0.869068 0.761223 0.118936 0.467146 0.118936
lHand 538.568 0.143242 -0.206561 0.967892 0.945205 0.0665885 -0.318063 0.0665885
rHand 538.568 0.669566 -0.0438305 0.741458 0.0473356 0.0105842 0.645139 0.0105842
lFoot 538.568 -0.0116859 0.99437 0.105317 -0.610335 -0.608285 -0.199884 -0.608285
rFoot 538.568 0.0855399 0.820447 0.565287 -0.972699 -0.0487798 0.0631109 -0.0487798
head 538.579 -0.0606068 -0.154615 0.986114 0.235977 0.0924316 0.892422 0.0924316
hip 538.579 -0.074114 0.488939 0.869164 0.761032 0.119228 0.467354 0.119228
lHand 538.579 0.143451 -0.206413 0.967892 0.945096 0.0636688 -0.319006 0.0636688
rHand 538.579 0.670242 -0.0435834 0.740861 0.0482481 0.0100457 0.644641 0.0100457
lFoot 538.579 -0.0116538 0.994373 0.105297 -0.610302 -0.608334 -0.19961 -0.608334
rFoot 538.579 0.0856253 0.820174 0.56567 -0.972622 -0.0493023 0.0637903 -0.0493023
head 538.59 -0.0600916 -0.154612 0.986146 0.236324 0.0925832 0.892395 0.0925832
hip 538.59 -0.0736507 0.489004 0.869167 0.761012 0.119285 0.467339 0.119285
lHand 538.59 0.143616 -0.206465 0.967857 0.945075 0.0630087 -0.319187 0.0630087
rHand 538.59 0.671262 -0.0440147 0.739912 0.0479074 0.00895079 0.643987 0.00895079
lFoot 538.59 -0.0116224 0.994377 0.10526 -0.610189 -0.608408 -0.199389 -0.608408
rFoot 538.59 0.086047 0.820036 0.565806 -0.972568 -0.0495717 0.0644279 -0.0495717
head 538.601 -0.0595013 -0.154494 0.9862 0.236653 0.0927203 0.892272 0.0927203
hip 538.601 -0.0730652 0.48907 0.869179 0.761101 0.119248 0.46693 0.119248
lHand 538.601 0.143886 -0.206661 0.967775 0.94524 0.0628526 -0.318733 0.0628526
rHand 538.601 0.671748 -0.0443248 0.739452 0.047045 0.00856085 0.643321 0.00856085
lFoot 538.601 -0.011546 0.994374 0.105292 -0.609765 -0.608614 -0.19936 -0.608614
rFoot 538.601 0.0874146 0.82001 0.565634 -0.972518 -0.049321 0.0648756 -0.049321
head 538.612 -0.0588977 -0.154424 0.986248 0.23688 0.0929292 0.892029 0.0929292
hip 538.612 -0.0724136 0.488935 0.86931 0.76122 0.119267 0.466587 0.119267
lHand 538.612 0.144195 -0.206715 0.967717 0.945398 0.0635734 -0.31817 0.0635734
rHand 538.612 0.672211 -0.0443386 0.739031 0.0468944 0.00854741 0.64301 0.00854741
lFoot 538.612 -0.0114119 0.994374 0.105306 -0.609367 -0.608663 -0.199311 -0.608663
rFoot 538.612 0.0891992 0.820001 0.565369 -0.972499 -0.0495237 0.0646856 -0.0495237
head 538.624 -0.0583646 -0.154208 0.986313 0.237067 0.093178 0.891711 0.093178
hip 538.624 -0.0718891 0.488982 0.869326 0.761373 0.119373 0.466498 0.119373
lHand 538.624 0.144476 -0.206863 0.967644 0.945371 0.0641497 -0.318261 0.0641497
rHand 538.624 0.672518 -0.0444221 0.738746 0.0469298 0.00878871 0.643125 0.00878871
lFoot 538.624 -0.011387 0.994364 0.105409 -0.609088 -0.608714 -0.199073 -0.608714
rFoot 538.624 0.0899735 0.819781 0.565566 -0.972453 -0.0499409 0.0650988 -0.0499409
head 538.635 -0.057679 -0.154187 0.986357 0.237343 0.0933995 0.891496 0.0933995
hip 538.635 -0.0713116 0.489054 0.869334 0.761544 0.119414 0.46623 0.119414
lHand 538.635 0.145086 -0.206993 0.967524 0.945087 0.0637818 -0.319309 0.0637818
rHand 538.635 0.673012 -0.0446955 0.73828 0.0472867 0.00897282 0.643155 0.00897282
lFoot 538.635 -0.0114215 0.994358 0.105462 -0.608797 -0.609045 -0.198723 -0.609045
rFoot 538.635 0.0904998 0.819152 0.566392 -0.972408 -0.0496964 0.0657841 -0.0496964
head 538.646 -0.0571093 -0.154261 0.986378 0.237839 0.0936954 0.891408 0.0936954
hip 538.646 -0.0704521 0.489016 0.869425 0.76162 0.119159 0.465755 0.119159
lHand 538.646 0.145494 -0.207023 0.967457 0.944956 0.0629215 -0.319919 0.0629215
rHand 538.646 0.673133 -0.0453051 0.738133 0.0485857 0.00919093 0.643355 0.00919093
lFoot 538.646 -0.0114913 0.994351 0.105519 -0.608376 -0.609524 -0.198504 -0.609524
rFoot 538.646 0.0934248 0.817928 0.567685 -0.972336 -0.0481788 0.0668398 -0.0481788
head 538.657 -0.0564639 -0.154291 0.986411 0.238331 0.0939436 0.891568 0.0939436
hip 538.657 -0.0696099 0.489094 0.869449 0.761695 0.118879 0.465281 0.118879
lHand 538.657 0.145971 -0.207119 0.967365 0.945014 0.0623194 -0.319812 0.0623194
rHand 538.657 0.673226 -0.0459292 0.738009 0.0502165 0.00940113 0.643664 0.00940113
lFoot 538.657 -0.011538 0.994342 0.1056 -0.607837 -0.609929 -0.198366 -0.609929
rFoot 538.657 0.0964337 0.817069 0.568417 -0.972273 -0.0482771 0.067181 -0.0482771
head 538.669 -0.0559294 -0.154405 0.986423 0.238648 0.0943032 0.891662 0.0943032
hip 538.669 -0.0689381 0.489058 0.869523 0.762361 0.11887 0.464263 0.11887
lHand 538.669 0.146267 -0.207135 0.967316 0.945072 0.062331 -0.319523 0.062331
rHand 538.669 0.672826 -0.0466093 0.738331 0.0514241 0.0103073 0.644172 0.0103073
lFoot 538.669 -0.0116172 0.994341 0.105597 -0.607315 -0.610558 -0.198198 -0.610558
rFoot 538.669 0.0974946 0.816593 0.568921 -0.972235 -0.048905 0.0676145 -0.048905
head 538.68 -0.0552801 -0.15444 0.986454 0.238704 0.0948304 0.891522 0.0948304
hip 538.68 -0.0683547 0.48884 0.869691 0.762773 0.11917 0.463972 0.11917
lHand 538.68 0.146697 -0.207086 0.967262 0.94486 0.0626175 -0.319977 0.0626175
rHand 538.68 0.672573 -0.0470284 0.738535 0.0515671 0.01111 0.645351 0.01111
lFoot 538.68 -0.0117721 0.99434 0.10559 -0.605843 -0.612069 -0.198167 -0.612069
rFoot 538.68 0.0973323 0.816284 0.569391 -0.972173 -0.0488899 0.0687109 -0.0488899
head 538.691 -0.0547004 -0.154457 0.986484 0.238903 0.0954761 0.89118 0.0954761
hip 538.691 -0.0678112 0.488836 0.869736 0.762901 0.1193 0.464102 0.1193
lHand 538.691 0.147189 -0.207198 0.967163 0.944511 0.0627862 -0.320929 0.0627862
rHand 538.691 0.672862 -0.0477753 0.738224 0.0506438 0.0112368 0.646636 0.0112368
lFoot 538.691 -0.0117405 0.994332 0.105667 -0.605459 -0.612163 -0.19803 -0.612163
rFoot 538.691 0.098405 0.81582 0.569872 -0.972151 -0.0473856 0.0698361 -0.0473856
head 538.702 -0.0541985 -0.154382 0.986524 0.239367 0.0957736 0.890924 0.0957736
hip 538.702 -0.0672011 0.488892 0.869752 0.762922 0.119237 0.464129 0.119237
lHand 538.702 0.147869 -0.207256 0.967047 0.943985 0.061963 -0.322694 0.061963
rHand 538.702 0.673124 -0.0479609 0.737972 0.0499592 0.0113215 0.647437 0.0113215
lFoot 538.702 -0.011616 0.994322 0.105774 -0.605425 -0.612037 -0.197785 -0.612037
rFoot 538.702 0.0999359 0.815583 0.569945 -0.972126 -0.0457976 0.0708673 -0.0457976
head 538.713 -0.0536187 -0.15442 0.986549 0.240065 0.0956049 0.890902 0.0956049
hip 538.713 -0.0665649 0.48894 0.869774 0.762802 0.118836 0.464087 0.118836
lHand 538.713 0.148509 -0.207177 0.966966 0.943666 0.0607643 -0.323897 0.0607643
rHand 538.713 0.673392 -0.0482512 0.737709 0.0491803 0.0108404 0.64821 0.0108404
lFoot 538.713 -0.0115469 0.994315 0.105854 -0.605624 -0.611844 -0.197309 -0.611844
rFoot 538.713 0.102032 0.815812 0.569245 -0.972153 -0.0451958 0.0715126 -0.0451958
head 538.724 -0.0530701 -0.154268 0.986603 0.240867 0.0950701 0.890983 0.0950701
hip 538.724 -0.0657179 0.489063 0.869769 0.762498 0.118287 0.463901 0.118287
lHand 538.724 0.149086 -0.206993 0.966916 0.943761 0.0583094 -0.324132 0.0583094
rHand 538.724 0.673758 -0.0484512 0.737362 0.0472904 0.0102852 0.648395 0.0102852
lFoot 538.724 -0.011521 0.994305 0.105951 -0.605573 -0.612021 -0.196747 -0.612021
rFoot 538.724 0.103207 0.815602 0.569335 -0.972089 -0.0455593 0.0715494 -0.0455593
head 538.736 -0.0526284 -0.154298 0.986622 0.241433 0.0949483 0.890852 0.0949483
hip 538.736 -0.0652309 0.489158 0.869753 0.762894 0.118215 0.46313 0.118215
lHand 538.736 0.149465 -0.206976 0.966861 0.944016 0.05695 -0.323656 0.05695
rHand 538.736 0.673828 -0.0487957 0.737276 0.0461732 0.0106171 0.648802 0.0106171
lFoot 538.736 -0.0116963 0.994298 0.105994 -0.605044 -0.612522 -0.196467 -0.612522
rFoot 538.736 0.103236 0.815379 0.569648 -0.972047 -0.0455235 0.0723131 -0.0455235
head 538.747 -0.0521318 -0.154265 0.986653 0.241827 0.095336 0.890471 0.095336
hip 538.747 -0.0644985 0.488892 0.869957 0.763549 0.118477 0.462428 0.118477
lHand 538.747 0.149809 -0.207209 0.966758 0.944252 0.0575368 -0.322833 0.0575368
rHand 538.747 0.673872 -0.0488553 0.737231 0.0456704 0.0113093 0.64886 0.0113093
lFoot 538.747 -0.0116344 0.994283 0.106143 -0.604506 -0.613041 -0.196221 -0.613041
rFoot 538.747 0.104609 0.815417 0.569344 -0.972026 -0.0450021 0.0737117 -0.0450021
head 538.758 -0.051636 -0.154134 0.9867 0.242149 0.0955872 0.890067 0.0955872
hip 538.758 -0.0640503 0.488792 0.870046 0.763863 0.119047 0.46257 0.119047
lHand 538.758 0.150288 -0.207474 0.966627 0.944055 0.059096 -0.323101 0.059096
rHand 538.758 0.67438 -0.0489784 0.736758 0.0449438 0.0118769 0.648775 0.0118769
lFoot 538.758 -0.0118385 0.994281 0.106137 -0.603167 -0.614456 -0.196258 -0.614456
rFoot 538.758 0.106855 0.815053 0.569448 -0.971971 -0.0440395 0.0747523 -0.0440395
head 538.769 -0.0511304 -0.153912 0.986761 0.242784 0.0958743 0.889722 0.0958743
hip 538.769 -0.0635709 0.488765 0.870096 0.763981 0.119338 0.462797 0.119338
lHand 538.769 0.150836 -0.207614 0.966512 0.943883 0.0599051 -0.323457 0.0599051
rHand 538.769 0.674978 -0.0489631 0.736211 0.0443804 0.0121373 0.648838 0.0121373
lFoot 538.769 -0.0115849 0.994288 0.106096 -0.60342 -0.614439 -0.196156 -0.614439
rFoot 538.769 0.110117 0.81464 0.569417 -0.971928 -0.0437215 0.0754567 -0.0437215
head 538.78 -0.0506135 -0.153829 0.9868 0.243566 0.0961324 0.889479 0.0961324
hip 538.78 -0.0625607 0.488829 0.870133 0.764135 0.119367 0.462433 0.119367
lHand 538.78 0.151499 -0.207683 0.966393 0.943451 0.0602122 -0.324724 0.0602122
rHand 538.78 0.675735 -0.0483943 0.735554 0.0445008 0.0122239 0.649135 0.0122239
lFoot 538.78 -0.0113819 0.994279 0.106209 -0.604592 -0.61294 -0.195714 -0.61294
rFoot 538.78 0.109275 0.815415 0.56847 -0.971892 -0.0445715 0.0761295 -0.0445715
head 538.791 -0.0501083 -0.1536 0.986862 0.244137 0.0961374 0.889286 0.0961374
hip 538.791 -0.0619006 0.488912 0.870134 0.764504 0.11938 0.461913 0.11938
lHand 538.791 0.152104 -0.207733 0.966287 0.94332 0.0592312 -0.32534 0.0592312
rHand 538.791 0.676145 -0.0480979 0.735197 0.0450325 0.0123266 0.649595 0.0123266
lFoot 538.791 -0.0113144 0.994276 0.106246 -0.604668 -0.612719 -0.195313 -0.612719
rFoot 538.791 0.108845 0.815338 0.568661 -0.971892 -0.04361 0.0771333 -0.04361
head 538.803 -0.0494552 -0.153326 0.986937 0.244418 0.0960195 0.889129 0.0960195
hip 538.803 -0.0613277 0.489057 0.870093 0.76523 0.119543 0.460607 0.119543
lHand 538.803 0.152734 -0.207796 0.966174 0.943469 0.0582671 -0.325098 0.0582671
rHand 538.803 0.676631 -0.0475724 0.734784 0.0457896 0.0125544 0.650038 0.0125544
lFoot 538.803 -0.011293 0.994284 0.106168 -0.604383 -0.613362 -0.194731 -0.613362
rFoot 538.803 0.110282 0.815494 0.568162 -0.971912 -0.0424044 0.0781801 -0.0424044
head 538.814 -0.048797 -0.15305 0.987013 0.244444 0.0956326 0.88895 0.0956326
hip 538.814 -0.0607031 0.489065 0.870133 0.76536 0.119861 0.460499 0.119861
lHand 538.814 0.153107 -0.207978 0.966076 0.943585 0.0581429 -0.324756 0.0581429
rHand 538.814 0.676979 -0.0470333 0.734498 0.0469099 0.0127719 0.650527 0.0127719
lFoot 538.814 -0.0112492 0.994281 0.106202 -0.604613 -0.613175 -0.194316 -0.613175
rFoot 538.814 0.11199 0.815234 0.5682 -0.971919 -0.0411949 0.0789619 -0.0411949
head 538.825 -0.048183 -0.152644 0.987106 0.244525 0.0953557 0.888708 0.0953557
hip 538.825 -0.0602678 0.489178 0.870099 0.764939 0.12021 0.46133 0.12021
lHand 538.825 0.153489 -0.208174 0.965973 0.943571 0.0590121 -0.324615 0.0590121
rHand 538.825 0.677654 -0.0465687 0.733905 0.047044 0.0129751 0.65089 0.0129751
lFoot 538.825 -0.0112164 0.994281 0.106203 -0.604756 -0.612945 -0.194132 -0.612945
rFoot 538.825 0.112994 0.815133 0.568146 -0.971877 -0.0413622 0.0794579 -0.0413622
head 538.836 -0.0475379 -0.152311 0.987189 0.244643 0.0953069 0.888542 0.0953069
hip 538.836 -0.059778 0.489332 0.870047 0.764369 0.120566 0.462398 0.120566
lHand 538.836 0.153995 -0.208328 0.96586 0.943372 0.0592783 -0.325175 0.0592783
rHand 538.836 0.678305 -0.0459613 0.733342 0.04653 0.013257 0.650985 0.013257
lFoot 538.836 -0.0113168 0.994285 0.10616 -0.604155 -0.61362 -0.193988 -0.61362
rFoot 538.836 0.113727 0.815336 0.567709 -0.971803 -0.0421371 0.0801376 -0.0421371
head 538.847 -0.0468481 -0.152126 0.98725 0.244921 0.0956222 0.888466 0.0956222
hip 538.847 -0.0591305 0.489312 0.870102 0.764592 0.120753 0.462018 0.120753
lHand 538.847 0.154521 -0.208499 0.965739 0.943097 0.0591688 -0.326052 0.0591688
rHand 538.847 0.679077 -0.0452308 0.732672 0.0459677 0.0131488 0.650992 0.0131488
lFoot 538.847 -0.0113151 0.994276 0.106237 -0.604081 -0.613697 -0.193726 -0.613697
rFoot 538.847 0.113715 0.815095 0.568057 -0.971742 -0.0422251 0.0805927 -0.0422251
head 538.858 -0.0460068 -0.152002 0.987309 0.245528 0.0962225 0.888627 0.0962225
hip 538.858 -0.0584379 0.489446 0.870073 0.765236 0.120877 0.460719 0.120877
lHand 538.858 0.155216 -0.208454 0.965637 0.942917 0.0566689 -0.327115 0.0566689
rHand 538.858 0.68008 -0.0445863 0.73178 0.0455498 0.0129965 0.650114 0.0129965
lFoot 538.858 -0.0112882 0.994277 0.106231 -0.603972 -0.613714 -0.193474 -0.613714
rFoot 538.858 0.114155 0.814912 0.568231 -0.971712 -0.0421645 0.0810431 -0.0421645
head 538.87 -0.0451932 -0.151985 0.987349 0.245946 0.0967425 0.888917 0.0967425
hip 538.87 -0.0578568 0.489592 0.87003 0.76582 0.12105 0.459689 0.12105
lHand 538.87 0.156051 -0.208524 0.965487 0.942889 0.0544897 -0.327623 0.0544897
rHand 538.87 0.680762 -0.0439619 0.731184 0.0455986 0.0130716 0.649677 0.0130716
lFoot 538.87 -0.0112572 0.99428 0.106215 -0.603865 -0.613752 -0.193176 -0.613752
rFoot 538.87 0.115587 0.815255 0.567449 -0.971671 -0.0418935 0.0818841 -0.0418935
head 538.881 -0.0443789 -0.151829 0.98741 0.24606 0.097404 0.888974 0.097404
hip 538.881 -0.0572889 0.489576 0.870076 0.766219 0.121333 0.459116 0.121333
lHand 538.881 0.156596 -0.208562 0.965391 0.942991 0.0522793 -0.327717 0.0522793
rHand 538.881 0.681345 -0.0426888 0.730717 0.046814 0.0131638 0.64821 0.0131638
lFoot 538.881 -0.0112655 0.994279 0.106222 -0.603665 -0.613905 -0.192987 -0.613905
rFoot 538.881 0.116854 0.814752 0.567913 -0.971604 -0.0415513 0.0827204 -0.0415513
head 538.892 -0.0437004 -0.151565 0.987481 0.2461 0.0981456 0.888839 0.0981456
hip 538.892 -0.0568772 0.489686 0.870042 0.765983 0.121697 0.459576 0.121697
lHand 538.892 0.157145 -0.20857 0.9653 0.942831 0.0515219 -0.328316 0.0515219
rHand 538.892 0.681888 -0.0416146 0.730272 0.0477955 0.0129878 0.646968 0.0129878
lFoot 538.892 -0.0113646 0.994276 0.106232 -0.602718 -0.614716 -0.192929 -0.614716
rFoot 538.892 0.117394 0.814345 0.568385 -0.971517 -0.0417587 0.0838145 -0.0417587
head 538.903 -0.042865 -0.151532 0.987522 0.246268 0.0991503 0.888561 0.0991503
hip 538.903 -0.0564704 0.489884 0.869957 0.765679 0.121726 0.460185 0.121726
lHand 538.903 0.157868 -0.208757 0.965141 0.942461 0.0515312 -0.329434 0.0515312
rHand 538.903 0.682729 -0.0405116 0.729548 0.0483683 0.0124404 0.645774 0.0124404
lFoot 538.903 -0.0115258 0.994274 0.106235 -0.601344 -0.615898 -0.192903 -0.615898
rFoot 538.903 0.1194 0.812965 0.56994 -0.971423 -0.0415556 0.0844778 -0.0415556
head 538.914 -0.0420823 -0.151377 0.98758 0.246749 0.100103 0.88834 0.100103
hip 538.914 -0.0557649 0.489597 0.870164 0.765716 0.121831 0.45999 0.121831
lHand 538.914 0.158517 -0.20881 0.965024 0.942309 0.0517902 -0.32989 0.0517902
rHand 538.914 0.683492 -0.0396438 0.728881 0.0490772 0.011152 0.644212 0.011152
lFoot 538.914 -0.0115632 0.994252 0.106443 -0.599934 -0.616953 -0.192994 -0.616953
rFoot 538.914 0.120624 0.812382 0.570513 -0.971351 -0.0415196 0.0851791 -0.0415196
head 538.925 -0.0413554 -0.151342 0.987616 0.247701 0.101047 0.888215 0.101047
hip 538.925 -0.0551911 0.489734 0.870123 0.765931 0.121888 0.459519 0.121888
lHand 538.925 0.159213 -0.208943 0.96488 0.942098 0.0523319 -0.33046 0.0523319
rHand 538.925 0.684216 -0.0387297 0.728251 0.0495901 0.0103125 0.642764 0.0103125
lFoot 538.925 -0.0115796 0.994261 0.106358 -0.598372 -0.618261 -0.192982 -0.618261
rFoot 538.925 0.121516 0.812463 0.570208 -0.971268 -0.0419725 0.0865155 -0.0419725
head 538.936 -0.0405141 -0.151327 0.987653 0.248734 0.101355 0.888294 0.101355
hip 538.936 -0.0545679 0.489885 0.870078 0.766361 0.121908 0.45858 0.121908
lHand 538.936 0.160072 -0.20906 0.964713 0.941911 0.0522168 -0.331057 0.0522168
rHand 538.936 0.684771 -0.0378261 0.727776 0.0502642 0.00997483 0.641234 0.00997483
lFoot 538.936 -0.0114136 0.994251 0.106461 -0.599544 -0.617016 -0.192519 -0.617016
rFoot 538.936 0.122426 0.812566 0.569867 -0.97122 -0.041886 0.0871785 -0.041886
head 538.947 -0.0397409 -0.151244 0.987697 0.249608 0.101432 0.888355 0.101432
hip 538.947 -0.0538255 0.489771 0.870188 0.766781 0.12185 0.457679 0.12185
lHand 538.947 0.160843 -0.20899 0.9646 0.941793 0.0519345 -0.331467 0.0519345
rHand 538.947 0.685109 -0.0369065 0.727505 0.0496391 0.0102754 0.640304 0.0102754
lFoot 538.947 -0.0112371 0.994246 0.106527 -0.599812 -0.61635 -0.192163 -0.61635
rFoot 538.947 0.123601 0.812135 0.570228 -0.971183 -0.0408874 0.087516 -0.0408874
head 538.959 -0.0389635 -0.151217 0.987732 0.250322 0.10187 0.888172 0.10187
hip 538.959 -0.0533793 0.489761 0.870221 0.767095 0.122185 0.457314 0.122185
lHand 538.959 0.161725 -0.208995 0.964451 0.941671 0.0515544 -0.331875 0.0515544
rHand 538.959 0.685693 -0.0365273 0.726973 0.0489465 0.0106788 0.639674 0.0106788
lFoot 538.959 -0.011175 0.994255 0.106453 -0.599619 -0.616606 -0.191711 -0.616606
rFoot 538.959 0.123043 0.811852 0.570752 -0.971172 -0.0404439 0.0883333 -0.0404439
head 538.97 -0.0382892 -0.151026 0.987788 0.250818 0.102731 0.88782 0.102731
hip 538.97 -0.0530771 0.489765 0.870237 0.767095 0.122621 0.45784 0.122621
lHand 538.97 0.162554 -0.208977 0.964316 0.941315 0.0516957 -0.332882 0.0516957
rHand 538.97 0.685967 -0.0356451 0.726759 0.0481037 0.0119039 0.639308 0.0119039
lFoot 538.97 -0.0111928 0.994255 0.106445 -0.599347 -0.617081 -0.191222 -0.617081
rFoot 538.97 0.123243 0.811841 0.570724 -0.971161 -0.0399261 0.0895021 -0.0399261
head 538.981 -0.0375981 -0.151004 0.987818 0.251248 0.103954 0.887378 0.103954
hip 538.981 -0.0525403 0.489523 0.870406 0.767143 0.122955 0.458196 0.122955
lHand 538.981 0.163335 -0.209032 0.964172 0.940869 0.0525819 -0.334018 0.0525819
rHand 538.981 0.686191 -0.0352056 0.726569 0.0468559 0.0124626 0.639378 0.0124626
lFoot 538.981 -0.0110036 0.994255 0.106465 -0.599876 -0.616701 -0.190785 -0.616701
rFoot 538.981 0.123616 0.811502 0.571124 -0.971121 -0.0393679 0.0900283 -0.0393679
head 538.992 -0.0368703 -0.1509 0.987861 0.251995 0.104795 0.887003 0.104795
hip 538.992 -0.0520289 0.489561 0.870415 0.767221 0.123099 0.458243 0.123099
lHand 538.992 0.16404 -0.208945 0.964071 0.940647 0.0533143 -0.334536 0.0533143
rHand 538.992 0.686541 -0.0346201 0.726266 0.0454197 0.0128359 0.639557 0.0128359
lFoot 538.992 -0.0109559 0.994242 0.106595 -0.600076 -0.616285 -0.190323 -0.616285
rFoot 538.992 0.123906 0.811344 0.571287 -0.971091 -0.0393634 0.0903889 -0.0393634
head 539.003 -0.036157 -0.150906 0.987887 0.252738 0.10496 0.886869 0.10496
hip 539.003 -0.0513423 0.489746 0.870352 0.767361 0.123185 0.457913 0.123185
lHand 539.003 0.164863 -0.208962 0.963927 0.9407 0.053978 -0.334262 0.053978
rHand 539.003 0.687042 -0.034166 0.725814 0.0445908 0.0131405 0.639501 0.0131405
lFoot 539.003 -0.0108831 0.994241 0.10661 -0.599737 -0.61653 -0.190146 -0.61653
rFoot 539.003 0.124217 0.811627 0.570817 -0.971093 -0.03969 0.0908563 -0.03969
head 539.015 -0.0354087 -0.150939 0.987909 0.253541 0.104564 0.886919 0.104564
hip 539.015 -0.0506141 0.489696 0.870423 0.767636 0.123259 0.457328 0.123259
lHand 539.015 0.16558 -0.208918 0.963814 0.940799 0.054546 -0.333853 0.054546
rHand 539.015 0.687388 -0.03371 0.725508 0.0437329 0.0134744 0.639584 0.0134744
lFoot 539.015 -0.010802 0.994242 0.10661 -0.599663 -0.616445 -0.18987 -0.616445
rFoot 539.015 0.125171 0.811531 0.570745 -0.971072 -0.0394677 0.0911513 -0.0394677
head 539.026 -0.034669 -0.150841 0.98795 0.254327 0.103769 0.887061 0.103769
hip 539.026 -0.0499355 0.489799 0.870404 0.768172 0.123275 0.45629 0.123275
lHand 539.026 0.166285 -0.208907 0.963694 0.940988 0.055025 -0.333171 0.055025
rHand 539.026 0.687635 -0.0332899 0.725293 0.042916 0.0141493 0.639775 0.0141493
lFoot 539.026 -0.0108233 0.994232 0.106707 -0.599568 -0.616384 -0.18968 -0.616384
rFoot 539.026 0.125929 0.811363 0.570817 -0.971073 -0.0392823 0.0915377 -0.0392823
head 539.037 -0.0339208 -0.150894 0.987968 0.254942 0.103089 0.887083 0.103089
hip 539.037 -0.0493176 0.489886 0.870391 0.768869 0.123344 0.455174 0.123344
lHand 539.037 0.16719 -0.208902 0.963539 0.940747 0.054894 -0.333846 0.054894
rHand 539.037 0.687525 -0.0334692 0.725389 0.0421866 0.0154803 0.640594 0.0154803
lFoot 539.037 -0.0108436 0.994224 0.106777 -0.599136 -0.616959 -0.18943 -0.616959
rFoot 539.037 0.126443 0.810974 0.571255 -0.971041 -0.0394541 0.0921075 -0.0394541
head 539.048 -0.0331635 -0.150878 0.987996 0.255373 0.102893 0.886963 0.102893
hip 539.048 -0.0487592 0.489861 0.870436 0.769205 0.12371 0.454993 0.12371
lHand 539.048 0.167947 -0.208917 0.963404 0.940553 0.0548845 -0.334366 0.0548845
rHand 539.048 0.687742 -0.0332898 0.725191 0.041376 0.0163054 0.641584 0.0163054
lFoot 539.048 -0.0108203 0.994225 0.10677 -0.598906 -0.617283 -0.189188 -0.617283
rFoot 539.048 0.127278 0.81077 0.57136 -0.971045 -0.0392436 0.0925413 -0.0392436
head 539.059 -0.0325739 -0.15093 0.988008 0.255909 0.1031 0.886668 0.1031
hip 539.059 -0.0482902 0.489943 0.870416 0.769273 0.12397 0.455298 0.12397
lHand 539.059 0.168742 -0.208955 0.963257 0.940151 0.0552852 -0.335442 0.0552852
rHand 539.059 0.688361 -0.0333078 0.724603 0.0412755 0.016384 0.641999 0.016384
lFoot 539.059 -0.0108463 0.994213 0.106882 -0.598728 -0.617413 -0.188993 -0.617413
rFoot 539.059 0.127788 0.810639 0.571433 -0.971017 -0.0389271 0.0932761 -0.0389271
head 539.07 -0.0318709 -0.150906 0.988034 0.256538 0.103023 0.886477 0.103023
hip 539.07 -0.0476915 0.490138 0.870339 0.769205 0.124128 0.455419 0.124128
lHand 539.07 0.169507 -0.208948 0.963124 0.939648 0.0557307 -0.336799 0.0557307
rHand 539.07 0.688894 -0.03311 0.724105 0.0413759 0.0163477 0.642274 0.0163477
lFoot 539.07 -0.0108998 0.994213 0.106875 -0.598465 -0.617637 -0.188768 -0.617637
rFoot 539.07 0.12868 0.810875 0.570897 -0.970995 -0.0383861 0.094024 -0.0383861
head 539.082 -0.0311545 -0.1508 0.988073 0.257642 0.102557 0.886352 0.102557
hip 539.082 -0.046861 0.490109 0.870401 0.769431 0.124085 0.454805 0.124085
lHand 539.082 0.170328 -0.208977 0.962973 0.93928 0.0555964 -0.337909 0.0555964
rHand 539.082 0.689661 -0.0326864 0.723394 0.042137 0.0156045 0.642169 0.0156045
lFoot 539.082 -0.0109133 0.994213 0.106873 -0.597771 -0.618199 -0.188569 -0.618199
rFoot 539.082 0.130409 0.81079 0.570625 -0.970973 -0.0384889 0.0944892 -0.0384889
head 539.093 -0.0304677 -0.150805 0.988094 0.25882 0.102017 0.886275 0.102017
hip 539.093 -0.0461521 0.490263 0.870352 0.769936 0.124132 0.453628 0.124132
lHand 539.093 0.171172 -0.208987 0.962821 0.939044 0.0547852 -0.338737 0.0547852
rHand 539.093 0.690462 -0.0327549 0.722626 0.0430408 0.0148892 0.641937 0.0148892
lFoot 539.093 -0.010919 0.994215 0.106851 -0.596995 -0.618755 -0.188283 -0.618755
rFoot 539.093 0.131603 0.810649 0.570552 -0.970939 -0.0385816 0.0951127 -0.0385816
head 539.104 -0.0297636 -0.150677 0.988135 0.259635 0.101516 0.886183 0.101516
hip 539.104 -0.045494 0.490488 0.87026 0.77038 0.124126 0.45262 0.124126
lHand 539.104 0.17203 -0.208824 0.962704 0.939038 0.0525993 -0.339128 0.0525993
rHand 539.104 0.690799 -0.0322307 0.722328 0.0437591 0.014576 0.64175 0.014576
lFoot 539.104 -0.0109578 0.994214 0.106858 -0.596407 -0.619185 -0.187956 -0.619185
rFoot 539.104 0.133215 0.811211 0.569377 -0.970936 -0.0387597 0.0958899 -0.0387597
head 539.115 -0.029059 -0.150543 0.988176 0.260201 0.101372 0.885939 0.101372
hip 539.115 -0.0447911 0.49046 0.870312 0.770891 0.124176 0.451781 0.124176
lHand 539.115 0.172775 -0.208758 0.962584 0.939198 0.0504019 -0.339032 0.0504019
rHand 539.115 0.690988 -0.0318191 0.722165 0.044331 0.0144332 0.641775 0.0144332
lFoot 539.115 -0.0110136 0.99421 0.106893 -0.594937 -0.620458 -0.187781 -0.620458
rFoot 539.115 0.137198 0.811087 0.568607 -0.97084 -0.0387678 0.0968443 -0.0387678
head 539.126 -0.0282864 -0.150506 0.988204 0.260547 0.101464 0.885642 0.101464
hip 539.126 -0.0444103 0.490447 0.870339 0.771203 0.124524 0.451737 0.124524
lHand 539.126 0.173681 -0.208746 0.962424 0.939097 0.0491015 -0.339517 0.0491015
rHand 539.126 0.691411 -0.0318663 0.721759 0.0451834 0.0140565 0.641707 0.0140565
lFoot 539.126 -0.0111383 0.994192 0.107043 -0.593532 -0.621644 -0.187697 -0.621644
rFoot 539.126 0.140719 0.810823 0.568124 -0.970857 -0.0396994 0.0964177 -0.0396994
head 539.138 -0.0274328 -0.150555 0.988221 0.260759 0.10171 0.885428 0.10171
hip 539.138 -0.0440055 0.490441 0.870363 0.771396 0.124695 0.451835 0.124695
lHand 539.138 0.174607 -0.208963 0.962209 0.938815 0.0489854 -0.340346 0.0489854
rHand 539.138 0.691657 -0.0317882 0.721526 0.0459348 0.013275 0.641703 0.013275
lFoot 539.138 -0.0111477 0.994167 0.107274 -0.592451 -0.622373 -0.187616 -0.622373
rFoot 539.138 0.142726 0.809679 0.569253 -0.970871 -0.0413099 0.0958631 -0.0413099
head 539.148 -0.0266629 -0.150587 0.988237 0.261096 0.102328 0.885235 0.102328
hip 539.148 -0.0434691 0.490178 0.870538 0.771497 0.124766 0.452444 0.124766
lHand 539.148 0.175416 -0.209199 0.962011 0.93861 0.0499291 -0.340801 0.0499291
rHand 539.148 0.692367 -0.0311169 0.720874 0.0460766 0.0117801 0.641804 0.0117801
lFoot 539.148 -0.0111921 0.994157 0.107365 -0.591502 -0.623248 -0.187325 -0.623248
rFoot 539.148 0.14262 0.809802 0.569105 -0.970862 -0.0422226 0.0964646 -0.0422226
head 539.16 -0.0259501 -0.150605 0.988253 0.261662 0.103122 0.885106 0.103122
hip 539.16 -0.0431422 0.490204 0.87054 0.771166 0.124851 0.453709 0.124851
lHand 539.16 0.176216 -0.209309 0.961841 0.938888 0.0507875 -0.339906 0.0507875
rHand 539.16 0.693102 -0.0304341 0.720197 0.0463415 0.0101646 0.641585 0.0101646
lFoot 539.16 -0.0112871 0.994142 0.107493 -0.590588 -0.624224 -0.18703 -0.624224
rFoot 539.16 0.142846 0.809888 0.568925 -0.970856 -0.0420693 0.0976156 -0.0420693
head 539.171 -0.0251374 -0.150759 0.988251 0.262363 0.103759 0.88509 0.103759
hip 539.171 -0.0426695 0.49027 0.870526 0.771036 0.124995 0.454226 0.124995
lHand 539.171 0.177015 -0.209461 0.961661 0.939162 0.0512838 -0.339063 0.0512838
rHand 539.171 0.69374 -0.0297125 0.719613 0.0472182 0.00899541 0.641132 0.00899541
lFoot 539.171 -0.0112693 0.994127 0.107629 -0.589844 -0.625093 -0.186462 -0.625093
rFoot 539.171 0.145459 0.809342 0.569041 -0.9708 -0.0393214 0.0991918 -0.0393214
head 539.182 -0.0242362 -0.150842 0.988261 0.263074 0.103936 0.88537 0.103936
hip 539.182 -0.0419453 0.490246 0.870574 0.771515 0.124941 0.453425 0.124941
lHand 539.182 0.178075 -0.209459 0.961466 0.939146 0.0525512 -0.338878 0.0525512
rHand 539.182 0.694288 -0.0286716 0.719126 0.0489109 0.00794616 0.640007 0.00794616
lFoot 539.182 -0.0112367 0.994122 0.107684 -0.588684 -0.626199 -0.186217 -0.626199
rFoot 539.182 0.149745 0.809223 0.568097 -0.970895 -0.0374616 0.0999882 -0.0374616
head 539.193 -0.0232035 -0.150957 0.988268 0.263602 0.103919 0.885597 0.103919
hip 539.193 -0.0413719 0.490314 0.870563 0.771833 0.125118 0.452938 0.125118
lHand 539.193 0.179141 -0.209671 0.961221 0.938991 0.0533163 -0.33917 0.0533163
rHand 539.193 0.694831 -0.027872 0.718633 0.0497944 0.00771884 0.638954 0.00771884
lFoot 539.193 -0.0111875 0.994111 0.107791 -0.588071 -0.626335 -0.18623 -0.626335
rFoot 539.193 0.153489 0.808868 0.567603 -0.970929 -0.0371107 0.100369 -0.0371107
head 539.205 -0.0223427 -0.150858 0.988303 0.26382 0.103861 0.88565 0.103861
hip 539.205 -0.0408849 0.490335 0.870575 0.772353 0.125582 0.452408 0.125582
lHand 539.205 0.180268 -0.209852 0.960971 0.938476 0.0545602 -0.340402 0.0545602
rHand 539.205 0.695023 -0.0268968 0.718484 0.0499418 0.00801051 0.638578 0.00801051
lFoot 539.205 -0.0111681 0.994109 0.107805 -0.587996 -0.626095 -0.186095 -0.626095
rFoot 539.205 0.155411 0.808791 0.56719 -0.970979 -0.0380449 0.100681 -0.0380449
head 539.216 -0.0214889 -0.150822 0.988327 0.263939 0.104134 0.885549 0.104134
hip 539.216 -0.040379 0.490322 0.870605 0.772693 0.125913 0.452255 0.125913
lHand 539.216 0.181329 -0.210067 0.960725 0.937546 0.056155 -0.342746 0.056155
rHand 539.216 0.694939 -0.0259277 0.718601 0.0488737 0.00883436 0.638932 0.00883436
lFoot 539.216 -0.0112879 0.994108 0.107805 -0.58751 -0.626476 -0.185915 -0.626476
rFoot 539.216 0.156301 0.808467 0.567408 -0.970971 -0.0384327 0.101277 -0.0384327
head 539.227 -0.0206257 -0.150693 0.988365 0.264218 0.104569 0.885415 0.104569
hip 539.227 -0.0398931 0.49041 0.870578 0.772769 0.125994 0.452406 0.125994
lHand 539.227 0.18229 -0.210283 0.960495 0.936987 0.0579842 -0.344006 0.0579842
rHand 539.227 0.695028 -0.0245115 0.718565 0.0453725 0.00939808 0.639988 0.00939808
lFoot 539.227 -0.0113461 0.994105 0.107831 -0.586872 -0.627179 -0.185604 -0.627179
rFoot 539.227 0.156638 0.808625 0.567089 -0.970925 -0.0396614 0.101899 -0.0396614
head 539.238 -0.0198095 -0.150695 0.988382 0.264944 0.104838 0.885399 0.104838
hip 539.238 -0.039555 0.490538 0.870521 0.772955 0.1261 0.452319 0.1261
lHand 539.238 0.183225 -0.210493 0.960271 0.93654 0.0593442 -0.345019 0.0593442
rHand 539.238 0.695703 -0.0233782 0.717948 0.0422227 0.0091059 0.640568 0.0091059
lFoot 539.238 -0.0113668 0.994099 0.107882 -0.586328 -0.627932 -0.185285 -0.627932
rFoot 539.238 0.158008 0.808761 0.566515 -0.970896 -0.040201 0.102293 -0.040201
head 539.249 -0.018949 -0.150774 0.988387 0.265957 0.104712 0.885593 0.104712
hip 539.249 -0.0389499 0.490605 0.870511 0.773119 0.126039 0.452054 0.126039
lHand 539.249 0.184074 -0.21069 0.960066 0.936461 0.0598205 -0.345136 0.0598205
rHand 539.249 0.696214 -0.0223515 0.717486 0.0397687 0.00883889 0.641022 0.00883889
lFoot 539.249 -0.0114687 0.994091 0.107942 -0.585915 -0.628457 -0.185127 -0.628457
rFoot 539.249 0.159628 0.808598 0.566293 -0.970934 -0.0407028 0.102113 -0.0407028
head 539.26 -0.0180549 -0.150673 0.988419 0.266958 0.104278 0.885716 0.104278
hip 539.26 -0.0383568 0.490755 0.870453 0.773477 0.126122 0.451201 0.126122
lHand 539.26 0.184977 -0.210895 0.959847 0.936479 0.060051 -0.345027 0.060051
rHand 539.26 0.696654 -0.0211509 0.717095 0.0378956 0.00897931 0.641037 0.00897931
lFoot 539.26 -0.0114436 0.994085 0.107996 -0.585266 -0.629116 -0.184866 -0.629116
rFoot 539.26 0.160641 0.808274 0.566469 -0.970985 -0.041494 0.102133 -0.041494
head 539.271 -0.017304 -0.150511 0.988457 0.267896 0.104144 0.885638 0.104144
hip 539.271 -0.0378895 0.490879 0.870404 0.774087 0.126214 0.45026 0.126214
lHand 539.271 0.185798 -0.211011 0.959663 0.936474 0.0601262 -0.345011 0.0601262
rHand 539.271 0.696863 -0.0202109 0.716919 0.0373143 0.0094889 0.640815 0.0094889
lFoot 539.271 -0.011387 0.994077 0.108076 -0.585114 -0.629345 -0.184516 -0.629345
rFoot 539.271 0.161524 0.808365 0.566089 -0.970979 -0.0416811 0.103037 -0.0416811
head 539.283 -0.0165092 -0.15037 0.988492 0.268677 0.104261 0.885466 0.104261
hip 539.283 -0.03771 0.490921 0.870388 0.774416 0.126445 0.45012 0.126445
lHand 539.283 0.186557 -0.211197 0.959475 0.936401 0.0589154 -0.345435 0.0589154
rHand 539.283 0.696934 -0.0192654 0.716876 0.037947 0.0101467 0.640048 0.0101467
lFoot 539.283 -0.0113889 0.994072 0.108123 -0.585122 -0.629268 -0.18429 -0.629268
rFoot 539.283 0.163182 0.8078 0.56642 -0.970993 -0.0407576 0.103975 -0.0407576
head 539.294 -0.0156905 -0.150298 0.988516 0.269427 0.1047 0.885172 0.1047
hip 539.294 -0.0374185 0.491003 0.870354 0.774285 0.126785 0.450457 0.126785
lHand 539.294 0.187467 -0.21129 0.959277 0.936065 0.058154 -0.346524 0.058154
rHand 539.294 0.697108 -0.0184952 0.716727 0.0388196 0.0104404 0.639306 0.0104404
lFoot 539.294 -0.0112809 0.994069 0.10816 -0.584841 -0.629393 -0.184114 -0.629393
rFoot 539.294 0.164521 0.807619 0.56629 -0.971 -0.0406491 0.10438 -0.0406491
head 539.305 -0.0149171 -0.150093 0.988559 0.270146 0.105115 0.88482 0.105115
hip 539.305 -0.0372172 0.491184 0.870261 0.774427 0.126791 0.45049 0.126791
lHand 539.305 0.188428 -0.211351 0.959075 0.935164 0.0569304 -0.349282 0.0569304
rHand 539.305 0.697071 -0.0176175 0.716786 0.0389282 0.0107773 0.63921 0.0107773
lFoot 539.305 -0.0112759 0.99406 0.108249 -0.584545 -0.629687 -0.183999 -0.629687
rFoot 539.305 0.164921 0.808282 0.565227 -0.971059 -0.0411571 0.104378 -0.0411571
head 539.316 -0.0142007 -0.149969 0.988589 0.271192 0.1057 0.884489 0.1057
hip 539.316 -0.036808 0.490989 0.870388 0.774638 0.127023 0.450367 0.127023
lHand 539.316 0.189243 -0.211535 0.958874 0.934612 0.0562012 -0.350943 0.0562012
rHand 539.316 0.697055 -0.0169098 0.716818 0.0377087 0.0101288 0.639724 0.0101288
lFoot 539.316 -0.0113042 0.994058 0.108265 -0.58432 -0.630037 -0.183766 -0.630037
rFoot 539.316 0.165439 0.808488 0.56478 -0.971123 -0.0415167 0.104474 -0.0415167
head 539.328 -0.0134403 -0.14997 0.988599 0.27241 0.106254 0.884202 0.106254
hip 539.328 -0.036563 0.491042 0.870368 0.774854 0.127323 0.450482 0.127323
lHand 539.328 0.190132 -0.211613 0.958681 0.934202 0.0552875 -0.352223 0.0552875
rHand 539.328 0.697608 -0.0164933 0.71629 0.036409 0.00906073 0.639994 0.00906073
lFoot 539.328 -0.011214 0.994057 0.108285 -0.583996 -0.630291 -0.183537 -0.630291
rFoot 539.328 0.166553 0.808774 0.564043 -0.971138 -0.0421402 0.104385 -0.0421402
head 539.338 -0.0126822 -0.149939 0.988614 0.273567 0.106438 0.884069 0.106438
hip 539.338 -0.0362879 0.491212 0.870284 0.775123 0.127483 0.450299 0.127483
lHand 539.338 0.190961 -0.211611 0.958517 0.933845 0.054615 -0.353293 0.054615
rHand 539.338 0.697731 -0.0159077 0.716183 0.0354542 0.00833244 0.640097 0.00833244
lFoot 539.338 -0.0111256 0.994052 0.108341 -0.584089 -0.630207 -0.183136 -0.630207
rFoot 539.338 0.16755 0.80915 0.563208 -0.971176 -0.0425693 0.104284 -0.0425693
head 539.349 -0.0119034 -0.149903 0.988629 0.274412 0.106522 0.884055 0.106522
hip 539.349 -0.0357892 0.491085 0.870376 0.775479 0.127495 0.449559 0.127495
lHand 539.349 0.191662 -0.211582 0.958383 0.933857 0.0541516 -0.353313 0.0541516
rHand 539.349 0.697793 -0.0152022 0.716138 0.0344845 0.00771185 0.640424 0.00771185
lFoot 539.349 -0.011127 0.994048 0.10837 -0.584199 -0.63022 -0.182707 -0.63022
rFoot 539.349 0.169155 0.808798 0.563234 -0.97126 -0.042833 0.103982 -0.042833
head 539.362 -0.0113418 -0.149793 0.988652 0.275337 0.106782 0.883912 0.106782
hip 539.362 -0.0354837 0.491215 0.870315 0.7759 0.127473 0.448919 0.127473
lHand 539.362 0.192216 -0.211387 0.958315 0.934185 0.0537951 -0.352465 0.0537951
rHand 539.362 0.698011 -0.0145379 0.715939 0.0337815 0.00730527 0.640529 0.00730527
lFoot 539.362 -0.0110285 0.994041 0.108448 -0.584457 -0.63007 -0.182254 -0.63007
rFoot 539.362 0.16976 0.808528 0.56344 -0.97129 -0.0433013 0.104075 -0.0433013
head 539.372 -0.0106655 -0.149653 0.988681 0.276103 0.107276 0.883777 0.107276
hip 539.372 -0.0353342 0.491349 0.870246 0.776053 0.127725 0.448932 0.127725
lHand 539.372 0.192812 -0.211305 0.958214 0.934446 0.0544715 -0.351633 0.0544715
rHand 539.372 0.698524 -0.0133099 0.715462 0.0342798 0.00689915 0.640201 0.00689915
lFoot 539.372 -0.0109789 0.994033 0.108525 -0.584566 -0.629901 -0.18216 -0.629901
rFoot 539.372 0.170347 0.80874 0.562958 -0.971274 -0.0431421 0.104806 -0.0431421
head 539.384 -0.0099179 -0.149574 0.988701 0.276882 0.10774 0.883638 0.10774
hip 539.384 -0.035039 0.491258 0.870309 0.775857 0.128064 0.449555 0.128064
lHand 539.384 0.193558 -0.211207 0.958085 0.934221 0.0560456 -0.351967 0.0560456
rHand 539.384 0.699259 -0.0125754 0.714758 0.0350273 0.00593251 0.639764 0.00593251
lFoot 539.384 -0.0110456 0.994024 0.108601 -0.584525 -0.630021 -0.182022 -0.630021
rFoot 539.384 0.170591 0.808536 0.563177 -0.971267 -0.0432574 0.10497 -0.0432574
head 539.394 -0.00911106 -0.149462 0.988726 0.277878 0.108185 0.883439 0.108185
hip 539.394 -0.0346903 0.491384 0.870252 0.77592 0.128048 0.449586 0.128048
lHand 539.394 0.194366 -0.211142 0.957936 0.933684 0.0570344 -0.353255 0.0570344
rHand 539.394 0.699921 -0.0117865 0.714123 0.0370372 0.00458274 0.638474 0.00458274
lFoot 539.394 -0.0110867 0.99403 0.108542 -0.584483 -0.630271 -0.181837 -0.630271
rFoot 539.394 0.170482 0.808819 0.562804 -0.971261 -0.0437931 0.105135 -0.0437931
head 539.406 -0.00853379 -0.149307 0.988754 0.278952 0.108476 0.883223 0.108476
hip 539.406 -0.0342431 0.491478 0.870217 0.776512 0.127988 0.448362 0.127988
lHand 539.406 0.195221 -0.21093 0.957808 0.933433 0.0569778 -0.353948 0.0569778
rHand 539.406 0.700589 -0.0109606 0.713481 0.0392771 0.00303897 0.636927 0.00303897
lFoot 539.406 -0.0110572 0.99403 0.108542 -0.584296 -0.630629 -0.181733 -0.630629
rFoot 539.406 0.170266 0.809429 0.561991 -0.971312 -0.0437477 0.105189 -0.0437477
head 539.417 -0.00796645 -0.149146 0.988783 0.279791 0.108562 0.88306 0.108562
hip 539.417 -0.0338938 0.491413 0.870267 0.777049 0.128109 0.447348 0.128109
lHand 539.417 0.195952 -0.210791 0.95769 0.933272 0.0570503 -0.354366 0.0570503
rHand 539.417 0.700882 -0.0102885 0.713203 0.0408255 0.00206475 0.636049 0.00206475
lFoot 539.417 -0.0110984 0.99403 0.108543 -0.584256 -0.63061 -0.181757 -0.63061
rFoot 539.417 0.169643 0.809683 0.561814 -0.971392 -0.0436303 0.10531 -0.0436303
head 539.428 -0.00728723 -0.149036 0.988805 0.280326 0.108645 0.882947 0.108645
hip 539.428 -0.0337472 0.491409 0.870275 0.777335 0.128346 0.447081 0.128346
lHand 539.428 0.196726 -0.210564 0.957581 0.932961 0.0569979 -0.355198 0.0569979
rHand 539.428 0.701085 -0.00977905 0.713011 0.0420848 0.00151418 0.635446 0.00151418
lFoot 539.428 -0.0110984 0.99402 0.108634 -0.584138 -0.630736 -0.181536 -0.630736
rFoot 539.428 0.170827 0.809565 0.561625 -0.971432 -0.042991 0.105692 -0.042991
head 539.439 -0.00666752 -0.148956 0.988821 0.280853 0.10885 0.882795 0.10885
hip 539.439 -0.0334092 0.491135 0.870443 0.777259 0.128614 0.447563 0.128614
lHand 539.439 0.197455 -0.21035 0.957478 0.932589 0.0574057 -0.3561 0.0574057
rHand 539.439 0.70112 -0.00947288 0.71298 0.0423847 0.00150497 0.635746 0.00150497
lFoot 539.439 -0.0110332 0.994008 0.108748 -0.584327 -0.630564 -0.181336 -0.630564
rFoot 539.439 0.171578 0.809189 0.561937 -0.971469 -0.0426705 0.105686 -0.0426705
head 539.45 -0.00607932 -0.148926 0.98883 0.28131 0.109372 0.882638 0.109372
hip 539.45 -0.0333411 0.491085 0.870473 0.777027 0.129056 0.448303 0.129056
lHand 539.45 0.198034 -0.210242 0.957382 0.932623 0.0582916 -0.355843 0.0582916
rHand 539.45 0.701423 -0.00906553 0.712688 0.0425094 0.00102416 0.636139 0.00102416
lFoot 539.45 -0.0110201 0.993998 0.108837 -0.584551 -0.630414 -0.181143 -0.630414
rFoot 539.45 0.171271 0.808761 0.562647 -0.971492 -0.042429 0.105969 -0.042429
head 539.462 -0.00559031 -0.148945 0.98883 0.281881 0.10975 0.882535 0.10975
hip 539.462 -0.0331659 0.491082 0.870482 0.777164 0.129211 0.448231 0.129211
lHand 539.462 0.198687 -0.210155 0.957266 0.932547 0.0589691 -0.355915 0.0589691
rHand 539.462 0.70168 -0.00879837 0.712438 0.0417316 0.000410907 0.636702 0.000410907
lFoot 539.462 -0.0109982 0.993994 0.108885 -0.584728 -0.630445 -0.180792 -0.630445
rFoot 539.462 0.171191 0.80867 0.562802 -0.971446 -0.0425695 0.106505 -0.0425695
head 539.473 -0.00498978 -0.149076 0.988813 0.282553 0.109827 0.882597 0.109827
hip 539.473 -0.0329311 0.490997 0.870539 0.777355 0.129362 0.44808 0.129362
lHand 539.473 0.199372 -0.210106 0.957134 0.932453 0.0596885 -0.356027 0.0596885
rHand 539.473 0.701892 -0.00891322 0.712228 0.0410556 -0.000378031 0.637009 -0.000378031
lFoot 539.473 -0.0110146 0.99399 0.108912 -0.584592 -0.630686 -0.180719 -0.630686
rFoot 539.473 0.171147 0.808985 0.562362 -0.971444 -0.0425018 0.106599 -0.0425018
head 539.484 -0.00444979 -0.149187 0.988799 0.283345 0.109587 0.882745 0.109587
hip 539.484 -0.032627 0.490999 0.870549 0.777337 0.129337 0.447951 0.129337
lHand 539.484 0.20001 -0.210017 0.957021 0.93229 0.0601527 -0.356364 0.0601527
rHand 539.484 0.702128 -0.00854679 0.712 0.0410859 -0.000931799 0.63692 -0.000931799
lFoot 539.484 -0.0109602 0.993988 0.108941 -0.584304 -0.631022 -0.180613 -0.631022
rFoot 539.484 0.172804 0.809084 0.561714 -0.971466 -0.0423861 0.106458 -0.0423861
head 539.495 -0.00402283 -0.149223 0.988795 0.283965 0.109337 0.882865 0.109337
hip 539.495 -0.0323443 0.491048 0.870532 0.777548 0.12928 0.447504 0.12928
lHand 539.495 0.200647 -0.209825 0.95693 0.932112 0.0600885 -0.356837 0.0600885
rHand 539.495 0.702345 -0.00845998 0.711786 0.0412845 -0.0011193 0.636482 -0.0011193
lFoot 539.495 -0.0110029 0.993987 0.10894 -0.583981 -0.631324 -0.180541 -0.631324
rFoot 539.495 0.173296 0.809095 0.561546 -0.971459 -0.0426119 0.106581 -0.0426119
head 539.507 -0.00358358 -0.149163 0.988806 0.284307 0.1094 0.88282 0.1094
hip 539.507 -0.0320099 0.491056 0.87054 0.777912 0.129362 0.44683 0.129362
lHand 539.507 0.201262 -0.209508 0.95687 0.932073 0.0596162 -0.357002 0.0596162
rHand 539.507 0.702248 -0.0080591 0.711887 0.0413206 -0.000233553 0.635965 -0.000233553
lFoot 539.507 -0.0109377 0.993984 0.108979 -0.584011 -0.63107 -0.180589 -0.63107
rFoot 539.507 0.174261 0.80914 0.561183 -0.971435 -0.0427187 0.106921 -0.0427187
head 539.518 -0.00307571 -0.1492 0.988802 0.284555 0.109522 0.882683 0.109522
hip 539.518 -0.0317392 0.490959 0.870604 0.778371 0.129516 0.446098 0.129516
lHand 539.518 0.201826 -0.209408 0.956773 0.932218 0.0597311 -0.356569 0.0597311
rHand 539.518 0.702365 -0.0080009 0.711772 0.0412821 0.000156693 0.635922 0.000156693
lFoot 539.518 -0.0108961 0.993986 0.108964 -0.584047 -0.630774 -0.180621 -0.630774
rFoot 539.518 0.17452 0.808796 0.561597 -0.971424 -0.0427387 0.107264 -0.0427387
head 539.529 -0.00264985 -0.149145 0.988812 0.284811 0.109834 0.882482 0.109834
hip 539.529 -0.0318295 0.490892 0.870639 0.778401 0.130003 0.446453 0.130003
lHand 539.529 0.202275 -0.209256 0.956711 0.932311 0.0607339 -0.356122 0.0607339
rHand 539.529 0.702571 -0.00774121 0.711572 0.0403556 0.000648849 0.636178 0.000648849
lFoot 539.529 -0.010921 0.993986 0.108966 -0.584034 -0.630617 -0.180509 -0.630617
rFoot 539.529 0.17425 0.808668 0.561865 -0.971411 -0.0426862 0.107555 -0.0426862
head 539.54 -0.00220319 -0.149215 0.988802 0.285278 0.110113 0.882328 0.110113
hip 539.54 -0.0318911 0.490919 0.870621 0.778019 0.130342 0.447403 0.130342
lHand 539.54 0.202789 -0.20936 0.95658 0.932152 0.0625383 -0.356209 0.0625383
rHand 539.54 0.702713 -0.00771879 0.711432 0.0389186 0.000704255 0.636797 0.000704255
lFoot 539.54 -0.0109097 0.993983 0.108992 -0.583995 -0.630622 -0.180465 -0.630622
rFoot 539.54 0.174752 0.807864 0.562866 -0.971395 -0.0423919 0.107752 -0.0423919
head 539.551 -0.00179965 -0.149302 0.98879 0.285908 0.110182 0.882305 0.110182
hip 539.551 -0.0316793 0.490718 0.870743 0.777819 0.130496 0.447891 0.130496
lHand 539.551 0.203373 -0.20935 0.956458 0.931886 0.0638938 -0.356661 0.0638938
rHand 539.551 0.702915 -0.00753307 0.711234 0.0380583 0.000564467 0.63719 0.000564467
lFoot 539.551 -0.0109331 0.993982 0.108996 -0.583915 -0.630705 -0.180402 -0.630705
rFoot 539.551 0.174816 0.807812 0.56292 -0.97135 -0.0420225 0.108584 -0.0420225
head 539.563 -0.00146506 -0.149402 0.988776 0.286821 0.109836 0.882414 0.109836
hip 539.563 -0.0313403 0.490782 0.870718 0.778075 0.130429 0.447064 0.130429
lHand 539.563 0.203908 -0.209209 0.956375 0.931723 0.0643172 -0.357026 0.0643172
rHand 539.563 0.703219 -0.0075279 0.710934 0.0372515 7.09966e-05 0.636983 7.09966e-05
lFoot 539.563 -0.0108721 0.99398 0.109024 -0.583864 -0.630853 -0.180264 -0.630853
rFoot 539.563 0.174917 0.80775 0.562978 -0.97131 -0.0421266 0.108735 -0.0421266
head 539.573 -0.00104951 -0.149519 0.988758 0.287385 0.109693 0.882464 0.109693
hip 539.573 -0.0309037 0.490817 0.870714 0.778614 0.130399 0.445872 0.130399
lHand 539.573 0.204462 -0.209085 0.956284 0.931747 0.0642822 -0.356974 0.0642822
rHand 539.573 0.703157 -0.00767024 0.710993 0.0371519 7.68527e-06 0.636848 7.68527e-06
lFoot 539.573 -0.0108448 0.993981 0.109016 -0.584022 -0.630792 -0.180133 -0.630792
rFoot 539.573 0.174921 0.807962 0.562672 -0.971274 -0.042392 0.108833 -0.042392
head 539.584 -0.000689582 -0.149391 0.988778 0.287773 0.10961 0.882307 0.10961
hip 539.584 -0.0306803 0.490731 0.870771 0.778995 0.130691 0.445181 0.130691
lHand 539.584 0.205159 -0.208841 0.956188 0.931641 0.063689 -0.357353 0.063689
rHand 539.584 0.703293 -0.00739635 0.710861 0.0372514 0.000142243 0.636923 0.000142243
lFoot 539.584 -0.0108289 0.993981 0.109013 -0.584298 -0.630563 -0.179892 -0.630563
rFoot 539.584 0.175023 0.807938 0.562675 -0.971275 -0.0423694 0.108964 -0.0423694
head 539.595 -0.000341768 -0.149274 0.988796 0.288153 0.109728 0.881989 0.109728
hip 539.595 -0.0307467 0.490699 0.870787 0.778775 0.131202 0.445951 0.131202
lHand 539.595 0.205738 -0.208578 0.956121 0.931342 0.063188 -0.358223 0.063188
rHand 539.595 0.703317 -0.00724818 0.710839 0.0374016 0.000432908 0.63682 0.000432908
lFoot 539.595 -0.0108072 0.99398 0.109032 -0.584304 -0.630497 -0.179865 -0.630497
rFoot 539.595 0.17557 0.807756 0.562766 -0.97126 -0.0423041 0.109011 -0.0423041
head 539.607 -7.21358e-06 -0.149301 0.988792 0.288484 0.110153 0.881708 0.110153
hip 539.607 -0.0306716 0.490734 0.870769 0.77828 0.131214 0.446928 0.131214
lHand 539.607 0.20636 -0.208334 0.95604 0.930797 0.0625072 -0.35976 0.0625072
rHand 539.607 0.703306 -0.00721148 0.710851 0.037143 0.000425011 0.636661 0.000425011
lFoot 539.607 -0.0108429 0.993979 0.109038 -0.584044 -0.630692 -0.18008 -0.630692
rFoot 539.607 0.175769 0.807741 0.562726 -0.97121 -0.0421989 0.109551 -0.0421989
head 539.618 0.000217118 -0.149306 0.988791 0.28917 0.110478 0.881459 0.110478
hip 539.618 -0.0303805 0.490683 0.870809 0.777864 0.131346 0.447581 0.131346
lHand 539.618 0.206855 -0.208278 0.955945 0.930481 0.0627076 -0.360527 0.0627076
rHand 539.618 0.703458 -0.00733319 0.710699 0.036355 -0.00023881 0.636382 -0.00023881
lFoot 539.618 -0.0108994 0.993985 0.108976 -0.583955 -0.630794 -0.18016 -0.630794
rFoot 539.618 0.175887 0.807723 0.562715 -0.971172 -0.0422694 0.109749 -0.0422694
head 539.629 0.000525168 -0.149362 0.988783 0.289775 0.110595 0.881457 0.110595
hip 539.629 -0.0301663 0.490721 0.870794 0.778066 0.131301 0.447311 0.131301
lHand 539.629 0.207306 -0.208048 0.955898 0.930368 0.0629059 -0.360749 0.0629059
rHand 539.629 0.703831 -0.00741355 0.710329 0.0354286 -0.00156979 0.635666 -0.00156979
lFoot 539.629 -0.0110575 0.993991 0.108899 -0.58379 -0.631112 -0.18018 -0.631112
rFoot 539.629 0.174978 0.808104 0.562451 -0.971138 -0.0425431 0.109819 -0.0425431
head 539.64 0.000855111 -0.149393 0.988777 0.29005 0.11053 0.881498 0.11053
hip 539.64 -0.0300074 0.490728 0.870796 0.778317 0.131548 0.446941 0.131548
lHand 539.64 0.20768 -0.207906 0.955847 0.930823 0.0632403 -0.35947 0.0632403
rHand 539.64 0.704347 -0.00713664 0.70982 0.034132 -0.00248243 0.635418 -0.00248243
lFoot 539.64 -0.0110754 0.993992 0.108889 -0.58379 -0.631099 -0.180233 -0.631099
rFoot 539.64 0.175195 0.808062 0.562443 -0.971126 -0.0424738 0.109682 -0.0424738
head 539.651 0.00114838 -0.149199 0.988807 0.290201 0.110712 0.881344 0.110712
hip 539.651 -0.0301096 0.490574 0.870879 0.778738 0.131836 0.44639 0.131836
lHand 539.651 0.20816 -0.207645 0.9558 0.931127 0.0642183 -0.358487 0.0642183
rHand 539.651 0.704823 -0.00677654 0.709351 0.0330885 -0.00317907 0.63575 -0.00317907
lFoot 539.651 -0.0109229 0.993997 0.108861 -0.583766 -0.631032 -0.180261 -0.631032
rFoot 539.651 0.175877 0.8082 0.562032 -0.97112 -0.0424725 0.110012 -0.0424725
head 539.663 0.00154418 -0.149127 0.988817 0.289958 0.111313 0.881042 0.111313
hip 539.663 -0.0301133 0.490579 0.870876 0.779044 0.132144 0.446001 0.132144
lHand 539.663 0.208664 -0.207499 0.955721 0.931044 0.0648114 -0.358617 0.0648114
rHand 539.663 0.705089 -0.00680631 0.709086 0.0327478 -0.00300289 0.636405 -0.00300289
lFoot 539.663 -0.0109029 0.993992 0.108905 -0.583958 -0.630747 -0.18003 -0.630747
rFoot 539.663 0.176736 0.808005 0.562044 -0.971087 -0.0421045 0.110735 -0.0421045
head 539.674 0.00179463 -0.149003 0.988835 0.289938 0.111574 0.880876 0.111574
hip 539.674 -0.0300406 0.490611 0.870861 0.778907 0.132295 0.446221 0.132295
lHand 539.674 0.209131 -0.20738 0.955645 0.93082 0.0658826 -0.359052 0.0658826
rHand 539.674 0.705374 -0.00636042 0.708807 0.033365 -0.00242124 0.637113 -0.00242124
lFoot 539.674 -0.0108798 0.993995 0.108887 -0.584002 -0.630613 -0.179999 -0.630613
rFoot 539.674 0.177539 0.807849 0.562014 -0.971057 -0.0416566 0.111266 -0.0416566
