tag time posX posY posZ rotX rotY rotZ rotW
head 1575.85 0.024779 0.180851 0.983198 0.69696 -0.0173162 -0.0233442 -0.0173162
hip 1575.85 0.0347613 0.319698 0.946882 0.535255 -0.04396 -0.0161627 -0.04396
lHand 1575.85 0.370212 0.0565093 0.927227 0.402791 0.39022 -0.732138 0.39022
rHand 1575.85 -0.39017 0.152545 0.908018 -0.31184 0.38836 -0.771366 0.38836
lFoot 1575.85 0.327489 0.919964 0.215448 -0.940398 0.0363345 -0.0637109 0.0363345
rFoot 1575.85 -0.377134 0.904719 0.198124 -0.986007 0.004989 0.066756 0.004989
head 1575.87 0.0247268 0.180842 0.983201 0.696733 -0.0173217 -0.023307 -0.0173217
hip 1575.87 0.0344097 0.320277 0.946699 0.535484 -0.0440245 -0.0162438 -0.0440245
lHand 1575.87 0.369816 0.0552571 0.92746 0.403044 0.388921 -0.732528 0.388921
rHand 1575.87 -0.389537 0.151996 0.908382 -0.310483 0.387466 -0.770928 0.387466
lFoot 1575.87 0.327339 0.920038 0.215357 -0.940371 0.0360378 -0.0637245 0.0360378
rFoot 1575.87 -0.377101 0.904732 0.198127 -0.986006 0.00506981 0.0666999 0.00506981
head 1575.88 0.0246543 0.180913 0.98319 0.696455 -0.0175119 -0.0233804 -0.0175119
hip 1575.88 0.0344719 0.320053 0.946772 0.535735 -0.0441484 -0.0166174 -0.0441484
lHand 1575.88 0.368929 0.0538529 0.927896 0.403861 0.387626 -0.73238 0.387626
rHand 1575.88 -0.38847 0.15194 0.908848 -0.308635 0.38668 -0.770314 0.38668
lFoot 1575.88 0.327427 0.919996 0.215403 -0.940354 0.0360769 -0.063812 0.0360769
rFoot 1575.88 -0.377068 0.904728 0.198208 -0.985996 0.00501238 0.0667811 0.00501238
head 1575.89 0.0245037 0.180929 0.983191 0.696144 -0.0176844 -0.0233802 -0.0176844
hip 1575.89 0.0345312 0.319828 0.946846 0.536004 -0.0442286 -0.0169601 -0.0442286
lHand 1575.89 0.368122 0.052386 0.9283 0.404436 0.386399 -0.732496 0.386399
rHand 1575.89 -0.387812 0.151058 0.909276 -0.30805 0.385119 -0.768918 0.385119
lFoot 1575.89 0.327263 0.919997 0.215648 -0.940313 0.0361744 -0.0637618 0.0361744
rFoot 1575.89 -0.377152 0.9047 0.198177 -0.986008 0.00506508 0.0665611 0.00506508
head 1575.9 0.024476 0.180873 0.983202 0.695947 -0.0178598 -0.023514 -0.0178598
hip 1575.9 0.0343909 0.319867 0.946838 0.536177 -0.0442536 -0.0172836 -0.0442536
lHand 1575.9 0.367331 0.0507522 0.928705 0.40558 0.38506 -0.732025 0.38506
rHand 1575.9 -0.38686 0.150597 0.909758 -0.304257 0.383611 -0.768899 0.383611
lFoot 1575.9 0.327205 0.919997 0.215738 -0.940271 0.0362466 -0.0638281 0.0362466
rFoot 1575.9 -0.376999 0.904709 0.198426 -0.98599 0.00523391 0.0664794 0.00523391
head 1575.91 0.0244294 0.180878 0.983202 0.695714 -0.0180935 -0.0236545 -0.0180935
hip 1575.91 0.0341242 0.320201 0.946735 0.536402 -0.0442372 -0.0175186 -0.0442372
lHand 1575.91 0.366593 0.0493272 0.929073 0.406382 0.383638 -0.731917 0.383638
rHand 1575.91 -0.385604 0.1501 0.910373 -0.301435 0.382298 -0.76784 0.382298
lFoot 1575.91 0.327304 0.919946 0.215805 -0.940235 0.0362245 -0.0638989 0.0362245
rFoot 1575.91 -0.377074 0.904686 0.198389 -0.986002 0.00519852 0.06658 0.00519852
head 1575.92 0.0244257 0.180878 0.983202 0.695509 -0.0184335 -0.0238386 -0.0184335
hip 1575.92 0.0342009 0.319946 0.946818 0.536525 -0.0443431 -0.0177835 -0.0443431
lHand 1575.92 0.36611 0.048123 0.929327 0.406861 0.382423 -0.731835 0.382423
rHand 1575.92 -0.384831 0.149452 0.910807 -0.299424 0.380991 -0.766852 0.380991
lFoot 1575.92 0.327368 0.919896 0.215918 -0.940202 0.0362281 -0.0638616 0.0362281
rFoot 1575.92 -0.377088 0.90483 0.197705 -0.98601 0.00533931 0.0663889 0.00533931
head 1575.93 0.0243507 0.180991 0.983183 0.695328 -0.0188112 -0.0240343 -0.0188112
hip 1575.93 0.0337644 0.320762 0.946558 0.53662 -0.0445158 -0.0180361 -0.0445158
lHand 1575.93 0.365476 0.0468675 0.92964 0.407355 0.381452 -0.731645 0.381452
rHand 1575.93 -0.384274 0.148657 0.911172 -0.298108 0.379536 -0.765777 0.379536
lFoot 1575.93 0.326958 0.920269 0.214947 -0.940195 0.0361664 -0.0639107 0.0361664
rFoot 1575.93 -0.37706 0.90486 0.19762 -0.986001 0.00542103 0.066344 0.00542103
head 1575.94 0.0242978 0.181041 0.983175 0.695179 -0.019254 -0.0242576 -0.019254
hip 1575.94 0.0338202 0.320554 0.946626 0.536794 -0.0446062 -0.0183585 -0.0446062
lHand 1575.94 0.365054 0.0458457 0.929857 0.407541 0.380371 -0.731753 0.380371
rHand 1575.94 -0.38381 0.147561 0.911546 -0.29819 0.37809 -0.764648 0.37809
lFoot 1575.94 0.326814 0.920286 0.215094 -0.940138 0.0361407 -0.0638794 0.0361407
rFoot 1575.94 -0.377057 0.90488 0.197536 -0.986017 0.00543164 0.066297 0.00543164
head 1575.96 0.0243296 0.181055 0.983172 0.695053 -0.019787 -0.0245146 -0.019787
hip 1575.96 0.0338673 0.320416 0.946671 0.537215 -0.044678 -0.0186715 -0.044678
lHand 1575.96 0.364395 0.044874 0.930163 0.407908 0.379617 -0.731619 0.379617
rHand 1575.96 -0.38348 0.14616 0.911911 -0.299713 0.376747 -0.763618 0.376747
lFoot 1575.96 0.327224 0.92003 0.215568 -0.94009 0.0361711 -0.0639056 0.0361711
rFoot 1575.96 -0.376945 0.904772 0.198244 -0.986009 0.00550328 0.0662495 0.00550328
head 1575.97 0.0243372 0.180998 0.983182 0.694903 -0.0203958 -0.024858 -0.0203958
hip 1575.97 0.0336641 0.320833 0.946537 0.537638 -0.0447728 -0.0189425 -0.0447728
lHand 1575.97 0.363846 0.043794 0.930429 0.408296 0.37876 -0.731502 0.37876
rHand 1575.97 -0.383393 0.144152 0.912266 -0.301101 0.375572 -0.762722 0.375572
lFoot 1575.97 0.327305 0.919975 0.21568 -0.940044 0.0364137 -0.0639722 0.0364137
rFoot 1575.97 -0.377025 0.904745 0.198215 -0.986034 0.00553647 0.0661567 0.00553647
head 1575.98 0.0243072 0.181036 0.983176 0.69475 -0.020919 -0.0252279 -0.020919
hip 1575.98 0.0337487 0.3207 0.946579 0.538028 -0.0449513 -0.019169 -0.0449513
lHand 1575.98 0.363338 0.0428634 0.930671 0.408594 0.378194 -0.731234 0.378194
rHand 1575.98 -0.383947 0.142491 0.912294 -0.305343 0.37497 -0.762285 0.37497
lFoot 1575.98 0.327335 0.919926 0.215844 -0.939967 0.0364665 -0.0640485 0.0364665
rFoot 1575.98 -0.377005 0.904761 0.198177 -0.986041 0.00557537 0.0660859 0.00557537
head 1575.99 0.0242712 0.181053 0.983174 0.694585 -0.0213921 -0.0256465 -0.0213921
hip 1575.99 0.0338033 0.320533 0.946634 0.538268 -0.0451092 -0.0195192 -0.0451092
lHand 1575.99 0.362832 0.0418786 0.930913 0.408884 0.377653 -0.730963 0.377653
rHand 1575.99 -0.384603 0.141113 0.912232 -0.308572 0.374338 -0.761755 0.374338
lFoot 1575.99 0.32732 0.919905 0.215954 -0.939931 0.0364928 -0.0640938 0.0364928
rFoot 1575.99 -0.377081 0.90474 0.198131 -0.986057 0.00586089 0.0659245 0.00586089
head 1576 0.0242596 0.18102 0.98318 0.694392 -0.0219566 -0.0260853 -0.0219566
hip 1576 0.033686 0.320659 0.946595 0.538444 -0.0452174 -0.0198558 -0.0452174
lHand 1576 0.362359 0.0410179 0.931136 0.409203 0.377089 -0.730666 0.377089
rHand 1576 -0.385262 0.139947 0.912134 -0.312283 0.374451 -0.761783 0.374451
lFoot 1576 0.327301 0.9199 0.216006 -0.939876 0.0365325 -0.0640701 0.0365325
rFoot 1576 -0.377142 0.904677 0.198303 -0.986063 0.00577748 0.0658769 0.00577748
head 1576.01 0.0242292 0.181046 0.983176 0.694183 -0.0224735 -0.0264316 -0.0224735
hip 1576.01 0.0335477 0.320899 0.946519 0.538539 -0.045439 -0.0202085 -0.045439
lHand 1576.01 0.361938 0.040242 0.931333 0.409414 0.376485 -0.730488 0.376485
rHand 1576.01 -0.386104 0.138796 0.911954 -0.314854 0.374481 -0.762016 0.374481
lFoot 1576.01 0.327278 0.919876 0.216142 -0.939825 0.0365154 -0.064042 0.0365154
rFoot 1576.01 -0.377187 0.904654 0.198322 -0.986052 0.00580111 0.0659062 0.00580111
head 1576.02 0.0242468 0.181048 0.983175 0.693964 -0.022961 -0.0267981 -0.022961
hip 1576.02 0.0336368 0.320724 0.946575 0.538484 -0.0454837 -0.0203186 -0.0454837
lHand 1576.02 0.361418 0.0394684 0.931568 0.409756 0.375936 -0.730222 0.375936
rHand 1576.02 -0.387199 0.138382 0.911552 -0.317817 0.375069 -0.762819 0.375069
lFoot 1576.02 0.327332 0.919832 0.216249 -0.939759 0.036523 -0.064099 0.036523
rFoot 1576.02 -0.377074 0.904627 0.19866 -0.986054 0.00593801 0.0657652 0.00593801
head 1576.03 0.0242524 0.18101 0.983182 0.693786 -0.0234219 -0.0272232 -0.0234219
hip 1576.03 0.0333836 0.321103 0.946456 0.538498 -0.0455261 -0.0205593 -0.0455261
lHand 1576.03 0.361051 0.0388591 0.931736 0.410071 0.375597 -0.729885 0.375597
rHand 1576.03 -0.387972 0.138123 0.911263 -0.320369 0.375841 -0.763804 0.375841
lFoot 1576.03 0.327343 0.919801 0.216363 -0.939676 0.0365992 -0.0642011 0.0365992
rFoot 1576.03 -0.37719 0.904573 0.198683 -0.986046 0.00597091 0.0657522 0.00597091
head 1576.04 0.0242077 0.181051 0.983176 0.693593 -0.0237762 -0.02767 -0.0237762
hip 1576.04 0.0334378 0.320929 0.946513 0.538519 -0.0456747 -0.0209357 -0.0456747
lHand 1576.04 0.360623 0.038195 0.931929 0.410371 0.375031 -0.729651 0.375031
rHand 1576.04 -0.388282 0.138192 0.91112 -0.322509 0.376219 -0.765024 0.376219
lFoot 1576.04 0.327346 0.919759 0.216535 -0.939622 0.0367415 -0.0640909 0.0367415
rFoot 1576.04 -0.377205 0.904563 0.1987 -0.986049 0.00606425 0.0656799 0.00606425
head 1576.06 0.0241892 0.181038 0.983179 0.693386 -0.024296 -0.0280125 -0.024296
hip 1576.06 0.0335088 0.320717 0.946582 0.538435 -0.0457756 -0.0210812 -0.0457756
lHand 1576.06 0.360278 0.0378945 0.932075 0.410655 0.374678 -0.729522 0.374678
rHand 1576.06 -0.389348 0.138623 0.9106 -0.323117 0.376559 -0.76667 0.376559
lFoot 1576.06 0.32744 0.919702 0.216636 -0.939581 0.0368264 -0.0643799 0.0368264
rFoot 1576.06 -0.377299 0.904521 0.198715 -0.986045 0.00623319 0.0656354 0.00623319
head 1576.07 0.0241489 0.181072 0.983173 0.693275 -0.0248175 -0.0281608 -0.0248175
hip 1576.07 0.0331795 0.321145 0.946449 0.538615 -0.0457307 -0.0212051 -0.0457307
lHand 1576.07 0.359927 0.0374907 0.932227 0.411085 0.374375 -0.729283 0.374375
rHand 1576.07 -0.389974 0.139166 0.910249 -0.323488 0.376918 -0.768025 0.376918
lFoot 1576.07 0.327192 0.919835 0.216447 -0.939578 0.0366898 -0.0642554 0.0366898
rFoot 1576.07 -0.377086 0.904601 0.198757 -0.986036 0.00627941 0.0654795 0.00627941
head 1576.08 0.0241374 0.181064 0.983175 0.693182 -0.0254489 -0.0283243 -0.0254489
hip 1576.08 0.0332583 0.320994 0.946497 0.538704 -0.0458249 -0.0212732 -0.0458249
lHand 1576.08 0.359677 0.0371689 0.932336 0.411225 0.374109 -0.729252 0.374109
rHand 1576.08 -0.390278 0.140548 0.909906 -0.322227 0.377819 -0.769722 0.377819
lFoot 1576.08 0.327133 0.919823 0.216587 -0.939556 0.0364073 -0.0642362 0.0364073
rFoot 1576.08 -0.37712 0.904597 0.198708 -0.986032 0.00648159 0.0655183 0.00648159
head 1576.09 0.0240958 0.181069 0.983175 0.693122 -0.0261224 -0.0285756 -0.0261224
hip 1576.09 0.0333173 0.320806 0.946559 0.538786 -0.0459565 -0.0215593 -0.0459565
lHand 1576.09 0.359643 0.03707 0.932353 0.411084 0.373975 -0.729292 0.373975
rHand 1576.09 -0.390764 0.141428 0.909561 -0.321825 0.37903 -0.770788 0.37903
lFoot 1576.09 0.327216 0.919775 0.216663 -0.939518 0.0364094 -0.0642909 0.0364094
rFoot 1576.09 -0.37716 0.904597 0.198631 -0.986018 0.00643447 0.065447 0.00643447
head 1576.1 0.0240746 0.181178 0.983156 0.693108 -0.026581 -0.0289318 -0.026581
hip 1576.1 0.0329762 0.32114 0.946458 0.538907 -0.0459077 -0.0219495 -0.0459077
lHand 1576.1 0.359439 0.0368744 0.93244 0.411145 0.37378 -0.72916 0.37378
rHand 1576.1 -0.391327 0.142539 0.909146 -0.321822 0.380636 -0.771245 0.380636
lFoot 1576.1 0.327187 0.919833 0.216461 -0.93945 0.0366722 -0.0643303 0.0366722
rFoot 1576.1 -0.377067 0.904634 0.198638 -0.985986 0.00621356 0.06552 0.00621356
head 1576.11 0.0240281 0.181209 0.983151 0.693204 -0.0269482 -0.0291891 -0.0269482
hip 1576.11 0.0330169 0.321007 0.946501 0.53915 -0.0457772 -0.0221219 -0.0457772
lHand 1576.11 0.359235 0.0366821 0.932526 0.411335 0.37367 -0.728816 0.37367
rHand 1576.11 -0.391473 0.14365 0.908908 -0.322254 0.381932 -0.771717 0.381932
lFoot 1576.11 0.327049 0.91983 0.216685 -0.939429 0.0367568 -0.0642297 0.0367568
rFoot 1576.11 -0.376998 0.904671 0.198604 -0.985985 0.00633998 0.0654754 0.00633998
head 1576.12 0.0239915 0.181221 0.98315 0.693244 -0.0272982 -0.0294843 -0.0272982
hip 1576.12 0.0330513 0.3209 0.946536 0.539541 -0.0454871 -0.0222664 -0.0454871
lHand 1576.12 0.359102 0.0366915 0.932577 0.411459 0.373502 -0.728548 0.373502
rHand 1576.12 -0.391561 0.14482 0.908684 -0.322174 0.383658 -0.771799 0.383658
lFoot 1576.12 0.327063 0.919811 0.216742 -0.939419 0.0366872 -0.0643266 0.0366872
rFoot 1576.12 -0.377029 0.904671 0.198545 -0.985965 0.0064663 0.0654627 0.0064663
head 1576.13 0.0239394 0.181238 0.983148 0.693338 -0.0276568 -0.0297228 -0.0276568
hip 1576.13 0.0326911 0.321555 0.946326 0.539886 -0.0454106 -0.0224668 -0.0454106
lHand 1576.13 0.358981 0.0366277 0.932626 0.411555 0.373419 -0.728219 0.373419
rHand 1576.13 -0.391973 0.145704 0.908365 -0.322286 0.385025 -0.771989 0.385025
lFoot 1576.13 0.32688 0.919924 0.21654 -0.93938 0.0367025 -0.0643486 0.0367025
rFoot 1576.13 -0.377132 0.904633 0.198522 -0.985958 0.00636353 0.0654611 0.00636353
head 1576.15 0.0239501 0.181182 0.983158 0.693501 -0.0280474 -0.0299752 -0.0280474
hip 1576.15 0.0327648 0.321451 0.946359 0.540154 -0.0454908 -0.0227328 -0.0454908
lHand 1576.15 0.358703 0.0364208 0.932741 0.411677 0.373295 -0.727835 0.373295
rHand 1576.15 -0.392293 0.146412 0.908113 -0.323029 0.386415 -0.771976 0.386415
lFoot 1576.15 0.326815 0.919938 0.21658 -0.939387 0.0366593 -0.0642648 0.0366593
rFoot 1576.15 -0.377111 0.904664 0.198421 -0.985964 0.00641586 0.0654106 0.00641586
head 1576.16 0.023899 0.181192 0.983157 0.693592 -0.0284555 -0.0302515 -0.0284555
hip 1576.16 0.0328477 0.32132 0.946401 0.540335 -0.0455208 -0.022893 -0.0455208
lHand 1576.16 0.358668 0.036407 0.932755 0.411719 0.373541 -0.727272 0.373541
rHand 1576.16 -0.392558 0.147434 0.907833 -0.32172 0.387533 -0.773032 0.387533
lFoot 1576.16 0.326756 0.91995 0.216617 -0.939371 0.0365818 -0.0642277 0.0365818
rFoot 1576.16 -0.377226 0.904648 0.198274 -0.985955 0.00650315 0.0653942 0.00650315
head 1576.17 0.0238988 0.181098 0.983175 0.693658 -0.0288952 -0.0305013 -0.0288952
hip 1576.17 0.032661 0.321534 0.946335 0.540421 -0.0456562 -0.0230296 -0.0456562
lHand 1576.17 0.358541 0.0364162 0.932803 0.41199 0.373702 -0.726592 0.373702
rHand 1576.17 -0.39312 0.148609 0.907399 -0.320018 0.388492 -0.774205 0.388492
lFoot 1576.17 0.326717 0.91998 0.216547 -0.939355 0.0366845 -0.0641688 0.0366845
rFoot 1576.17 -0.377256 0.90459 0.198479 -0.985945 0.00643264 0.0652808 0.00643264
head 1576.18 0.0238734 0.181088 0.983177 0.693785 -0.0292061 -0.0307292 -0.0292061
hip 1576.18 0.0327748 0.321439 0.946363 0.540534 -0.0457637 -0.0230961 -0.0457637
lHand 1576.18 0.358359 0.0363574 0.932876 0.412109 0.374076 -0.725887 0.374076
rHand 1576.18 -0.393593 0.149933 0.906975 -0.31737 0.389208 -0.775839 0.389208
lFoot 1576.18 0.327078 0.919904 0.216327 -0.939294 0.0367414 -0.0641474 0.0367414
rFoot 1576.18 -0.377305 0.90466 0.198071 -0.985926 0.00634137 0.0654129 0.00634137
head 1576.19 0.0238205 0.18109 0.983178 0.693879 -0.0295634 -0.0309442 -0.0295634
hip 1576.19 0.0328672 0.321363 0.946386 0.540626 -0.0458659 -0.0231752 -0.0458659
lHand 1576.19 0.358409 0.0365698 0.932848 0.411821 0.374621 -0.725358 0.374621
rHand 1576.19 -0.39397 0.151174 0.906606 -0.31578 0.390215 -0.776948 0.390215
lFoot 1576.19 0.327185 0.919855 0.216372 -0.939277 0.0368717 -0.0640941 0.0368717
rFoot 1576.19 -0.377345 0.904656 0.198009 -0.985914 0.00628933 0.0653758 0.00628933
head 1576.2 0.0238341 0.181097 0.983176 0.693904 -0.0299451 -0.0311047 -0.0299451
hip 1576.2 0.0326508 0.321595 0.946314 0.540616 -0.0458546 -0.0233948 -0.0458546
lHand 1576.2 0.358506 0.0367871 0.932802 0.411565 0.375026 -0.724983 0.375026
rHand 1576.2 -0.394013 0.152467 0.906371 -0.313949 0.391245 -0.778062 0.391245
lFoot 1576.2 0.327363 0.919777 0.216435 -0.939233 0.0370112 -0.0640767 0.0370112
rFoot 1576.2 -0.377066 0.904696 0.198359 -0.985893 0.0062547 0.0653863 0.0062547
head 1576.21 0.0237535 0.181172 0.983165 0.693898 -0.0303448 -0.0311677 -0.0303448
hip 1576.21 0.0327485 0.321479 0.94635 0.54059 -0.0459551 -0.0235325 -0.0459551
lHand 1576.21 0.358747 0.037122 0.932696 0.411516 0.375229 -0.724601 0.375229
rHand 1576.21 -0.394597 0.153998 0.905858 -0.311915 0.392212 -0.779301 0.392212
lFoot 1576.21 0.32705 0.919797 0.216822 -0.939207 0.0370155 -0.0640372 0.0370155
rFoot 1576.21 -0.377146 0.904613 0.198587 -0.9859 0.0062605 0.0653992 0.0062605
head 1576.22 0.0237343 0.181174 0.983165 0.693883 -0.0307095 -0.0313456 -0.0307095
hip 1576.22 0.0328096 0.321389 0.946379 0.540609 -0.0459857 -0.0238148 -0.0459857
lHand 1576.22 0.358355 0.0379592 0.932813 0.411653 0.375576 -0.724091 0.375576
rHand 1576.22 -0.39498 0.155245 0.905478 -0.310257 0.393317 -0.780306 0.393317
lFoot 1576.22 0.327021 0.91979 0.216895 -0.939196 0.0369373 -0.0639828 0.0369373
rFoot 1576.22 -0.377116 0.904629 0.198571 -0.985892 0.00636068 0.0653933 0.00636068
head 1576.24 0.0236972 0.181124 0.983175 0.693832 -0.0310458 -0.0314624 -0.0310458
hip 1576.24 0.0326657 0.321687 0.946283 0.540659 -0.0459245 -0.0238164 -0.0459245
lHand 1576.24 0.358432 0.0382459 0.932772 0.411856 0.37586 -0.723567 0.37586
rHand 1576.24 -0.395444 0.156238 0.905104 -0.308733 0.394473 -0.781138 0.394473
lFoot 1576.24 0.326954 0.919844 0.216768 -0.939158 0.0369227 -0.0639969 0.0369227
rFoot 1576.24 -0.377118 0.904599 0.198703 -0.985874 0.00638804 0.0654377 0.00638804
head 1576.25 0.0236507 0.181158 0.983169 0.693769 -0.0314361 -0.0315818 -0.0314361
hip 1576.25 0.032757 0.321651 0.946291 0.540885 -0.0458126 -0.0238198 -0.0458126
lHand 1576.25 0.358289 0.0387988 0.932804 0.412101 0.376305 -0.722904 0.376305
rHand 1576.25 -0.395923 0.157295 0.904712 -0.307549 0.395786 -0.781614 0.395786
lFoot 1576.25 0.32683 0.919836 0.216987 -0.93909 0.0371493 -0.0640159 0.0371493
rFoot 1576.25 -0.377025 0.904635 0.198716 -0.985865 0.00632732 0.0654325 0.00632732
head 1576.26 0.0236239 0.181139 0.983174 0.693722 -0.0318335 -0.0316405 -0.0318335
hip 1576.26 0.0328471 0.321644 0.946291 0.541172 -0.0458164 -0.0239544 -0.0458164
lHand 1576.26 0.358353 0.0390836 0.932768 0.412237 0.376617 -0.722397 0.376617
rHand 1576.26 -0.39632 0.158365 0.904351 -0.306515 0.397203 -0.781963 0.397203
lFoot 1576.26 0.326889 0.919828 0.216934 -0.9391 0.0372093 -0.0640523 0.0372093
rFoot 1576.26 -0.377026 0.904615 0.198802 -0.985869 0.00644699 0.0654306 0.00644699
head 1576.27 0.0235975 0.1811 0.983182 0.693579 -0.0322662 -0.0317288 -0.0322662
hip 1576.27 0.0327674 0.321917 0.946201 0.541438 -0.0459268 -0.0242214 -0.0459268
lHand 1576.27 0.358494 0.0394447 0.932698 0.41247 0.377094 -0.721817 0.377094
rHand 1576.27 -0.396715 0.159225 0.904027 -0.305418 0.398507 -0.782339 0.398507
lFoot 1576.27 0.326833 0.919828 0.217018 -0.939051 0.0372471 -0.0639471 0.0372471
rFoot 1576.27 -0.376865 0.904636 0.199013 -0.985846 0.00647621 0.0655003 0.00647621
head 1576.28 0.023518 0.181158 0.983173 0.693498 -0.0326384 -0.0318537 -0.0326384
hip 1576.28 0.0328476 0.321925 0.946195 0.541717 -0.0460553 -0.0245948 -0.0460553
lHand 1576.28 0.358648 0.0397227 0.932627 0.412594 0.377503 -0.721254 0.377503
rHand 1576.28 -0.397067 0.160219 0.903696 -0.304695 0.399659 -0.78253 0.399659
lFoot 1576.28 0.326802 0.919813 0.217129 -0.93905 0.0370929 -0.064003 0.0370929
rFoot 1576.28 -0.376789 0.90467 0.199004 -0.985833 0.0062941 0.0655685 0.0062941
head 1576.29 0.0235056 0.18119 0.983167 0.693345 -0.0330581 -0.0320026 -0.0330581
hip 1576.29 0.0329345 0.321929 0.946191 0.541996 -0.0461801 -0.0249057 -0.0461801
lHand 1576.29 0.358506 0.0405065 0.932648 0.412751 0.377992 -0.720693 0.377992
rHand 1576.29 -0.397459 0.161474 0.903301 -0.303587 0.400707 -0.782992 0.400707
lFoot 1576.29 0.326827 0.919795 0.217165 -0.939055 0.0370064 -0.0639755 0.0370064
rFoot 1576.29 -0.376766 0.904681 0.198995 -0.985839 0.00632718 0.0655778 0.00632718
head 1576.3 0.0234692 0.181184 0.983169 0.693137 -0.0334281 -0.0321351 -0.0334281
hip 1576.3 0.0328235 0.322389 0.946038 0.542302 -0.0461569 -0.025194 -0.0461569
lHand 1576.3 0.358748 0.0408967 0.932538 0.412765 0.37859 -0.720173 0.37859
rHand 1576.3 -0.397627 0.162346 0.903071 -0.302949 0.401572 -0.783191 0.401572
lFoot 1576.3 0.32691 0.919835 0.216875 -0.939049 0.0372305 -0.0639779 0.0372305
rFoot 1576.3 -0.376755 0.904645 0.199183 -0.98584 0.00654607 0.0655606 0.00654607
head 1576.31 0.0234223 0.1812 0.983167 0.69298 -0.033783 -0.0323382 -0.033783
hip 1576.31 0.0328938 0.322448 0.946016 0.542632 -0.0462584 -0.0255484 -0.0462584
lHand 1576.31 0.359184 0.041392 0.932348 0.412661 0.379074 -0.719723 0.379074
rHand 1576.31 -0.397829 0.16321 0.902826 -0.302048 0.402279 -0.783586 0.402279
lFoot 1576.31 0.326913 0.919822 0.216921 -0.93902 0.0372878 -0.0639318 0.0372878
rFoot 1576.31 -0.376813 0.904634 0.19912 -0.985844 0.00655885 0.0655522 0.00655885
head 1576.32 0.0233905 0.181192 0.983169 0.692817 -0.0342042 -0.0323706 -0.0342042
hip 1576.32 0.0329984 0.322509 0.945991 0.542848 -0.046581 -0.0258728 -0.046581
lHand 1576.32 0.359283 0.0422151 0.932274 0.412545 0.379638 -0.719301 0.379638
rHand 1576.32 -0.397831 0.164085 0.902666 -0.300771 0.402744 -0.784253 0.402744
lFoot 1576.32 0.326751 0.919913 0.216779 -0.939017 0.0372235 -0.0639487 0.0372235
rFoot 1576.32 -0.376748 0.904658 0.199135 -0.985843 0.00637856 0.0655256 0.00637856
head 1576.34 0.0233395 0.181197 0.98317 0.692659 -0.0346763 -0.0325504 -0.0346763
hip 1576.34 0.0328874 0.32291 0.945858 0.543108 -0.0466957 -0.0261033 -0.0466957
lHand 1576.34 0.359545 0.0425958 0.932155 0.412479 0.38024 -0.71875 0.38024
rHand 1576.34 -0.398244 0.164773 0.902359 -0.299518 0.403226 -0.784886 0.403226
lFoot 1576.34 0.326655 0.919926 0.216869 -0.938978 0.0372492 -0.0639384 0.0372492
rFoot 1576.34 -0.376964 0.904569 0.19913 -0.98584 0.00637214 0.0654837 0.00637214
head 1576.35 0.0232898 0.181187 0.983173 0.692418 -0.0351208 -0.0326103 -0.0351208
hip 1576.35 0.0329622 0.32297 0.945835 0.543341 -0.0467376 -0.0262168 -0.0467376
lHand 1576.35 0.359684 0.0428169 0.932091 0.412543 0.380862 -0.718066 0.380862
rHand 1576.35 -0.398302 0.165383 0.902222 -0.298653 0.403499 -0.78534 0.403499
lFoot 1576.35 0.326673 0.919906 0.216928 -0.938979 0.0373567 -0.0639346 0.0373567
rFoot 1576.35 -0.377078 0.904533 0.199077 -0.985845 0.0063436 0.0655643 0.0063436
head 1576.36 0.0232914 0.181157 0.983178 0.692245 -0.0355456 -0.0326851 -0.0355456
hip 1576.36 0.0330175 0.323021 0.945816 0.543464 -0.0467489 -0.0264271 -0.0467489
lHand 1576.36 0.359818 0.0435931 0.932004 0.412429 0.381543 -0.717448 0.381543
rHand 1576.36 -0.397813 0.165654 0.902388 -0.298217 0.403753 -0.785501 0.403753
lFoot 1576.36 0.326734 0.919915 0.2168 -0.938985 0.0374497 -0.063912 0.0374497
rFoot 1576.36 -0.37697 0.904593 0.19901 -0.985854 0.0064743 0.0655522 0.0064743
head 1576.37 0.023251 0.181139 0.983183 0.692085 -0.0359924 -0.0327923 -0.0359924
hip 1576.37 0.0329327 0.323361 0.945703 0.543621 -0.0468802 -0.0265852 -0.0468802
lHand 1576.37 0.360064 0.0439214 0.931893 0.412478 0.382137 -0.716786 0.382137
rHand 1576.37 -0.397747 0.165973 0.902358 -0.29801 0.403854 -0.785554 0.403854
lFoot 1576.37 0.326894 0.919859 0.216796 -0.939005 0.0374812 -0.0638582 0.0374812
rFoot 1576.37 -0.376765 0.904685 0.198981 -0.985861 0.00650135 0.0655832 0.00650135
head 1576.38 0.0231815 0.181147 0.983183 0.691904 -0.0365006 -0.0328879 -0.0365006
hip 1576.38 0.0330076 0.323441 0.945673 0.543891 -0.0471205 -0.0268354 -0.0471205
lHand 1576.38 0.360454 0.0442614 0.931726 0.4128 0.38256 -0.716075 0.38256
rHand 1576.38 -0.397637 0.166051 0.902392 -0.298306 0.403808 -0.785437 0.403808
lFoot 1576.38 0.326872 0.919864 0.216808 -0.939018 0.037455 -0.0638206 0.037455
rFoot 1576.38 -0.376871 0.904659 0.198898 -0.98587 0.00643986 0.0656668 0.00643986
head 1576.39 0.0230069 0.181124 0.983191 0.691752 -0.0369522 -0.0329179 -0.0369522
hip 1576.39 0.033072 0.323517 0.945644 0.544167 -0.0472135 -0.0271042 -0.0472135
lHand 1576.39 0.360505 0.0448796 0.931677 0.413165 0.382998 -0.715314 0.382998
rHand 1576.39 -0.397755 0.166138 0.902324 -0.298287 0.40393 -0.785395 0.40393
lFoot 1576.39 0.326478 0.91998 0.216906 -0.939011 0.0373646 -0.0637738 0.0373646
rFoot 1576.39 -0.37742 0.904365 0.199194 -0.985859 0.0064742 0.0656279 0.0064742
head 1576.4 0.0229467 0.18107 0.983203 0.69163 -0.0374636 -0.0329921 -0.0374636
hip 1576.4 0.0329017 0.323729 0.945578 0.5446 -0.0474921 -0.0272613 -0.0474921
lHand 1576.4 0.360739 0.0450982 0.931576 0.413434 0.383454 -0.714627 0.383454
rHand 1576.4 -0.397705 0.166333 0.90231 -0.298324 0.404039 -0.785333 0.404039
lFoot 1576.4 0.32655 0.919949 0.216931 -0.939012 0.037498 -0.0637722 0.037498
rFoot 1576.4 -0.377287 0.904422 0.199184 -0.985868 0.00645614 0.0656215 0.00645614
head 1576.41 0.022846 0.18106 0.983207 0.691511 -0.0379128 -0.0330839 -0.0379128
hip 1576.41 0.0329482 0.323826 0.945543 0.544987 -0.0475795 -0.0275102 -0.0475795
lHand 1576.41 0.36069 0.0457853 0.931561 0.413797 0.383897 -0.714035 0.383897
rHand 1576.41 -0.397618 0.166478 0.902322 -0.298511 0.404118 -0.78518 0.404118
lFoot 1576.41 0.326497 0.919939 0.217053 -0.939 0.0375435 -0.0637403 0.0375435
rFoot 1576.41 -0.377401 0.904395 0.199091 -0.985861 0.0064082 0.0657454 0.0064082
head 1576.42 0.0227586 0.181026 0.983215 0.691371 -0.0384312 -0.0331745 -0.0384312
hip 1576.42 0.0330167 0.323956 0.945496 0.545405 -0.0477267 -0.0277145 -0.0477267
lHand 1576.42 0.360907 0.0460356 0.931465 0.414156 0.384296 -0.713501 0.384296
rHand 1576.42 -0.397494 0.166597 0.902355 -0.298535 0.40422 -0.785109 0.40422
lFoot 1576.42 0.326614 0.919931 0.216912 -0.939041 0.0375249 -0.0636765 0.0375249
rFoot 1576.42 -0.377041 0.904515 0.199229 -0.98587 0.0065698 0.0657134 0.0065698
head 1576.44 0.0226947 0.180906 0.983239 0.691348 -0.0389553 -0.0333021 -0.0389553
hip 1576.44 0.0332229 0.324044 0.945458 0.545726 -0.0478473 -0.0280009 -0.0478473
lHand 1576.44 0.361079 0.0460575 0.931397 0.414615 0.384816 -0.71288 0.384816
rHand 1576.44 -0.397434 0.166455 0.902407 -0.298419 0.40427 -0.785104 0.40427
lFoot 1576.44 0.326662 0.919901 0.216964 -0.939004 0.0375242 -0.0637502 0.0375242
rFoot 1576.44 -0.377066 0.904509 0.199211 -0.985862 0.00659953 0.0657471 0.00659953
head 1576.45 0.0226176 0.180862 0.983248 0.691333 -0.0394949 -0.0334256 -0.0394949
hip 1576.45 0.0333055 0.324134 0.945425 0.546001 -0.0480015 -0.0282239 -0.0480015
lHand 1576.45 0.361305 0.0462072 0.931302 0.414935 0.385343 -0.712359 0.385343
rHand 1576.45 -0.397324 0.1664 0.902466 -0.298435 0.404326 -0.785104 0.404326
lFoot 1576.45 0.326632 0.919899 0.217017 -0.939029 0.037569 -0.0636325 0.037569
rFoot 1576.45 -0.377064 0.904532 0.199108 -0.985877 0.00656387 0.0657554 0.00656387
head 1576.46 0.0226146 0.180819 0.983256 0.691345 -0.0400152 -0.03355 -0.0400152
hip 1576.46 0.0334146 0.324203 0.945397 0.546209 -0.048237 -0.0283368 -0.048237
lHand 1576.46 0.36148 0.04667 0.931211 0.415123 0.385964 -0.711868 0.385964
rHand 1576.46 -0.397218 0.166422 0.902508 -0.298359 0.404216 -0.785086 0.404216
lFoot 1576.46 0.326733 0.91991 0.216822 -0.939043 0.0375987 -0.0636102 0.0375987
rFoot 1576.46 -0.376879 0.904585 0.19922 -0.985871 0.00651568 0.0658232 0.00651568
head 1576.47 0.0225646 0.180734 0.983273 0.691405 -0.0405816 -0.0336879 -0.0405816
hip 1576.47 0.0335021 0.324405 0.945325 0.546489 -0.0484478 -0.0285186 -0.0484478
lHand 1576.47 0.361736 0.0467994 0.931105 0.41537 0.386462 -0.711553 0.386462
rHand 1576.47 -0.397101 0.166542 0.902538 -0.298381 0.404207 -0.784976 0.404207
lFoot 1576.47 0.326766 0.91989 0.216855 -0.939051 0.0376545 -0.0636373 0.0376545
rFoot 1576.47 -0.376892 0.904576 0.199235 -0.985877 0.00655347 0.065807 0.00655347
head 1576.48 0.0224812 0.18065 0.983291 0.691474 -0.0410664 -0.0337449 -0.0410664
hip 1576.48 0.0336068 0.324493 0.945291 0.546809 -0.0487039 -0.0287177 -0.0487039
lHand 1576.48 0.361975 0.047359 0.930984 0.415405 0.387075 -0.711315 0.387075
rHand 1576.48 -0.397021 0.166334 0.902611 -0.298686 0.404112 -0.78467 0.404112
lFoot 1576.48 0.326767 0.91987 0.21694 -0.939025 0.0376565 -0.0637028 0.0376565
rFoot 1576.48 -0.376931 0.904544 0.199305 -0.985888 0.00658852 0.0658934 0.00658852
head 1576.49 0.0224401 0.180634 0.983294 0.69148 -0.0415911 -0.0339027 -0.0415911
hip 1576.49 0.0337045 0.324627 0.945242 0.547287 -0.0490582 -0.0290404 -0.0490582
lHand 1576.49 0.362257 0.0474823 0.930868 0.415396 0.387646 -0.711139 0.387646
rHand 1576.49 -0.396841 0.166462 0.902667 -0.298791 0.404054 -0.784502 0.404054
lFoot 1576.49 0.326721 0.919924 0.216778 -0.939095 0.0376293 -0.0635557 0.0376293
rFoot 1576.49 -0.376828 0.904601 0.199243 -0.985897 0.00662608 0.0659534 0.00662608
head 1576.5 0.0223897 0.180529 0.983315 0.691567 -0.0421773 -0.0340519 -0.0421773
hip 1576.5 0.0337832 0.324782 0.945185 0.547635 -0.0492728 -0.0292328 -0.0492728
lHand 1576.5 0.362495 0.0475613 0.930771 0.415466 0.38793 -0.711114 0.38793
rHand 1576.5 -0.396776 0.166368 0.902713 -0.298782 0.403893 -0.784354 0.403893
lFoot 1576.5 0.32679 0.919893 0.216805 -0.939076 0.0376506 -0.0636104 0.0376506
rFoot 1576.5 -0.376789 0.904614 0.199258 -0.985891 0.00666822 0.0659624 0.00666822
head 1576.51 0.0222857 0.18049 0.983324 0.691597 -0.0427065 -0.0341535 -0.0427065
hip 1576.51 0.0338647 0.324856 0.945157 0.54793 -0.0494901 -0.0294475 -0.0494901
lHand 1576.51 0.362886 0.0474211 0.930626 0.415766 0.38812 -0.710927 0.38812
rHand 1576.51 -0.396767 0.166488 0.902695 -0.298801 0.403844 -0.784238 0.403844
lFoot 1576.51 0.326815 0.919888 0.216788 -0.939092 0.0377319 -0.063492 0.0377319
rFoot 1576.51 -0.376823 0.904597 0.199272 -0.985903 0.00670159 0.0660098 0.00670159
head 1576.52 0.0222033 0.180385 0.983345 0.691579 -0.0431983 -0.034352 -0.0431983
hip 1576.52 0.0339691 0.324942 0.945124 0.548331 -0.0498145 -0.0296784 -0.0498145
lHand 1576.52 0.362714 0.0478391 0.930672 0.416198 0.388209 -0.710669 0.388209
rHand 1576.52 -0.396541 0.166304 0.902828 -0.298952 0.403924 -0.784054 0.403924
lFoot 1576.52 0.326769 0.919917 0.216735 -0.939128 0.0377523 -0.0634024 0.0377523
rFoot 1576.52 -0.376907 0.904566 0.199253 -0.985911 0.00674763 0.0659688 0.00674763
head 1576.54 0.0221604 0.180231 0.983375 0.691692 -0.0436601 -0.0347347 -0.0436601
hip 1576.54 0.0340268 0.325094 0.945069 0.548801 -0.0502654 -0.0298464 -0.0502654
lHand 1576.54 0.362807 0.0477744 0.930639 0.416621 0.388301 -0.710425 0.388301
rHand 1576.54 -0.396657 0.166187 0.902798 -0.299092 0.404188 -0.783772 0.404188
lFoot 1576.54 0.326839 0.919889 0.216752 -0.939135 0.0377511 -0.0634317 0.0377511
rFoot 1576.54 -0.37696 0.904548 0.199231 -0.985915 0.00665431 0.0660305 0.00665431
head 1576.55 0.0220596 0.180171 0.983388 0.691738 -0.0441289 -0.0349079 -0.0441289
hip 1576.55 0.034138 0.32515 0.945046 0.549277 -0.0506734 -0.0300162 -0.0506734
lHand 1576.55 0.362769 0.0476826 0.930658 0.417135 0.388235 -0.710176 0.388235
rHand 1576.55 -0.396731 0.166306 0.902744 -0.298956 0.404446 -0.783611 0.404446
lFoot 1576.55 0.327123 0.919834 0.216555 -0.939147 0.0378233 -0.0633409 0.0378233
rFoot 1576.55 -0.37692 0.904624 0.198965 -0.985923 0.0066826 0.0660371 0.0066826
head 1576.56 0.0219466 0.18008 0.983407 0.691924 -0.0447399 -0.0350626 -0.0447399
hip 1576.56 0.0342142 0.32516 0.94504 0.549595 -0.0508616 -0.0300213 -0.0508616
lHand 1576.56 0.362732 0.0475073 0.930682 0.417671 0.388154 -0.70996 0.388154
rHand 1576.56 -0.396845 0.166479 0.902662 -0.298794 0.404568 -0.783694 0.404568
lFoot 1576.56 0.327128 0.919886 0.216325 -0.939152 0.037827 -0.0633775 0.037827
rFoot 1576.56 -0.377054 0.90457 0.198956 -0.985932 0.00675988 0.0661042 0.00675988
head 1576.57 0.0218853 0.179931 0.983436 0.692083 -0.0454402 -0.0351231 -0.0454402
hip 1576.57 0.0342269 0.325149 0.945043 0.549621 -0.0509944 -0.0298384 -0.0509944
lHand 1576.57 0.362736 0.0473178 0.93069 0.417916 0.388231 -0.709839 0.388231
rHand 1576.57 -0.396921 0.166446 0.902635 -0.29907 0.404694 -0.783587 0.404694
lFoot 1576.57 0.327177 0.919865 0.216342 -0.939155 0.0377746 -0.0633739 0.0377746
rFoot 1576.57 -0.377051 0.904574 0.198946 -0.985939 0.00679494 0.066022 0.00679494
head 1576.58 0.0217755 0.179912 0.983442 0.6923 -0.0460629 -0.0352174 -0.0460629
hip 1576.58 0.0342698 0.325005 0.945091 0.549426 -0.0511475 -0.0299712 -0.0511475
lHand 1576.58 0.362426 0.0476738 0.930792 0.417891 0.388313 -0.709902 0.388313
rHand 1576.58 -0.396988 0.166768 0.902546 -0.29951 0.404857 -0.783556 0.404857
lFoot 1576.58 0.326836 0.919899 0.216712 -0.939171 0.0379354 -0.063394 0.0379354
rFoot 1576.58 -0.377231 0.904444 0.199193 -0.985952 0.0068081 0.0661154 0.0068081
head 1576.59 0.0216911 0.179815 0.983461 0.692551 -0.0465253 -0.0354087 -0.0465253
hip 1576.59 0.0342915 0.324946 0.945111 0.549531 -0.0513281 -0.0302346 -0.0513281
lHand 1576.59 0.362383 0.0474677 0.93082 0.418008 0.388371 -0.709799 0.388371
rHand 1576.59 -0.396816 0.167184 0.902544 -0.299227 0.405097 -0.783835 0.405097
lFoot 1576.59 0.326825 0.919907 0.216695 -0.939212 0.0380156 -0.0632868 0.0380156
rFoot 1576.59 -0.377229 0.904425 0.199282 -0.985959 0.00673808 0.0661071 0.00673808
head 1576.6 0.0216452 0.179734 0.983477 0.692816 -0.0470282 -0.0356739 -0.0470282
hip 1576.6 0.0342896 0.324882 0.945133 0.549856 -0.0515565 -0.0304843 -0.0515565
lHand 1576.6 0.362316 0.047195 0.93086 0.418094 0.388357 -0.709767 0.388357
rHand 1576.6 -0.39687 0.167528 0.902457 -0.298795 0.405417 -0.783967 0.405417
lFoot 1576.6 0.326982 0.91986 0.216655 -0.939219 0.0378829 -0.0633534 0.0378829
rFoot 1576.6 -0.377068 0.904491 0.199287 -0.985955 0.00675659 0.0661426 0.00675659
head 1576.61 0.0215588 0.179655 0.983493 0.693018 -0.0473415 -0.0358798 -0.0473415
hip 1576.61 0.034287 0.324886 0.945131 0.550141 -0.051599 -0.0306601 -0.051599
lHand 1576.61 0.362488 0.0470545 0.9308 0.417997 0.38822 -0.710035 0.38822
rHand 1576.61 -0.396825 0.167814 0.902424 -0.298414 0.405883 -0.783935 0.405883
lFoot 1576.61 0.326846 0.919886 0.216754 -0.939246 0.0377705 -0.0631751 0.0377705
rFoot 1576.61 -0.377091 0.904467 0.199355 -0.985964 0.0067801 0.0661985 0.0067801
head 1576.63 0.021455 0.179591 0.983507 0.693084 -0.0477625 -0.0360765 -0.0477625
hip 1576.63 0.034307 0.324854 0.945142 0.550212 -0.0516847 -0.0306849 -0.0516847
lHand 1576.63 0.36245 0.0468432 0.930825 0.418026 0.38799 -0.710314 0.38799
rHand 1576.63 -0.396981 0.168184 0.902286 -0.298036 0.40626 -0.783933 0.40626
lFoot 1576.63 0.32685 0.919936 0.216536 -0.939278 0.0377377 -0.0632732 0.0377377
rFoot 1576.63 -0.377123 0.90445 0.19937 -0.985975 0.0068782 0.0661845 0.0068782
head 1576.64 0.0213781 0.179493 0.983527 0.69313 -0.0480962 -0.0362889 -0.0480962
hip 1576.64 0.0342739 0.32491 0.945123 0.550264 -0.0518695 -0.0307714 -0.0518695
lHand 1576.64 0.362397 0.046412 0.930868 0.41831 0.387624 -0.710631 0.387624
rHand 1576.64 -0.397124 0.16863 0.90214 -0.297412 0.406608 -0.78407 0.406608
lFoot 1576.64 0.326836 0.919927 0.216592 -0.939265 0.0378883 -0.0633274 0.0378883
rFoot 1576.64 -0.377111 0.904454 0.199374 -0.985973 0.00686313 0.0661328 0.00686313
head 1576.65 0.0212814 0.179474 0.983532 0.693209 -0.0485416 -0.0364817 -0.0485416
hip 1576.65 0.0342572 0.324835 0.94515 0.550257 -0.051847 -0.0306329 -0.051847
lHand 1576.65 0.36191 0.046545 0.93105 0.418743 0.387191 -0.710784 0.387191
rHand 1576.65 -0.39718 0.169118 0.902024 -0.296714 0.406873 -0.784245 0.406873
lFoot 1576.65 0.326863 0.919913 0.216612 -0.939271 0.0380252 -0.0632806 0.0380252
rFoot 1576.65 -0.377192 0.904415 0.199399 -0.98598 0.00675625 0.0662067 0.00675625
head 1576.66 0.0211676 0.179505 0.983529 0.693162 -0.0488985 -0.0366328 -0.0488985
hip 1576.66 0.0342664 0.324804 0.945161 0.550373 -0.0519707 -0.0304658 -0.0519707
lHand 1576.66 0.361662 0.0461579 0.931166 0.419079 0.386774 -0.710896 0.386774
rHand 1576.66 -0.397099 0.169456 0.901996 -0.296118 0.407151 -0.784292 0.407151
lFoot 1576.66 0.326803 0.919977 0.21643 -0.939295 0.0379355 -0.0632614 0.0379355
rFoot 1576.66 -0.377094 0.904478 0.199296 -0.985984 0.00683399 0.0661824 0.00683399
head 1576.67 0.0211019 0.179497 0.983532 0.693155 -0.0493433 -0.0367026 -0.0493433
hip 1576.67 0.0342305 0.324857 0.945143 0.550334 -0.0520398 -0.0303629 -0.0520398
lHand 1576.67 0.361419 0.0457987 0.931278 0.419354 0.386406 -0.711057 0.386406
rHand 1576.67 -0.397411 0.17003 0.901751 -0.295704 0.407141 -0.784315 0.407141
lFoot 1576.67 0.326763 0.91998 0.216477 -0.939315 0.0378627 -0.063121 0.0378627
rFoot 1576.67 -0.376885 0.904557 0.199333 -0.985985 0.00682823 0.0660537 0.00682823
head 1576.68 0.021031 0.179425 0.983547 0.693212 -0.0496925 -0.0368011 -0.0496925
hip 1576.68 0.0342264 0.32467 0.945208 0.549886 -0.0520948 -0.030129 -0.0520948
lHand 1576.68 0.361494 0.0455476 0.931261 0.419445 0.386008 -0.711342 0.386008
rHand 1576.68 -0.397302 0.1702 0.901767 -0.295428 0.407168 -0.784329 0.407168
lFoot 1576.68 0.32716 0.919905 0.216197 -0.939334 0.0378532 -0.0631431 0.0378532
rFoot 1576.68 -0.377014 0.904581 0.19898 -0.98598 0.00682387 0.0661423 0.00682387
head 1576.69 0.0208884 0.179339 0.983566 0.693331 -0.0500639 -0.0368765 -0.0500639
hip 1576.69 0.0341513 0.324446 0.945288 0.549267 -0.0520704 -0.0302127 -0.0520704
lHand 1576.69 0.361224 0.0451951 0.931383 0.419806 0.385526 -0.711626 0.385526
rHand 1576.69 -0.397271 0.169922 0.901833 -0.295186 0.406951 -0.784557 0.406951
lFoot 1576.69 0.327254 0.919876 0.216178 -0.939341 0.0379118 -0.0632253 0.0379118
rFoot 1576.69 -0.377028 0.904569 0.199009 -0.985989 0.00673145 0.0660759 0.00673145
head 1576.7 0.0207868 0.179256 0.983583 0.693405 -0.0503095 -0.036908 -0.0503095
hip 1576.7 0.0340686 0.324242 0.94536 0.548796 -0.052169 -0.0302651 -0.052169
lHand 1576.7 0.360948 0.0448269 0.931508 0.420098 0.385161 -0.711799 0.385161
rHand 1576.7 -0.397418 0.169996 0.901754 -0.29476 0.406807 -0.784907 0.406807
lFoot 1576.7 0.327347 0.919845 0.216171 -0.939348 0.0379881 -0.0632166 0.0379881
rFoot 1576.7 -0.376912 0.904619 0.199004 -0.98599 0.0068624 0.0660472 0.0068624
head 1576.71 0.0206519 0.179314 0.983575 0.693488 -0.0505993 -0.0369877 -0.0505993
hip 1576.71 0.0340233 0.324091 0.945414 0.548505 -0.0523534 -0.0303788 -0.0523534
lHand 1576.71 0.360628 0.0442266 0.931661 0.420209 0.384788 -0.712079 0.384788
rHand 1576.71 -0.397523 0.170173 0.901674 -0.294552 0.40671 -0.785151 0.40671
lFoot 1576.71 0.326914 0.919896 0.216606 -0.939392 0.0379638 -0.0632522 0.0379638
rFoot 1576.71 -0.377034 0.904501 0.199307 -0.986 0.00680158 0.0660103 0.00680158
head 1576.73 0.02053 0.179372 0.983567 0.693485 -0.0508078 -0.0371281 -0.0508078
hip 1576.73 0.0339707 0.323959 0.945461 0.548356 -0.0525512 -0.0305083 -0.0525512
lHand 1576.73 0.359998 0.0444288 0.931895 0.420382 0.384387 -0.712369 0.384387
rHand 1576.73 -0.397638 0.170282 0.901603 -0.294402 0.40674 -0.785281 0.40674
lFoot 1576.73 0.326907 0.919946 0.216406 -0.9394 0.03781 -0.0632685 0.03781
rFoot 1576.73 -0.376999 0.904511 0.199326 -0.985995 0.00685175 0.0659531 0.00685175
head 1576.74 0.0204245 0.179316 0.983579 0.693526 -0.051024 -0.0371748 -0.051024
hip 1576.74 0.033925 0.323897 0.945484 0.548351 -0.0525782 -0.0305105 -0.0525782
lHand 1576.74 0.359615 0.0440695 0.932059 0.420556 0.383806 -0.712676 0.383806
rHand 1576.74 -0.397871 0.17012 0.901531 -0.294501 0.40672 -0.785346 0.40672
lFoot 1576.74 0.327059 0.919889 0.216417 -0.939393 0.0378815 -0.0633183 0.0378815
rFoot 1576.74 -0.376968 0.904525 0.199322 -0.985998 0.00673504 0.0659496 0.00673504
head 1576.75 0.0203179 0.17931 0.983583 0.693671 -0.0512313 -0.0371879 -0.0512313
hip 1576.75 0.0338639 0.323783 0.945525 0.548416 -0.0525761 -0.0304987 -0.0525761
lHand 1576.75 0.359248 0.0434984 0.932228 0.420767 0.383242 -0.712898 0.383242
rHand 1576.75 -0.398008 0.170019 0.901489 -0.294598 0.406725 -0.785524 0.406725
lFoot 1576.75 0.327059 0.919872 0.216493 -0.939381 0.0379215 -0.0633148 0.0379215
rFoot 1576.75 -0.376945 0.904538 0.199308 -0.986006 0.00681056 0.0658427 0.00681056
head 1576.76 0.0202779 0.179343 0.983578 0.693738 -0.0515192 -0.0372265 -0.0515192
hip 1576.76 0.0338103 0.323669 0.945566 0.548444 -0.0527141 -0.0305327 -0.0527141
lHand 1576.76 0.358835 0.0430976 0.932406 0.420847 0.382712 -0.713101 0.382712
rHand 1576.76 -0.39788 0.16996 0.901557 -0.294634 0.406629 -0.785745 0.406629
lFoot 1576.76 0.327053 0.919904 0.216365 -0.939379 0.0378232 -0.0633801 0.0378232
rFoot 1576.76 -0.376843 0.904557 0.199415 -0.985995 0.00683008 0.0658707 0.00683008
head 1576.77 0.0201652 0.179402 0.983569 0.693821 -0.0517132 -0.0371813 -0.0517132
hip 1576.77 0.0337102 0.323618 0.945587 0.548391 -0.0527563 -0.0305625 -0.0527563
lHand 1576.77 0.358435 0.0427214 0.932577 0.42092 0.382169 -0.71336 0.382169
rHand 1576.77 -0.398107 0.169641 0.901517 -0.29535 0.406498 -0.785763 0.406498
lFoot 1576.77 0.327143 0.919876 0.216345 -0.939386 0.0378534 -0.0634974 0.0378534
rFoot 1576.77 -0.376752 0.904592 0.199425 -0.985994 0.00678033 0.0658093 0.00678033
head 1576.78 0.0200625 0.179451 0.983562 0.693922 -0.0519123 -0.0372468 -0.0519123
hip 1576.78 0.0336222 0.323508 0.945628 0.548294 -0.0528037 -0.0306541 -0.0528037
lHand 1576.78 0.358154 0.0422839 0.932705 0.420731 0.381673 -0.713684 0.381673
rHand 1576.78 -0.398289 0.169633 0.901438 -0.295604 0.406407 -0.786013 0.406407
lFoot 1576.78 0.327378 0.919838 0.21615 -0.939356 0.0379006 -0.0634279 0.0379006
rFoot 1576.78 -0.376742 0.904656 0.199157 -0.985995 0.00678645 0.0658066 0.00678645
head 1576.79 0.0199994 0.179462 0.983562 0.69398 -0.0521434 -0.0373361 -0.0521434
hip 1576.79 0.0335295 0.32337 0.945678 0.548058 -0.0529029 -0.0307717 -0.0529029
lHand 1576.79 0.357723 0.0419242 0.932886 0.420788 0.381257 -0.713842 0.381257
rHand 1576.79 -0.398213 0.1694 0.901516 -0.295622 0.406267 -0.786367 0.406267
lFoot 1576.79 0.327444 0.919832 0.216076 -0.939384 0.0377543 -0.0634794 0.0377543
rFoot 1576.79 -0.376788 0.904646 0.199116 -0.985992 0.00679247 0.0657433 0.00679247
head 1576.8 0.0199047 0.179541 0.983549 0.693972 -0.0523833 -0.0373661 -0.0523833
hip 1576.8 0.0333971 0.323163 0.945754 0.547587 -0.0530655 -0.0308429 -0.0530655
lHand 1576.8 0.357264 0.0415658 0.933078 0.420841 0.380803 -0.71398 0.380803
rHand 1576.8 -0.398326 0.169386 0.901468 -0.295486 0.406177 -0.786611 0.406177
lFoot 1576.8 0.32766 0.919762 0.216049 -0.939348 0.0377009 -0.0636468 0.0377009
rFoot 1576.8 -0.376549 0.904751 0.199087 -0.986005 0.00675154 0.0655742 0.00675154
head 1576.82 0.0197314 0.179681 0.983527 0.693991 -0.0525876 -0.0374262 -0.0525876
hip 1576.82 0.0332966 0.322993 0.945816 0.547187 -0.0531783 -0.0309425 -0.0531783
lHand 1576.82 0.356649 0.041475 0.933317 0.420822 0.380322 -0.714209 0.380322
rHand 1576.82 -0.398492 0.169654 0.901344 -0.295275 0.406191 -0.786811 0.406191
lFoot 1576.82 0.327311 0.919793 0.216443 -0.939345 0.0376881 -0.063716 0.0376881
rFoot 1576.82 -0.376577 0.904675 0.199382 -0.985996 0.00678643 0.0654859 0.00678643
head 1576.83 0.0196203 0.179771 0.983513 0.693902 -0.0527667 -0.0374913 -0.0527667
hip 1576.83 0.0331844 0.322808 0.945883 0.546697 -0.0532353 -0.0310398 -0.0532353
lHand 1576.83 0.356193 0.0411748 0.933505 0.420764 0.379884 -0.714363 0.379884
rHand 1576.83 -0.398768 0.169775 0.901199 -0.29495 0.406235 -0.786945 0.406235
lFoot 1576.83 0.327375 0.919776 0.216418 -0.939335 0.0378219 -0.0637944 0.0378219
rFoot 1576.83 -0.376572 0.904664 0.199441 -0.985998 0.00672118 0.0654284 0.00672118
head 1576.84 0.0195307 0.179801 0.983509 0.693849 -0.0530954 -0.0375644 -0.0530954
hip 1576.84 0.0329881 0.32269 0.945929 0.546315 -0.053303 -0.0311056 -0.053303
lHand 1576.84 0.355663 0.0409159 0.933718 0.420785 0.379265 -0.714518 0.379265
rHand 1576.84 -0.398946 0.169819 0.901113 -0.294449 0.406151 -0.787123 0.406151
lFoot 1576.84 0.327379 0.919749 0.216527 -0.939238 0.0377254 -0.0639432 0.0377254
rFoot 1576.84 -0.37665 0.904605 0.19956 -0.985993 0.00664034 0.065336 0.00664034
head 1576.85 0.0193892 0.179964 0.983482 0.69368 -0.0533256 -0.0376332 -0.0533256
hip 1576.85 0.0328754 0.322559 0.945978 0.545996 -0.0533559 -0.0311826 -0.0533559
lHand 1576.85 0.355118 0.0405838 0.93394 0.42101 0.378719 -0.714507 0.378719
rHand 1576.85 -0.399095 0.169972 0.901018 -0.294164 0.406149 -0.787276 0.406149
lFoot 1576.85 0.327219 0.919737 0.21682 -0.939228 0.0377439 -0.0640374 0.0377439
rFoot 1576.85 -0.376633 0.90461 0.199571 -0.985996 0.00670511 0.0651988 0.00670511
head 1576.86 0.0192928 0.180077 0.983463 0.693547 -0.053551 -0.0377686 -0.053551
hip 1576.86 0.0327348 0.322392 0.94604 0.545519 -0.0534203 -0.0313722 -0.0534203
lHand 1576.86 0.354328 0.0403947 0.934248 0.421257 0.378211 -0.714516 0.378211
rHand 1576.86 -0.399126 0.170167 0.900967 -0.293632 0.406083 -0.787629 0.406083
lFoot 1576.86 0.327224 0.91975 0.21676 -0.939206 0.0377634 -0.0641103 0.0377634
rFoot 1576.86 -0.376516 0.904691 0.199424 -0.985989 0.00677475 0.0651231 0.00677475
head 1576.87 0.0192013 0.180188 0.983445 0.693369 -0.0538207 -0.0379058 -0.0538207
hip 1576.87 0.0325015 0.322422 0.946038 0.545093 -0.0535264 -0.0314959 -0.0535264
lHand 1576.87 0.353732 0.040092 0.934487 0.421404 0.377707 -0.714429 0.377707
rHand 1576.87 -0.399315 0.170296 0.900859 -0.293048 0.405929 -0.788 0.405929
lFoot 1576.87 0.327323 0.919695 0.21684 -0.939152 0.0378435 -0.0642656 0.0378435
rFoot 1576.87 -0.376395 0.904742 0.199422 -0.985986 0.00667626 0.0649526 0.00667626
head 1576.88 0.0190706 0.180361 0.983416 0.693246 -0.0540227 -0.0380347 -0.0540227
hip 1576.88 0.0323633 0.322253 0.9461 0.544552 -0.0536055 -0.0315754 -0.0536055
lHand 1576.88 0.35332 0.0397862 0.934656 0.421455 0.377127 -0.714538 0.377127
rHand 1576.88 -0.399496 0.170276 0.900782 -0.292855 0.405896 -0.788217 0.405896
lFoot 1576.88 0.327287 0.919663 0.217032 -0.939092 0.0376662 -0.0643655 0.0376662
rFoot 1576.88 -0.376385 0.904745 0.199428 -0.985981 0.00671849 0.0648654 0.00671849
head 1576.89 0.0189143 0.180551 0.983384 0.693075 -0.0542404 -0.0381526 -0.0542404
hip 1576.89 0.0322301 0.32213 0.946146 0.544134 -0.0536464 -0.0316134 -0.0536464
lHand 1576.89 0.352771 0.0395533 0.934873 0.42172 0.376516 -0.714639 0.376516
rHand 1576.89 -0.399811 0.170403 0.900619 -0.29266 0.405757 -0.788509 0.405757
lFoot 1576.89 0.327161 0.919736 0.216915 -0.939057 0.0375457 -0.0644807 0.0375457
rFoot 1576.89 -0.376388 0.904755 0.199373 -0.985975 0.00667369 0.0647499 0.00667369
head 1576.9 0.0188237 0.180678 0.983362 0.692854 -0.0545436 -0.038334 -0.0545436
hip 1576.9 0.0319222 0.321987 0.946206 0.54346 -0.0536566 -0.0316753 -0.0536566
lHand 1576.9 0.352204 0.0393296 0.935096 0.422197 0.375959 -0.714564 0.375959
rHand 1576.9 -0.400141 0.170299 0.900491 -0.292594 0.405575 -0.788832 0.405575
lFoot 1576.9 0.32733 0.919639 0.217068 -0.939 0.0376266 -0.0646936 0.0376266
rFoot 1576.9 -0.37639 0.904753 0.199382 -0.985963 0.0065809 0.0645748 0.0065809
head 1576.92 0.0187472 0.180813 0.983339 0.692737 -0.0547154 -0.0385431 -0.0547154
hip 1576.92 0.0317115 0.32173 0.9463 0.542623 -0.0535997 -0.0317577 -0.0535997
lHand 1576.92 0.351826 0.0388423 0.935259 0.422472 0.375469 -0.714573 0.375469
rHand 1576.92 -0.400443 0.170163 0.900383 -0.292611 0.405652 -0.78904 0.405652
lFoot 1576.92 0.327349 0.919596 0.217223 -0.938965 0.0377072 -0.0647983 0.0377072
rFoot 1576.92 -0.376107 0.904879 0.199344 -0.985952 0.00659084 0.0645115 0.00659084
head 1576.93 0.0186328 0.181009 0.983305 0.692554 -0.054978 -0.0387373 -0.054978
hip 1576.93 0.0315567 0.321531 0.946373 0.542014 -0.0537464 -0.0317912 -0.0537464
lHand 1576.93 0.351433 0.0385486 0.935419 0.422617 0.375063 -0.714521 0.375063
rHand 1576.93 -0.400558 0.170098 0.900344 -0.29266 0.405677 -0.789246 0.405677
lFoot 1576.93 0.327422 0.919601 0.217094 -0.938956 0.0373993 -0.064872 0.0373993
rFoot 1576.93 -0.376062 0.904911 0.19928 -0.985942 0.00662017 0.0643697 0.00662017
head 1576.94 0.0185344 0.181192 0.983273 0.692269 -0.0552256 -0.0389351 -0.0552256
hip 1576.94 0.0313886 0.321363 0.946436 0.541427 -0.0537943 -0.0319252 -0.0537943
lHand 1576.94 0.351037 0.0384696 0.935571 0.422693 0.374846 -0.714575 0.374846
rHand 1576.94 -0.400887 0.169971 0.900222 -0.292994 0.40541 -0.789568 0.40541
lFoot 1576.94 0.327519 0.919535 0.217225 -0.938892 0.037316 -0.0650866 0.037316
rFoot 1576.94 -0.375908 0.904976 0.199277 -0.98592 0.00644295 0.0642193 0.00644295
head 1576.95 0.0184053 0.181401 0.983237 0.692144 -0.0554366 -0.0391538 -0.0554366
hip 1576.95 0.0311813 0.321208 0.946495 0.540939 -0.0538942 -0.0320964 -0.0538942
lHand 1576.95 0.350637 0.0385902 0.935716 0.422749 0.374445 -0.714745 0.374445
rHand 1576.95 -0.401215 0.1699 0.900089 -0.293338 0.405288 -0.78975 0.405288
lFoot 1576.95 0.327593 0.919486 0.21732 -0.938859 0.0372619 -0.0652102 0.0372619
rFoot 1576.95 -0.375718 0.905047 0.199314 -0.985926 0.00649932 0.0640807 0.00649932
head 1576.96 0.0182727 0.181621 0.983199 0.691878 -0.0556892 -0.0393433 -0.0556892
hip 1576.96 0.0309785 0.321072 0.946548 0.540466 -0.0540385 -0.0322764 -0.0540385
lHand 1576.96 0.350174 0.0384795 0.935894 0.423008 0.374208 -0.714634 0.374208
rHand 1576.96 -0.401539 0.169756 0.899972 -0.29353 0.40517 -0.789975 0.40517
lFoot 1576.96 0.327542 0.91954 0.217168 -0.938821 0.0371416 -0.0653305 0.0371416
rFoot 1576.96 -0.375683 0.905085 0.199207 -0.985931 0.00654204 0.0639338 0.00654204
head 1576.97 0.0181814 0.181839 0.98316 0.691657 -0.0558937 -0.0396183 -0.0558937
hip 1576.97 0.0306598 0.32109 0.946552 0.539862 -0.0541707 -0.0324071 -0.0541707
lHand 1576.97 0.349752 0.0383917 0.936055 0.423133 0.373997 -0.714566 0.373997
rHand 1576.97 -0.40179 0.169698 0.899871 -0.29356 0.404793 -0.790382 0.404793
lFoot 1576.97 0.327685 0.919462 0.217283 -0.938752 0.0369797 -0.0655536 0.0369797
rFoot 1576.97 -0.375579 0.905135 0.199174 -0.985915 0.00637457 0.0637778 0.00637457
head 1576.98 0.0180405 0.182019 0.98313 0.691418 -0.0559611 -0.0398871 -0.0559611
hip 1576.98 0.0304296 0.320922 0.946617 0.539163 -0.0543561 -0.0326574 -0.0543561
lHand 1576.98 0.349528 0.0383297 0.936142 0.423164 0.373721 -0.714547 0.373721
rHand 1576.98 -0.402058 0.169572 0.899775 -0.293591 0.404441 -0.790776 0.404441
lFoot 1576.98 0.327841 0.91937 0.217437 -0.938681 0.0369965 -0.0657997 0.0369965
rFoot 1576.98 -0.375417 0.905194 0.199214 -0.985926 0.00641732 0.0635887 0.00641732
head 1576.99 0.0179126 0.182254 0.983088 0.691072 -0.0560787 -0.040171 -0.0560787
hip 1576.99 0.0300954 0.321006 0.946599 0.538458 -0.0543947 -0.0328566 -0.0543947
lHand 1576.99 0.349163 0.0382825 0.93628 0.423173 0.373504 -0.714569 0.373504
rHand 1576.99 -0.402389 0.169313 0.899675 -0.294001 0.404123 -0.790934 0.404123
lFoot 1576.99 0.327891 0.919375 0.217341 -0.938661 0.0369432 -0.0659194 0.0369432
rFoot 1576.99 -0.375385 0.905222 0.199145 -0.98592 0.00641672 0.0633897 0.00641672
head 1577.01 0.0177728 0.18241 0.983062 0.690779 -0.0561879 -0.0403561 -0.0561879
hip 1577.01 0.0299219 0.320757 0.946689 0.537668 -0.0545801 -0.0330816 -0.0545801
lHand 1577.01 0.348832 0.0382991 0.936402 0.423206 0.373398 -0.714586 0.373398
rHand 1577.01 -0.402774 0.169084 0.899546 -0.294094 0.403845 -0.791114 0.403845
lFoot 1577.01 0.327939 0.91933 0.21746 -0.9386 0.0368224 -0.0660135 0.0368224
rFoot 1577.01 -0.375222 0.905281 0.199184 -0.985908 0.00631152 0.0630911 0.00631152
head 1577.02 0.0176587 0.182551 0.983038 0.690554 -0.0563219 -0.0405741 -0.0563219
hip 1577.02 0.0296762 0.320725 0.946707 0.537095 -0.0546139 -0.0330801 -0.0546139
lHand 1577.02 0.348476 0.0382207 0.936538 0.42312 0.373237 -0.714708 0.373237
rHand 1577.02 -0.403 0.169006 0.89946 -0.293739 0.403419 -0.791694 0.403419
lFoot 1577.02 0.327921 0.9193 0.217614 -0.938541 0.0366591 -0.0660612 0.0366591
rFoot 1577.02 -0.375195 0.905283 0.199225 -0.985896 0.00622094 0.0629264 0.00622094
head 1577.03 0.0174836 0.182845 0.982986 0.690224 -0.0563754 -0.0407981 -0.0563754
hip 1577.03 0.0293887 0.320596 0.94676 0.536469 -0.0546135 -0.0330736 -0.0546135
lHand 1577.03 0.348217 0.0383499 0.936629 0.423052 0.373214 -0.714839 0.373214
rHand 1577.03 -0.403393 0.169133 0.89926 -0.293774 0.40318 -0.791909 0.40318
lFoot 1577.03 0.327912 0.919315 0.217561 -0.938487 0.0365939 -0.066213 0.0365939
rFoot 1577.03 -0.375029 0.905364 0.199173 -0.985884 0.00625421 0.0627656 0.00625421
head 1577.04 0.0173396 0.183004 0.982959 0.690003 -0.056363 -0.0410604 -0.056363
hip 1577.04 0.0291336 0.320273 0.946877 0.535507 -0.054522 -0.0331031 -0.054522
lHand 1577.04 0.347879 0.0383857 0.936753 0.423202 0.373032 -0.714842 0.373032
rHand 1577.04 -0.403733 0.169118 0.89911 -0.293739 0.402996 -0.79218 0.402996
lFoot 1577.04 0.328087 0.919243 0.217606 -0.938403 0.0368144 -0.0665115 0.0368144
rFoot 1577.04 -0.374884 0.905418 0.199201 -0.985868 0.00611481 0.0624939 0.00611481
head 1577.05 0.0171115 0.183245 0.982918 0.689845 -0.0563402 -0.0413386 -0.0563402
hip 1577.05 0.0288167 0.320083 0.946951 0.534566 -0.054596 -0.0330963 -0.054596
lHand 1577.05 0.347287 0.0387281 0.936959 0.423597 0.372891 -0.714748 0.372891
rHand 1577.05 -0.404141 0.169452 0.898863 -0.293221 0.40272 -0.792735 0.40272
lFoot 1577.05 0.328071 0.919189 0.217857 -0.938282 0.0367896 -0.0666217 0.0367896
rFoot 1577.05 -0.374687 0.905501 0.199193 -0.985849 0.00590087 0.0622278 0.00590087
head 1577.06 0.0169233 0.183531 0.982868 0.689586 -0.0563935 -0.0415284 -0.0563935
hip 1577.06 0.0284333 0.319977 0.946999 0.533869 -0.0544223 -0.0331923 -0.0544223
lHand 1577.06 0.346886 0.0388769 0.937101 0.423942 0.37288 -0.714554 0.37288
rHand 1577.06 -0.404541 0.169728 0.898632 -0.29251 0.40259 -0.79329 0.40259
lFoot 1577.06 0.328174 0.919161 0.217819 -0.938258 0.0365664 -0.0668535 0.0365664
rFoot 1577.06 -0.374143 0.905726 0.199191 -0.985806 0.00575796 0.0620446 0.00575796
head 1577.07 0.0167466 0.183734 0.982833 0.689439 -0.056535 -0.0414807 -0.056535
hip 1577.07 0.0280226 0.320004 0.947002 0.533241 -0.0545079 -0.0333568 -0.0545079
lHand 1577.07 0.34657 0.039025 0.937212 0.423991 0.372884 -0.714544 0.372884
rHand 1577.07 -0.40488 0.169976 0.898432 -0.292166 0.402376 -0.793759 0.402376
lFoot 1577.07 0.328321 0.919081 0.217937 -0.938174 0.0363325 -0.0670536 0.0363325
rFoot 1577.07 -0.373741 0.905887 0.199214 -0.985761 0.00527959 0.0617811 0.00527959
head 1577.08 0.0165355 0.183935 0.982799 0.689355 -0.0566133 -0.0416177 -0.0566133
hip 1577.08 0.0276076 0.3199 0.947049 0.532539 -0.0546364 -0.0334462 -0.0546364
lHand 1577.08 0.346341 0.0393606 0.937283 0.423795 0.372881 -0.714779 0.372881
rHand 1577.08 -0.405185 0.170113 0.898269 -0.292094 0.402324 -0.794145 0.402324
lFoot 1577.08 0.328488 0.918981 0.218102 -0.938092 0.0360033 -0.0671179 0.0360033
rFoot 1577.08 -0.373293 0.906057 0.199283 -0.98573 0.00480588 0.0616246 0.00480588
head 1577.1 0.0163397 0.18414 0.982764 0.68925 -0.0565718 -0.0418051 -0.0565718
hip 1577.1 0.0271894 0.319796 0.947096 0.531844 -0.0546568 -0.0334777 -0.0546568
lHand 1577.1 0.345997 0.0398276 0.93739 0.423576 0.372937 -0.714934 0.372937
rHand 1577.1 -0.40548 0.170278 0.898105 -0.291509 0.402253 -0.795019 0.402253
lFoot 1577.1 0.328576 0.918945 0.218123 -0.938073 0.0360275 -0.0671792 0.0360275
rFoot 1577.1 -0.372965 0.906187 0.199304 -0.985694 0.00428672 0.0613465 0.00428672
head 1577.11 0.0161301 0.184332 0.982732 0.689223 -0.0562909 -0.0420578 -0.0562909
hip 1577.11 0.0268013 0.319713 0.947135 0.531216 -0.0546999 -0.0333975 -0.0546999
lHand 1577.11 0.345615 0.0399946 0.937524 0.423771 0.372854 -0.714772 0.372854
rHand 1577.11 -0.405865 0.170558 0.897878 -0.291019 0.402148 -0.795662 0.402148
lFoot 1577.11 0.328778 0.918825 0.218323 -0.937946 0.0362944 -0.0674484 0.0362944
rFoot 1577.11 -0.372746 0.906275 0.199315 -0.985686 0.00384279 0.0610403 0.00384279
head 1577.12 0.0159896 0.184475 0.982707 0.689198 -0.0560553 -0.0422689 -0.0560553
hip 1577.12 0.0263089 0.31968 0.94716 0.530733 -0.0543778 -0.0329966 -0.0543778
lHand 1577.12 0.345304 0.0401704 0.937631 0.423988 0.372742 -0.714622 0.372742
rHand 1577.12 -0.406143 0.170542 0.897754 -0.290865 0.402354 -0.796033 0.402354
lFoot 1577.12 0.328872 0.918765 0.218433 -0.937917 0.036023 -0.0677215 0.036023
rFoot 1577.12 -0.372238 0.906508 0.199205 -0.985682 0.0039506 0.0606834 0.0039506
head 1577.13 0.0157745 0.184642 0.982679 0.689182 -0.0558362 -0.0424054 -0.0558362
hip 1577.13 0.0257435 0.319775 0.947143 0.530597 -0.0537335 -0.0323286 -0.0537335
lHand 1577.13 0.344945 0.0403651 0.937755 0.424294 0.37252 -0.714482 0.37252
rHand 1577.13 -0.406493 0.170499 0.897604 -0.290662 0.402357 -0.796574 0.402357
lFoot 1577.13 0.328796 0.918793 0.218433 -0.937865 0.0352611 -0.0680462 0.0352611
rFoot 1577.13 -0.371984 0.906615 0.199189 -0.98568 0.00367828 0.0603712 0.00367828
head 1577.14 0.015529 0.184766 0.98266 0.689155 -0.055564 -0.0424355 -0.055564
hip 1577.14 0.0252408 0.319793 0.947151 0.530201 -0.053379 -0.031903 -0.053379
lHand 1577.14 0.344301 0.0405948 0.937981 0.424647 0.372316 -0.71438 0.372316
rHand 1577.14 -0.407086 0.170355 0.897363 -0.290514 0.402138 -0.79723 0.402138
lFoot 1577.14 0.32866 0.91879 0.218649 -0.937789 0.0349431 -0.0682303 0.0349431
rFoot 1577.14 -0.371791 0.906683 0.199244 -0.985665 0.00320192 0.0600332 0.00320192
head 1577.15 0.0152691 0.184987 0.982622 0.689136 -0.0553274 -0.042514 -0.0553274
hip 1577.15 0.0246614 0.319939 0.947117 0.530063 -0.0530109 -0.031425 -0.0530109
lHand 1577.15 0.343562 0.0413862 0.938218 0.424965 0.37219 -0.714354 0.37219
rHand 1577.15 -0.407614 0.170614 0.897074 -0.290437 0.40193 -0.797854 0.40193
lFoot 1577.15 0.328834 0.918708 0.218734 -0.93778 0.0351731 -0.0685075 0.0351731
rFoot 1577.15 -0.371175 0.906935 0.199245 -0.985643 0.00277197 0.0596825 0.00277197
head 1577.16 0.0149765 0.18518 0.982591 0.689138 -0.0549965 -0.0424672 -0.0549965
hip 1577.16 0.0239758 0.320294 0.947015 0.529829 -0.0531903 -0.0310787 -0.0531903
lHand 1577.16 0.343266 0.0418272 0.938306 0.425042 0.372305 -0.714565 0.372305
rHand 1577.16 -0.408394 0.170636 0.896715 -0.290264 0.401634 -0.798521 0.401634
lFoot 1577.16 0.328927 0.91869 0.218668 -0.937751 0.0349642 -0.0689702 0.0349642
rFoot 1577.16 -0.370729 0.907151 0.199092 -0.985627 0.00222372 0.0593006 0.00222372
head 1577.17 0.0147076 0.18531 0.98257 0.689 -0.0546807 -0.0424265 -0.0546807
hip 1577.17 0.0233371 0.320175 0.947071 0.528951 -0.0527951 -0.0305193 -0.0527951
lHand 1577.17 0.342964 0.042239 0.938398 0.425058 0.372431 -0.714766 0.372431
rHand 1577.17 -0.409011 0.170509 0.896458 -0.290416 0.401327 -0.798969 0.401327
lFoot 1577.17 0.328905 0.918687 0.218715 -0.937759 0.0343578 -0.0691927 0.0343578
rFoot 1577.17 -0.370244 0.907364 0.199024 -0.985615 0.00147232 0.0588417 0.00147232
head 1577.18 0.014436 0.185438 0.98255 0.688962 -0.0542606 -0.0424013 -0.0542606
hip 1577.18 0.0227093 0.320391 0.947013 0.528781 -0.0525687 -0.0298071 -0.0525687
lHand 1577.18 0.342711 0.0426918 0.93847 0.424865 0.372677 -0.715222 0.372677
rHand 1577.18 -0.409479 0.170381 0.896268 -0.290381 0.40102 -0.79943 0.40102
lFoot 1577.18 0.328963 0.918646 0.2188 -0.937731 0.0337505 -0.0695016 0.0337505
rFoot 1577.18 -0.369543 0.907651 0.199018 -0.985617 0.000851944 0.0585052 0.000851944
head 1577.2 0.0141168 0.185597 0.982525 0.688883 -0.053799 -0.0422839 -0.053799
hip 1577.2 0.0219189 0.32075 0.94691 0.528517 -0.0521132 -0.0291588 -0.0521132
lHand 1577.2 0.342474 0.0433544 0.938526 0.424742 0.373012 -0.715677 0.373012
rHand 1577.2 -0.409988 0.170177 0.896075 -0.290449 0.400597 -0.799854 0.400597
lFoot 1577.2 0.329056 0.918628 0.218734 -0.937719 0.0335606 -0.0698755 0.0335606
rFoot 1577.2 -0.369113 0.907858 0.198869 -0.985607 0.000206828 0.0580743 0.000206828
head 1577.21 0.0137809 0.185725 0.982505 0.6888 -0.0532272 -0.0421314 -0.0532272
hip 1577.21 0.0213787 0.320747 0.946924 0.52835 -0.0518164 -0.0284707 -0.0518164
lHand 1577.21 0.342349 0.0438732 0.938548 0.424592 0.37323 -0.716098 0.37323
rHand 1577.21 -0.410526 0.170183 0.895827 -0.29031 0.40014 -0.800267 0.40014
lFoot 1577.21 0.329211 0.918558 0.218794 -0.937717 0.0334562 -0.070196 0.0334562
rFoot 1577.21 -0.368855 0.907951 0.198927 -0.98564 -0.000296757 0.0577106 -0.000296757
head 1577.22 0.013376 0.1859 0.982478 0.688779 -0.0526804 -0.0419274 -0.0526804
hip 1577.22 0.0206642 0.32099 0.946857 0.528004 -0.0515318 -0.0278408 -0.0515318
lHand 1577.22 0.341983 0.0446652 0.938644 0.424481 0.373501 -0.716522 0.373501
rHand 1577.22 -0.411027 0.170179 0.895598 -0.290015 0.39983 -0.800617 0.39983
lFoot 1577.22 0.329224 0.91855 0.21881 -0.937691 0.0329749 -0.0706214 0.0329749
rFoot 1577.22 -0.368417 0.908147 0.198844 -0.985637 -0.000529289 0.057216 -0.000529289
head 1577.23 0.0130257 0.186018 0.98246 0.688792 -0.0520771 -0.0417866 -0.0520771
hip 1577.23 0.0199313 0.321203 0.946801 0.527553 -0.0512219 -0.0271647 -0.0512219
lHand 1577.23 0.341688 0.0454215 0.938715 0.424436 0.373748 -0.716956 0.373748
rHand 1577.23 -0.411523 0.170044 0.895396 -0.28985 0.39963 -0.800774 0.39963
lFoot 1577.23 0.329267 0.918583 0.218607 -0.937695 0.0326005 -0.0710046 0.0326005
rFoot 1577.23 -0.368109 0.908306 0.198684 -0.985637 -0.000769243 0.0567001 -0.000769243
head 1577.24 0.0126043 0.186151 0.98244 0.688825 -0.0512613 -0.0414054 -0.0512613
hip 1577.24 0.0191769 0.321451 0.946732 0.527249 -0.0508646 -0.0263705 -0.0508646
lHand 1577.24 0.341327 0.0462945 0.938804 0.424445 0.374 -0.717344 0.374
rHand 1577.24 -0.41198 0.170214 0.895153 -0.289692 0.399384 -0.800901 0.399384
lFoot 1577.24 0.329549 0.918493 0.21856 -0.937645 0.0324239 -0.0714067 0.0324239
rFoot 1577.24 -0.36772 0.908484 0.198594 -0.985665 -0.00124463 0.0562447 -0.00124463
head 1577.25 0.0121636 0.186283 0.982421 0.688879 -0.0505762 -0.0410728 -0.0505762
hip 1577.25 0.0183887 0.321762 0.946642 0.527 -0.0504678 -0.0255559 -0.0504678
lHand 1577.25 0.341155 0.0468603 0.938839 0.42438 0.37416 -0.71774 0.37416
rHand 1577.25 -0.412533 0.17027 0.894888 -0.28956 0.399276 -0.801008 0.399276
lFoot 1577.25 0.3298 0.918409 0.218535 -0.937613 0.0321967 -0.0719184 0.0321967
rFoot 1577.25 -0.367245 0.9087 0.198483 -0.985676 -0.00155096 0.0557115 -0.00155096
head 1577.26 0.0117066 0.186406 0.982403 0.688954 -0.0498326 -0.040637 -0.0498326
hip 1577.26 0.0175456 0.322135 0.946531 0.526981 -0.0499719 -0.0248205 -0.0499719
lHand 1577.26 0.340758 0.0477765 0.938936 0.424251 0.374368 -0.7181 0.374368
rHand 1577.26 -0.413081 0.170249 0.894639 -0.289601 0.399339 -0.800766 0.399339
lFoot 1577.26 0.32992 0.918399 0.218396 -0.937581 0.0318684 -0.0723668 0.0318684
rFoot 1577.26 -0.36695 0.90883 0.198434 -0.985669 -0.00215924 0.0552337 -0.00215924
head 1577.27 0.0112616 0.186469 0.982396 0.688985 -0.0491282 -0.0401534 -0.0491282
hip 1577.27 0.0167353 0.322706 0.946351 0.526987 -0.0496529 -0.0239111 -0.0496529
lHand 1577.27 0.340361 0.0487913 0.939028 0.424056 0.374641 -0.718516 0.374641
rHand 1577.27 -0.413579 0.170259 0.894407 -0.289669 0.399333 -0.800634 0.399333
lFoot 1577.27 0.330289 0.918284 0.218321 -0.937521 0.031737 -0.0730595 0.031737
rFoot 1577.27 -0.366439 0.909056 0.198345 -0.985698 -0.00288273 0.0547697 -0.00288273
head 1577.28 0.0107493 0.186555 0.982386 0.689089 -0.048273 -0.0396084 -0.048273
hip 1577.28 0.0158701 0.323142 0.946217 0.526956 -0.0492763 -0.0230015 -0.0492763
lHand 1577.28 0.340192 0.0491985 0.939068 0.423833 0.375075 -0.71881 0.375075
rHand 1577.28 -0.414145 0.170113 0.894173 -0.290023 0.399363 -0.800281 0.399363
lFoot 1577.28 0.330129 0.918295 0.218515 -0.937462 0.0312947 -0.0733835 0.0312947
rFoot 1577.28 -0.365907 0.909285 0.198274 -0.985751 -0.00326571 0.0538782 -0.00326571
head 1577.3 0.0102031 0.186751 0.982354 0.689132 -0.0474088 -0.0391445 -0.0474088
hip 1577.3 0.0148562 0.32376 0.946023 0.526782 -0.0488508 -0.0221762 -0.0488508
lHand 1577.3 0.339755 0.0503416 0.939166 0.423619 0.375501 -0.719158 0.375501
rHand 1577.3 -0.414876 0.170204 0.893817 -0.290396 0.399263 -0.800011 0.399263
lFoot 1577.3 0.330146 0.918387 0.218104 -0.937363 0.0309458 -0.0740398 0.0309458
rFoot 1577.3 -0.3656 0.909471 0.197988 -0.985773 -0.00361162 0.0533709 -0.00361162
head 1577.31 0.00967159 0.186763 0.982357 0.689253 -0.0465241 -0.0385259 -0.0465241
hip 1577.31 0.013942 0.324269 0.945862 0.52659 -0.0485895 -0.0212731 -0.0485895
lHand 1577.31 0.339352 0.0515855 0.939244 0.423233 0.375982 -0.719572 0.375982
rHand 1577.31 -0.415479 0.169938 0.893587 -0.29102 0.399133 -0.799563 0.399133
lFoot 1577.31 0.330588 0.918246 0.21803 -0.9372 0.0306056 -0.0749639 0.0306056
rFoot 1577.31 -0.365278 0.909626 0.197871 -0.985784 -0.00380792 0.0529791 -0.00380792
head 1577.32 0.00907996 0.186783 0.982359 0.68946 -0.0456147 -0.0379256 -0.0456147
hip 1577.32 0.0130001 0.324765 0.945706 0.526432 -0.0483056 -0.0203867 -0.0483056
lHand 1577.32 0.338996 0.0527501 0.939308 0.422804 0.376554 -0.719922 0.376554
rHand 1577.32 -0.416111 0.169649 0.893348 -0.291412 0.399033 -0.799281 0.399033
lFoot 1577.32 0.330702 0.918185 0.21811 -0.937019 0.0301555 -0.0756298 0.0301555
rFoot 1577.32 -0.364894 0.909837 0.19761 -0.985841 -0.00417782 0.0523803 -0.00417782
head 1577.33 0.00847516 0.186845 0.982353 0.689664 -0.0445585 -0.0373256 -0.0445585
hip 1577.33 0.0120792 0.32534 0.94552 0.526401 -0.0480031 -0.0192321 -0.0480031
lHand 1577.33 0.338559 0.0540814 0.93939 0.422465 0.377096 -0.720354 0.377096
rHand 1577.33 -0.416614 0.169231 0.893193 -0.2919 0.398745 -0.798945 0.398745
lFoot 1577.33 0.330935 0.91805 0.218324 -0.936783 0.0298678 -0.0762981 0.0298678
rFoot 1577.33 -0.36456 0.909952 0.197697 -0.985863 -0.00475277 0.0518426 -0.00475277
head 1577.34 0.00789124 0.186834 0.98236 0.689818 -0.04357 -0.0367002 -0.04357
hip 1577.34 0.0110846 0.325928 0.945329 0.526278 -0.0476644 -0.0181137 -0.0476644
lHand 1577.34 0.338095 0.0555697 0.93947 0.421891 0.377741 -0.720831 0.377741
rHand 1577.34 -0.417237 0.16906 0.892935 -0.292417 0.398341 -0.798605 0.398341
lFoot 1577.34 0.331166 0.917929 0.218485 -0.936563 0.0298792 -0.0773055 0.0298792
rFoot 1577.34 -0.364211 0.910106 0.19763 -0.985892 -0.00518581 0.0513154 -0.00518581
head 1577.35 0.00725448 0.186878 0.982356 0.689999 -0.0424486 -0.0361073 -0.0424486
hip 1577.35 0.0101186 0.326556 0.945124 0.526258 -0.0472859 -0.01685 -0.0472859
lHand 1577.35 0.337165 0.0575689 0.939684 0.421539 0.378428 -0.721154 0.378428
rHand 1577.35 -0.417687 0.168761 0.892781 -0.2929 0.397874 -0.798322 0.397874
lFoot 1577.35 0.33153 0.917775 0.218578 -0.936282 0.0297763 -0.0784007 0.0297763
rFoot 1577.35 -0.36393 0.910241 0.197526 -0.985932 -0.0055178 0.0506565 -0.0055178
head 1577.36 0.00658188 0.186843 0.982368 0.690103 -0.0412163 -0.0354148 -0.0412163
hip 1577.36 0.00909198 0.327326 0.944868 0.52607 -0.0468987 -0.0154338 -0.0468987
lHand 1577.36 0.336598 0.0592439 0.939783 0.421036 0.379158 -0.721488 0.379158
rHand 1577.36 -0.418091 0.16819 0.892699 -0.293441 0.397335 -0.797991 0.397335
lFoot 1577.36 0.331699 0.917677 0.218735 -0.935955 0.0291383 -0.0792926 0.0291383
rFoot 1577.36 -0.363674 0.910327 0.197602 -0.985944 -0.00603503 0.0501826 -0.00603503
head 1577.37 0.00592406 0.186822 0.982376 0.69017 -0.04009 -0.0347647 -0.04009
hip 1577.37 0.00816772 0.327784 0.944717 0.525827 -0.046639 -0.0141034 -0.046639
lHand 1577.37 0.336026 0.0609109 0.939881 0.420547 0.37997 -0.721763 0.37997
rHand 1577.37 -0.418595 0.16784 0.892529 -0.29394 0.396847 -0.797672 0.396847
lFoot 1577.37 0.331953 0.917518 0.219014 -0.935552 0.028589 -0.0801351 0.028589
rFoot 1577.37 -0.363381 0.910494 0.197368 -0.98597 -0.0064043 0.0496201 -0.0064043
head 1577.39 0.00526572 0.186724 0.982398 0.690255 -0.0388148 -0.0341755 -0.0388148
hip 1577.39 0.00708567 0.328601 0.944442 0.526366 -0.0455519 -0.0121838 -0.0455519
lHand 1577.39 0.33618 0.0614713 0.939789 0.419942 0.380947 -0.721956 0.380947
rHand 1577.39 -0.419304 0.16747 0.892266 -0.294402 0.396166 -0.797366 0.396166
lFoot 1577.39 0.332294 0.917309 0.219374 -0.934993 0.0282417 -0.0815984 0.0282417
rFoot 1577.39 -0.363215 0.910597 0.1972 -0.986023 -0.00683475 0.0490449 -0.00683475
head 1577.4 0.00455492 0.18667 0.982412 0.690424 -0.0376434 -0.033571 -0.0376434
hip 1577.4 0.00610055 0.329465 0.944148 0.526303 -0.0461297 -0.0110305 -0.0461297
lHand 1577.4 0.3355 0.0633141 0.93991 0.419463 0.382024 -0.721938 0.382024
rHand 1577.4 -0.419746 0.16698 0.89215 -0.294954 0.395543 -0.796938 0.395543
lFoot 1577.4 0.332699 0.917103 0.219623 -0.934448 0.0284826 -0.0830083 0.0284826
rFoot 1577.4 -0.363036 0.910683 0.197132 -0.986062 -0.00714233 0.0485191 -0.00714233
head 1577.41 0.00379493 0.186562 0.982436 0.690587 -0.0363219 -0.0328833 -0.0363219
hip 1577.41 0.00504582 0.330209 0.943894 0.526411 -0.0462336 -0.0102175 -0.0462336
lHand 1577.41 0.334801 0.0652726 0.940025 0.41889 0.383108 -0.721961 0.383108
rHand 1577.41 -0.420276 0.166672 0.891958 -0.295445 0.394968 -0.796509 0.394968
lFoot 1577.41 0.332953 0.916809 0.22046 -0.93363 0.0290839 -0.0842147 0.0290839
rFoot 1577.41 -0.362773 0.910827 0.19695 -0.986109 -0.00708033 0.0479392 -0.00708033
head 1577.42 0.00300991 0.186466 0.982457 0.690802 -0.0349509 -0.0322783 -0.0349509
hip 1577.42 0.0039421 0.330994 0.943625 0.526329 -0.0464313 -0.00901619 -0.0464313
lHand 1577.42 0.333792 0.0675864 0.940221 0.418373 0.384065 -0.721995 0.384065
rHand 1577.42 -0.420897 0.166367 0.891722 -0.295895 0.394401 -0.796001 0.394401
lFoot 1577.42 0.333302 0.916505 0.221197 -0.93293 0.029367 -0.0857329 0.029367
rFoot 1577.42 -0.362816 0.910848 0.196775 -0.986172 -0.00713317 0.0473759 -0.00713317
head 1577.43 0.00217338 0.186366 0.982478 0.691007 -0.0335575 -0.0315862 -0.0335575
hip 1577.43 0.00280884 0.331834 0.943334 0.52639 -0.0463971 -0.00744035 -0.0463971
lHand 1577.43 0.33296 0.0696863 0.940363 0.41774 0.385336 -0.721867 0.385336
rHand 1577.43 -0.421286 0.16595 0.891616 -0.296334 0.393909 -0.795485 0.393909
lFoot 1577.43 0.333407 0.916239 0.222139 -0.932057 0.0281715 -0.0872501 0.0281715
rFoot 1577.43 -0.362814 0.910884 0.196611 -0.986229 -0.00706465 0.0468751 -0.00706465
head 1577.44 0.00136958 0.186231 0.982505 0.691207 -0.0321281 -0.0309179 -0.0321281
hip 1577.44 -0.000478593 0.336205 0.941788 0.526214 -0.0462866 -0.0051583 -0.0462866
lHand 1577.44 0.332644 0.0707498 0.940395 0.417136 0.386857 -0.721464 0.386857
rHand 1577.44 -0.421732 0.165894 0.891415 -0.297009 0.393407 -0.794863 0.393407
lFoot 1577.44 0.332812 0.916083 0.223669 -0.931054 0.0268942 -0.0886033 0.0268942
rFoot 1577.44 -0.362627 0.91095 0.196653 -0.986289 -0.00698264 0.0462935 -0.00698264
head 1577.45 0.000496763 0.186102 0.98253 0.691409 -0.030626 -0.0302423 -0.030626
hip 1577.45 -0.00182954 0.337473 0.941333 0.527108 -0.0464279 -0.00343401 -0.0464279
lHand 1577.45 0.331637 0.0727983 0.940594 0.416606 0.388021 -0.721326 0.388021
rHand 1577.45 -0.422211 0.165715 0.891222 -0.297704 0.393021 -0.794133 0.393021
lFoot 1577.45 0.332662 0.915802 0.225038 -0.93011 0.0268082 -0.0896557 0.0268082
rFoot 1577.45 -0.362488 0.911024 0.196564 -0.986334 -0.00693865 0.0458427 -0.00693865
head 1577.46 -0.000380669 0.185837 0.98258 0.691531 -0.0290494 -0.0295403 -0.0290494
hip 1577.46 -0.00412926 0.341011 0.94005 0.527905 -0.0466472 -0.00143427 -0.0466472
lHand 1577.46 0.330669 0.0750559 0.940757 0.416015 0.389655 -0.720813 0.389655
rHand 1577.46 -0.422299 0.165311 0.891255 -0.298297 0.392671 -0.793427 0.392671
lFoot 1577.46 0.33301 0.915384 0.226222 -0.92891 0.0270944 -0.0916342 0.0270944
rFoot 1577.46 -0.362429 0.911038 0.196611 -0.986385 -0.00714597 0.0454119 -0.00714597
head 1577.47 -0.00131256 0.185545 0.982635 0.691527 -0.0272754 -0.0287521 -0.0272754
hip 1577.47 -0.00515657 0.341684 0.939801 0.529414 -0.046656 0.000644122 -0.046656
lHand 1577.47 0.329649 0.0766275 0.940989 0.415577 0.391055 -0.720373 0.391055
rHand 1577.47 -0.422865 0.164932 0.891057 -0.299042 0.39234 -0.792521 0.39234
lFoot 1577.47 0.332947 0.915093 0.227489 -0.927828 0.0267514 -0.0926892 0.0267514
rFoot 1577.47 -0.362264 0.911102 0.196616 -0.986455 -0.00692286 0.0448155 -0.00692286
head 1577.49 -0.00225095 0.185284 0.982683 0.69146 -0.0255462 -0.0280931 -0.0255462
hip 1577.49 -0.0066403 0.343334 0.93919 0.531045 -0.0466409 0.00308966 -0.0466409
lHand 1577.49 0.328673 0.0787991 0.941151 0.415017 0.392415 -0.720122 0.392415
rHand 1577.49 -0.423248 0.164759 0.890907 -0.299797 0.392013 -0.791622 0.392013
lFoot 1577.49 0.333016 0.914656 0.229141 -0.92658 0.0267951 -0.0933661 0.0267951
rFoot 1577.49 -0.362128 0.911182 0.196496 -0.986565 -0.0064453 0.0442167 -0.0064453
head 1577.5 -0.00321677 0.184953 0.982742 0.69126 -0.0236268 -0.0273573 -0.0236268
hip 1577.5 -0.00871427 0.346611 0.937969 0.532853 -0.0461903 0.00606484 -0.0461903
lHand 1577.5 0.333839 0.0668474 0.940257 0.413742 0.393999 -0.719886 0.393999
rHand 1577.5 -0.423705 0.164608 0.890718 -0.300556 0.391814 -0.790437 0.391814
lFoot 1577.5 0.333042 0.914309 0.230484 -0.925474 0.0268481 -0.0943787 0.0268481
rFoot 1577.5 -0.361756 0.911371 0.196302 -0.986656 -0.00505662 0.0434136 -0.00505662
head 1577.51 -0.00421871 0.184564 0.982811 0.691027 -0.0215267 -0.0265957 -0.0215267
hip 1577.51 -0.010111 0.347855 0.937494 0.534736 -0.0452933 0.00916702 -0.0452933
lHand 1577.51 0.333368 0.068908 0.940275 0.412595 0.395317 -0.720275 0.395317
rHand 1577.51 -0.424178 0.164301 0.890549 -0.301491 0.391541 -0.789139 0.391541
lFoot 1577.51 0.333082 0.913862 0.232191 -0.924513 0.0274323 -0.0949082 0.0274323
rFoot 1577.51 -0.361572 0.911497 0.19606 -0.986756 -0.00448301 0.0427929 -0.00448301
head 1577.52 -0.00521495 0.184155 0.982883 0.690786 -0.0193844 -0.0258765 -0.0193844
hip 1577.52 -0.0118309 0.349758 0.936765 0.536536 -0.0444715 0.0121282 -0.0444715
lHand 1577.52 0.332648 0.0709693 0.940377 0.411651 0.396596 -0.720806 0.396596
rHand 1577.52 -0.424688 0.164119 0.89034 -0.302368 0.391218 -0.78796 0.391218
lFoot 1577.52 0.333364 0.913396 0.233615 -0.92373 0.0273413 -0.0959243 0.0273413
rFoot 1577.52 -0.361312 0.911669 0.19574 -0.9869 -0.00344495 0.0419919 -0.00344495
head 1577.53 -0.00630792 0.183741 0.982954 0.690433 -0.0170414 -0.0249747 -0.0170414
hip 1577.53 -0.0138317 0.352395 0.935749 0.538254 -0.0435388 0.0153636 -0.0435388
lHand 1577.53 0.331844 0.073523 0.940465 0.411217 0.397887 -0.721199 0.397887
rHand 1577.53 -0.425365 0.164011 0.890036 -0.303418 0.390834 -0.786444 0.390834
lFoot 1577.53 0.333466 0.913034 0.23488 -0.922987 0.0268558 -0.0967147 0.0268558
rFoot 1577.53 -0.361028 0.911835 0.195488 -0.986975 -0.00249483 0.0412574 -0.00249483
head 1577.54 -0.00739347 0.183314 0.983027 0.69008 -0.0145173 -0.024218 -0.0145173
hip 1577.54 -0.0155006 0.353869 0.935167 0.539496 -0.0426251 0.018758 -0.0426251
lHand 1577.54 0.331191 0.0756729 0.940525 0.411183 0.398876 -0.721479 0.398876
rHand 1577.54 -0.425956 0.164 0.889756 -0.304211 0.390209 -0.785072 0.390209
lFoot 1577.54 0.333491 0.912739 0.235991 -0.922562 0.025359 -0.0972686 0.025359
rFoot 1577.54 -0.360819 0.911981 0.195193 -0.987085 -0.0018948 0.0405526 -0.0018948
head 1577.55 -0.00851459 0.182818 0.98311 0.689516 -0.0119238 -0.0232376 -0.0119238
hip 1577.55 -0.0175031 0.355868 0.934372 0.540406 -0.0415853 0.0224253 -0.0415853
lHand 1577.55 0.330044 0.0779788 0.940739 0.411272 0.399977 -0.721741 0.399977
rHand 1577.55 -0.426561 0.16385 0.889494 -0.304367 0.389691 -0.78368 0.389691
lFoot 1577.55 0.333335 0.91251 0.237096 -0.922252 0.0230612 -0.0972708 0.0230612
rFoot 1577.55 -0.360682 0.912048 0.195133 -0.987133 -0.00185108 0.0403792 -0.00185108
head 1577.56 -0.00966461 0.182334 0.983189 0.68885 -0.00940926 -0.0222082 -0.00940926
hip 1577.56 -0.0194745 0.358026 0.933509 0.541468 -0.0406928 0.0259388 -0.0406928
lHand 1577.56 0.32932 0.0802645 0.940801 0.411471 0.400937 -0.722392 0.400937
rHand 1577.56 -0.427311 0.16398 0.88911 -0.304333 0.389086 -0.782486 0.389086
lFoot 1577.56 0.333279 0.912293 0.238006 -0.921835 0.0220586 -0.0976408 0.0220586
rFoot 1577.56 -0.36102 0.912072 0.194395 -0.987128 -0.00222965 0.04067 -0.00222965
head 1577.58 -0.0108405 0.181756 0.983284 0.688111 -0.00679454 -0.020986 -0.00679454
hip 1577.58 -0.0212754 0.359377 0.93295 0.542025 -0.0396354 0.0299863 -0.0396354
lHand 1577.58 0.328741 0.0825492 0.940805 0.411289 0.401953 -0.723132 0.401953
rHand 1577.58 -0.428037 0.163876 0.888779 -0.303957 0.388468 -0.781206 0.388468
lFoot 1577.58 0.333694 0.9119 0.238926 -0.921506 0.0216183 -0.0982812 0.0216183
rFoot 1577.58 -0.361149 0.912112 0.193966 -0.987128 -0.00247233 0.0405752 -0.00247233
head 1577.59 -0.0120753 0.18115 0.983381 0.687302 -0.00417635 -0.0196827 -0.00417635
hip 1577.59 -0.0234667 0.361113 0.932227 0.541634 -0.0385952 0.0342816 -0.0385952
lHand 1577.59 0.328124 0.0850038 0.940802 0.411086 0.403103 -0.724061 0.403103
rHand 1577.59 -0.428827 0.163872 0.888399 -0.303734 0.387836 -0.779904 0.387836
lFoot 1577.59 0.33388 0.911585 0.239867 -0.92128 0.0213515 -0.098694 0.0213515
rFoot 1577.59 -0.361529 0.911993 0.19382 -0.987056 -0.00301035 0.0410562 -0.00301035
head 1577.6 -0.0133193 0.180552 0.983475 0.686591 -0.00148884 -0.0183733 -0.00148884
hip 1577.6 -0.0264388 0.36355 0.9312 0.540401 -0.0375583 0.0385555 -0.0375583
lHand 1577.6 0.326732 0.0895398 0.940866 0.411208 0.404294 -0.724957 0.404294
rHand 1577.6 -0.429732 0.16414 0.887913 -0.303235 0.387401 -0.778722 0.387401
lFoot 1577.6 0.333933 0.911353 0.240677 -0.921136 0.0205258 -0.0991688 0.0205258
rFoot 1577.6 -0.362435 0.911748 0.193278 -0.986872 -0.00481263 0.0423761 -0.00481263
head 1577.61 -0.0145679 0.179738 0.983607 0.685799 0.0014596 -0.0169724 0.0014596
hip 1577.61 -0.0287485 0.365066 0.930538 0.539377 -0.0361903 0.0432616 -0.0361903
lHand 1577.61 0.325987 0.0925087 0.940837 0.41058 0.405917 -0.726127 0.405917
rHand 1577.61 -0.430638 0.164385 0.887428 -0.302179 0.387311 -0.77773 0.387311
lFoot 1577.61 0.333802 0.911132 0.241692 -0.921183 0.0190292 -0.099742 0.0190292
rFoot 1577.61 -0.362918 0.911613 0.193008 -0.98678 -0.00596859 0.0425638 -0.00596859
head 1577.62 -0.0159283 0.179001 0.98372 0.684911 0.00452981 -0.0154476 0.00452981
hip 1577.62 -0.0313899 0.366482 0.929895 0.538267 -0.033768 0.0491541 -0.033768
lHand 1577.62 0.325387 0.0954859 0.940747 0.409785 0.407394 -0.7275 0.407394
rHand 1577.62 -0.43165 0.164874 0.886845 -0.301101 0.387318 -0.776754 0.387318
lFoot 1577.62 0.333892 0.910877 0.242525 -0.921432 0.0176843 -0.100567 0.0176843
rFoot 1577.62 -0.363452 0.911478 0.192641 -0.986643 -0.00711212 0.0429111 -0.00711212
head 1577.63 -0.0172694 0.178132 0.983855 0.683857 0.00778049 -0.0137461 0.00778049
hip 1577.63 -0.034662 0.369657 0.928521 0.538626 -0.0317256 0.0543632 -0.0317256
lHand 1577.63 0.324698 0.0990864 0.940613 0.408635 0.409218 -0.729235 0.409218
rHand 1577.63 -0.432422 0.16542 0.886368 -0.299682 0.388274 -0.775334 0.388274
lFoot 1577.63 0.333576 0.910777 0.243338 -0.921866 0.0160033 -0.100846 0.0160033
rFoot 1577.63 -0.363701 0.911456 0.192276 -0.986497 -0.00784247 0.0426599 -0.00784247
head 1577.64 -0.0185812 0.177354 0.983972 0.682716 0.0109043 -0.0120148 0.0109043
hip 1577.64 -0.0368405 0.371038 0.927887 0.541039 -0.029501 0.0604735 -0.029501
lHand 1577.64 0.323928 0.102846 0.940475 0.407666 0.411277 -0.730599 0.411277
rHand 1577.64 -0.433187 0.166232 0.885842 -0.29877 0.38895 -0.773633 0.38895
lFoot 1577.64 0.333556 0.910484 0.244455 -0.92227 0.0146167 -0.10112 0.0146167
rFoot 1577.64 -0.364923 0.911085 0.191718 -0.986423 -0.00871482 0.0432877 -0.00871482
head 1577.65 -0.0199543 0.176408 0.984115 0.681269 0.0141126 -0.00991389 0.0141126
hip 1577.65 -0.0394142 0.373507 0.92679 0.544751 -0.0277497 0.0663963 -0.0277497
lHand 1577.65 0.323174 0.106312 0.940349 0.406477 0.41368 -0.731899 0.41368
rHand 1577.65 -0.434015 0.166844 0.885321 -0.297783 0.390463 -0.771152 0.390463
lFoot 1577.65 0.334483 0.909922 0.24528 -0.922923 0.0141623 -0.102379 0.0141623
rFoot 1577.65 -0.365919 0.910853 0.190917 -0.986323 -0.0102119 0.0438777 -0.0102119
head 1577.67 -0.0213366 0.175471 0.984253 0.679518 0.0170042 -0.00769566 0.0170042
hip 1577.67 -0.0423506 0.376847 0.925307 0.548471 -0.026335 0.0721142 -0.026335
lHand 1577.67 0.322551 0.111096 0.94001 0.404272 0.416635 -0.734203 0.416635
rHand 1577.67 -0.435111 0.167559 0.884648 -0.29678 0.392405 -0.768213 0.392405
lFoot 1577.67 0.334593 0.909849 0.245403 -0.923921 0.0125348 -0.102631 0.0125348
rFoot 1577.67 -0.366764 0.910723 0.189916 -0.9862 -0.0115563 0.0439965 -0.0115563
head 1577.68 -0.0227056 0.174476 0.9844 0.677608 0.0198459 -0.00535767 0.0198459
hip 1577.68 -0.044719 0.378924 0.924347 0.5544 -0.0243006 0.0789113 -0.0243006
lHand 1577.68 0.321832 0.11577 0.939692 0.401044 0.419846 -0.737343 0.419846
rHand 1577.68 -0.436124 0.16811 0.884044 -0.296097 0.394274 -0.764877 0.394274
lFoot 1577.68 0.33488 0.909607 0.245906 -0.925114 0.00981848 -0.102473 0.00981848
rFoot 1577.68 -0.367197 0.910692 0.189227 -0.986051 -0.0120696 0.044342 -0.0120696
head 1577.69 -0.024068 0.173397 0.984558 0.67538 0.0225206 -0.00284444 0.0225206
hip 1577.69 -0.0478202 0.382727 0.922623 0.564617 -0.0194743 0.0868966 -0.0194743
lHand 1577.69 0.321238 0.120305 0.939326 0.397736 0.423079 -0.74011 0.423079
rHand 1577.69 -0.437029 0.168111 0.883598 -0.296548 0.396506 -0.759798 0.396506
lFoot 1577.69 0.335081 0.909425 0.246305 -0.926503 0.00640821 -0.101976 0.00640821
rFoot 1577.69 -0.366403 0.911024 0.189167 -0.985872 -0.0136203 0.0439103 -0.0136203
head 1577.7 -0.0254268 0.172271 0.984721 0.672933 0.0250966 -0.00014337 0.0250966
hip 1577.7 -0.0511734 0.385722 0.921195 0.570591 -0.0182664 0.0923926 -0.0182664
lHand 1577.7 0.320319 0.1256 0.938946 0.394554 0.426217 -0.743 0.426217
rHand 1577.7 -0.437828 0.167421 0.883333 -0.297894 0.398518 -0.753438 0.398518
lFoot 1577.7 0.33582 0.909013 0.246822 -0.928306 0.00347437 -0.101338 0.00347437
rFoot 1577.7 -0.366643 0.910844 0.189568 -0.985614 -0.0177695 0.0450472 -0.0177695
head 1577.71 -0.0267771 0.171137 0.984883 0.670091 0.0273136 0.00284716 0.0273136
hip 1577.71 -0.0542078 0.387322 0.92035 0.577072 -0.0134836 0.101417 -0.0134836
lHand 1577.71 0.319793 0.131058 0.938379 0.38987 0.429563 -0.746997 0.429563
rHand 1577.71 -0.438695 0.166752 0.883029 -0.298993 0.40001 -0.746951 0.40001
lFoot 1577.71 0.336743 0.908657 0.246873 -0.930286 0.000815064 -0.100947 0.000815064
rFoot 1577.71 -0.366817 0.910792 0.189484 -0.985396 -0.0193493 0.0461462 -0.0193493
head 1577.72 -0.0281101 0.16999 0.985045 0.667264 0.0293418 0.00599987 0.0293418
hip 1577.72 -0.0581423 0.390216 0.918886 0.584672 -0.00567617 0.111725 -0.00567617
lHand 1577.72 0.318942 0.13651 0.937892 0.385006 0.43288 -0.750926 0.43288
rHand 1577.72 -0.439473 0.166095 0.882766 -0.30023 0.401198 -0.740416 0.401198
lFoot 1577.72 0.337289 0.90843 0.246963 -0.932192 -0.00250389 -0.100368 -0.00250389
rFoot 1577.72 -0.366601 0.910937 0.1892 -0.985208 -0.0195069 0.0465074 -0.0195069
head 1577.73 -0.0293736 0.168762 0.985219 0.664078 0.0310317 0.00935998 0.0310317
hip 1577.73 -0.0620685 0.393219 0.917348 0.590881 0.000737336 0.122012 0.000737336
lHand 1577.73 0.318215 0.14163 0.937379 0.379916 0.436008 -0.754958 0.436008
rHand 1577.73 -0.439927 0.164492 0.88284 -0.303204 0.40182 -0.731843 0.40182
lFoot 1577.73 0.337771 0.908328 0.246679 -0.934525 -0.00657268 -0.0994865 -0.00657268
rFoot 1577.73 -0.36575 0.911292 0.189137 -0.985049 -0.0201161 0.0463759 -0.0201161
head 1577.74 -0.0306228 0.167634 0.985374 0.660725 0.0325807 0.0128895 0.0325807
hip 1577.74 -0.0654494 0.394432 0.916591 0.596143 0.00735168 0.132266 0.00735168
lHand 1577.74 0.317456 0.147257 0.936769 0.374763 0.438717 -0.759183 0.438717
rHand 1577.74 -0.44038 0.162855 0.882918 -0.305819 0.40235 -0.722509 0.40235
lFoot 1577.74 0.338408 0.908287 0.245956 -0.936953 -0.0104735 -0.099094 -0.0104735
rFoot 1577.74 -0.365598 0.911372 0.189046 -0.98491 -0.0214909 0.0465986 -0.0214909
head 1577.75 -0.0319089 0.166477 0.985529 0.657356 0.0338387 0.0165835 0.0338387
hip 1577.75 -0.0689475 0.396213 0.915566 0.600635 0.013139 0.141662 0.013139
lHand 1577.75 0.316114 0.152824 0.936332 0.369834 0.441469 -0.762882 0.441469
rHand 1577.75 -0.441334 0.16171 0.882652 -0.307011 0.402678 -0.713819 0.402678
lFoot 1577.75 0.339186 0.908265 0.244962 -0.939465 -0.0139825 -0.0988005 -0.0139825
rFoot 1577.75 -0.365717 0.911377 0.188794 -0.984751 -0.0218847 0.04673 -0.0218847
head 1577.77 -0.033089 0.165345 0.98568 0.654137 0.0348678 0.020332 0.0348678
hip 1577.77 -0.073028 0.399151 0.913972 0.605019 0.0173522 0.149903 0.0173522
lHand 1577.77 0.314878 0.158754 0.935761 0.364454 0.444047 -0.766662 0.444047
rHand 1577.77 -0.441747 0.160705 0.882629 -0.30837 0.402907 -0.704402 0.402907
lFoot 1577.77 0.33989 0.908341 0.243703 -0.941828 -0.0175441 -0.0985763 -0.0175441
rFoot 1577.77 -0.365162 0.911598 0.188799 -0.984617 -0.0219088 0.0463659 -0.0219088
head 1577.78 -0.0342112 0.164132 0.985845 0.651149 0.0360882 0.0240713 0.0360882
hip 1577.78 -0.0758113 0.400187 0.913292 0.609532 0.0205635 0.1576 0.0205635
lHand 1577.78 0.313594 0.164418 0.935214 0.359435 0.446593 -0.77004 0.446593
rHand 1577.78 -0.442135 0.159151 0.882716 -0.310162 0.403313 -0.694014 0.403313
lFoot 1577.78 0.340938 0.908527 0.241535 -0.944847 -0.0204728 -0.0988581 -0.0204728
rFoot 1577.78 -0.364354 0.911964 0.188596 -0.984472 -0.0229919 0.0463912 -0.0229919
head 1577.79 -0.035358 0.163024 0.985988 0.648499 0.0371831 0.0276227 0.0371831
hip 1577.79 -0.078283 0.401379 0.91256 0.61173 0.0221476 0.164242 0.0221476
lHand 1577.79 0.311744 0.170148 0.934808 0.354466 0.449048 -0.773222 0.449048
rHand 1577.79 -0.442443 0.157438 0.882869 -0.312553 0.40377 -0.682054 0.40377
lFoot 1577.79 0.341636 0.90892 0.23906 -0.947976 -0.0238939 -0.0990071 -0.0238939
rFoot 1577.79 -0.364024 0.912123 0.188461 -0.984325 -0.0251577 0.0462693 -0.0251577
head 1577.8 -0.0364408 0.161924 0.98613 0.645884 0.0383949 0.031095 0.0383949
hip 1577.8 -0.0810796 0.402502 0.911821 0.614901 0.025738 0.170879 0.025738
lHand 1577.8 0.310194 0.175897 0.934259 0.349197 0.451559 -0.776328 0.451559
rHand 1577.8 -0.442554 0.155645 0.883131 -0.314747 0.404139 -0.66985 0.404139
lFoot 1577.8 0.341402 0.90984 0.235873 -0.950766 -0.0277421 -0.0996045 -0.0277421
rFoot 1577.8 -0.363795 0.912188 0.188589 -0.984149 -0.0267341 0.0465661 -0.0267341
head 1577.81 -0.03739 0.16076 0.986285 0.64355 0.0394044 0.0344661 0.0394044
hip 1577.81 -0.0837159 0.403329 0.911218 0.617725 0.0293639 0.176132 0.0293639
lHand 1577.81 0.308241 0.181787 0.933778 0.343792 0.453954 -0.778966 0.453954
rHand 1577.81 -0.442652 0.153939 0.883381 -0.31677 0.404717 -0.657478 0.404717
lFoot 1577.81 0.341152 0.910689 0.232938 -0.953351 -0.0315166 -0.10061 -0.0315166
rFoot 1577.81 -0.362861 0.912551 0.188635 -0.984048 -0.0273293 0.0464724 -0.0273293
head 1577.82 -0.038312 0.159718 0.986419 0.641197 0.0399819 0.0379881 0.0399819
hip 1577.82 -0.0863043 0.404656 0.910387 0.62093 0.0324426 0.181147 0.0324426
lHand 1577.82 0.306267 0.187586 0.93328 0.338485 0.456259 -0.781485 0.456259
rHand 1577.82 -0.442868 0.152174 0.883578 -0.319062 0.405331 -0.645129 0.405331
lFoot 1577.82 0.33625 0.913391 0.22946 -0.955928 -0.0422561 -0.0989409 -0.0422561
rFoot 1577.82 -0.362513 0.912707 0.188547 -0.984005 -0.0292853 0.0461557 -0.0292853
head 1577.83 -0.0391236 0.158689 0.986553 0.639194 0.0399684 0.0417138 0.0399684
hip 1577.83 -0.088158 0.404489 0.910284 0.624321 0.0355982 0.187277 0.0355982
lHand 1577.83 0.304402 0.193024 0.932781 0.333384 0.458415 -0.783657 0.458415
rHand 1577.83 -0.442584 0.150112 0.884074 -0.32179 0.405839 -0.632942 0.405839
lFoot 1577.83 0.324158 0.918 0.228466 -0.957471 -0.0605492 -0.0906753 -0.0605492
rFoot 1577.83 -0.362194 0.91285 0.188467 -0.983971 -0.0304501 0.0462853 -0.0304501
head 1577.84 -0.0398859 0.157803 0.986665 0.637361 0.039734 0.0455924 0.039734
hip 1577.84 -0.0902197 0.405338 0.909704 0.625577 0.0392223 0.1942 0.0392223
lHand 1577.84 0.302206 0.198802 0.932282 0.328992 0.459986 -0.785145 0.459986
rHand 1577.84 -0.442637 0.148225 0.884365 -0.324342 0.406391 -0.620995 0.406391
lFoot 1577.84 0.305633 0.92443 0.228076 -0.957521 -0.0850758 -0.0818555 -0.0850758
rFoot 1577.84 -0.361941 0.91299 0.188277 -0.984148 -0.0292 0.0453628 -0.0292
head 1577.85 -0.040471 0.156825 0.986797 0.636044 0.0389161 0.0494702 0.0389161
hip 1577.85 -0.0923215 0.406465 0.90899 0.627967 0.0425203 0.199982 0.0425203
lHand 1577.85 0.299732 0.204346 0.931882 0.324807 0.461461 -0.786496 0.461461
rHand 1577.85 -0.442575 0.145607 0.884831 -0.327822 0.40689 -0.610615 0.40689
lFoot 1577.85 0.292621 0.929045 0.226382 -0.957085 -0.112686 -0.0766675 -0.112686
rFoot 1577.85 -0.361507 0.913198 0.188099 -0.984301 -0.0292439 0.0441897 -0.0292439
head 1577.87 -0.0410802 0.155826 0.98693 0.634842 0.0380684 0.0532022 0.0380684
hip 1577.87 -0.0937233 0.406081 0.909018 0.629887 0.0450869 0.205805 0.0450869
lHand 1577.87 0.297329 0.209863 0.931425 0.320822 0.46294 -0.787733 0.46294
rHand 1577.87 -0.442464 0.14317 0.885284 -0.330869 0.407117 -0.600554 0.407117
lFoot 1577.87 0.279444 0.933853 0.223228 -0.955453 -0.14032 -0.07272 -0.14032
rFoot 1577.87 -0.361441 0.913267 0.187893 -0.984475 -0.0298163 0.0436412 -0.0298163
head 1577.88 -0.0416694 0.154929 0.987046 0.633732 0.0371764 0.0567881 0.0371764
hip 1577.88 -0.0958708 0.406913 0.908422 0.631647 0.0479572 0.211094 0.0479572
lHand 1577.88 0.294488 0.215019 0.931152 0.31781 0.46429 -0.788009 0.46429
rHand 1577.88 -0.442501 0.140374 0.885713 -0.334229 0.407132 -0.591305 0.407132
lFoot 1577.88 0.263252 0.9394 0.219605 -0.952951 -0.159436 -0.0683546 -0.159436
rFoot 1577.88 -0.361149 0.913393 0.187842 -0.984598 -0.030341 0.0430541 -0.030341
head 1577.89 -0.0420532 0.154069 0.987165 0.633053 0.0360769 0.0599767 0.0360769
hip 1577.89 -0.0979439 0.407161 0.90809 0.632349 0.0495699 0.214265 0.0495699
lHand 1577.89 0.291528 0.220172 0.930879 0.315484 0.465813 -0.787526 0.465813
rHand 1577.89 -0.44257 0.13699 0.886208 -0.338865 0.406974 -0.586267 0.406974
lFoot 1577.89 0.241731 0.945824 0.216756 -0.950201 -0.17166 -0.0602149 -0.17166
rFoot 1577.89 -0.361187 0.913394 0.187764 -0.984738 -0.0313623 0.0425291 -0.0313623
head 1577.9 -0.0424265 0.153228 0.98728 0.6325 0.0347951 0.0629488 0.0347951
hip 1577.9 -0.0999628 0.407008 0.907938 0.634573 0.0519277 0.218147 0.0519277
lHand 1577.9 0.288442 0.225041 0.930676 0.313683 0.467482 -0.78621 0.467482
rHand 1577.9 -0.442318 0.133528 0.886862 -0.342804 0.40675 -0.579978 0.40675
lFoot 1577.9 0.21864 0.952242 0.213149 -0.944346 -0.19193 -0.0521837 -0.19193
rFoot 1577.9 -0.360985 0.91345 0.18788 -0.984786 -0.0321516 0.0419941 -0.0321516
head 1577.91 -0.0428064 0.152558 0.987367 0.632162 0.0334931 0.0657129 0.0334931
hip 1577.91 -0.102032 0.407197 0.907624 0.637595 0.0532769 0.221949 0.0532769
lHand 1577.91 0.285039 0.229491 0.930638 0.31227 0.469372 -0.784206 0.469372
rHand 1577.91 -0.441943 0.130139 0.887553 -0.347278 0.406354 -0.578648 0.406354
lFoot 1577.91 0.195852 0.957831 0.210243 -0.936572 -0.216261 -0.0438981 -0.216261
rFoot 1577.91 -0.361039 0.913335 0.188332 -0.984852 -0.0319886 0.0415426 -0.0319886
head 1577.92 -0.0431414 0.15191 0.987452 0.63196 0.0322802 0.0681465 0.0322802
hip 1577.92 -0.1047 0.407888 0.907009 0.641404 0.0579033 0.227436 0.0579033
lHand 1577.92 0.281859 0.234441 0.930373 0.310311 0.471387 -0.782524 0.471387
rHand 1577.92 -0.442221 0.126988 0.887871 -0.351031 0.40609 -0.575723 0.40609
lFoot 1577.92 0.172897 0.962427 0.209383 -0.929279 -0.233325 -0.0360777 -0.233325
rFoot 1577.92 -0.361646 0.913107 0.188274 -0.984816 -0.0332177 0.0412759 -0.0332177
head 1577.93 -0.0434334 0.151369 0.987523 0.631889 0.0311993 0.0702904 0.0311993
hip 1577.93 -0.106662 0.40708 0.907143 0.645689 0.0632103 0.234002 0.0632103
lHand 1577.93 0.278653 0.238927 0.930197 0.308914 0.473691 -0.779654 0.473691
rHand 1577.93 -0.441614 0.123651 0.888644 -0.354419 0.405878 -0.575564 0.405878
lFoot 1577.93 0.154283 0.965912 0.207872 -0.922641 -0.241455 -0.0345431 -0.241455
rFoot 1577.93 -0.361792 0.913093 0.188066 -0.984796 -0.0336817 0.0408802 -0.0336817
head 1577.94 -0.0436302 0.150933 0.987581 0.631807 0.0303671 0.0721674 0.0303671
hip 1577.94 -0.109432 0.407568 0.906594 0.65116 0.0696194 0.240432 0.0696194
lHand 1577.94 0.275461 0.243092 0.930069 0.307896 0.4761 -0.775993 0.4761
rHand 1577.94 -0.441123 0.120519 0.889317 -0.357359 0.40575 -0.575523 0.40575
lFoot 1577.94 0.140327 0.968477 0.205818 -0.916814 -0.243608 -0.0381903 -0.243608
rFoot 1577.94 -0.362295 0.912934 0.187868 -0.984718 -0.0343197 0.0407123 -0.0343197
head 1577.95 -0.0437357 0.150411 0.987656 0.631709 0.0297276 0.0736882 0.0297276
hip 1577.95 -0.11234 0.408312 0.905903 0.656184 0.0759277 0.246102 0.0759277
lHand 1577.95 0.272404 0.246696 0.93002 0.307885 0.478072 -0.771374 0.478072
rHand 1577.95 -0.440175 0.117881 0.89014 -0.358536 0.405443 -0.580896 0.405443
lFoot 1577.95 0.126888 0.970671 0.204201 -0.914696 -0.233028 -0.0428888 -0.233028
rFoot 1577.95 -0.363402 0.91254 0.187642 -0.984689 -0.0353318 0.0407203 -0.0353318
head 1577.97 -0.0439237 0.149947 0.987718 0.631428 0.0292221 0.0751548 0.0292221
hip 1577.97 -0.114924 0.407782 0.905818 0.661645 0.0822525 0.251078 0.0822525
lHand 1577.97 0.269143 0.250069 0.930069 0.30871 0.479224 -0.766647 0.479224
rHand 1577.97 -0.439326 0.115045 0.890931 -0.359868 0.405088 -0.584151 0.405088
lFoot 1577.97 0.111802 0.97249 0.204359 -0.912912 -0.2232 -0.0411034 -0.2232
rFoot 1577.97 -0.364879 0.911984 0.187481 -0.984609 -0.0362428 0.0408519 -0.0362428
head 1577.98 -0.0440551 0.149495 0.987781 0.631055 0.0286913 0.0764084 0.0286913
hip 1577.98 -0.117458 0.408507 0.905166 0.666082 0.0872671 0.256305 0.0872671
lHand 1577.98 0.265331 0.252038 0.930632 0.312591 0.479181 -0.760272 0.479181
rHand 1577.98 -0.438745 0.11238 0.891557 -0.359457 0.404515 -0.590289 0.404515
lFoot 1577.98 0.0973735 0.973958 0.204756 -0.907906 -0.222549 -0.0393716 -0.222549
rFoot 1577.98 -0.366015 0.911608 0.187095 -0.984564 -0.0362009 0.0406571 -0.0362009
head 1577.99 -0.0441654 0.149085 0.987838 0.630489 0.0283159 0.0775917 0.0283159
hip 1577.99 -0.119594 0.409097 0.90462 0.669357 0.0921884 0.260603 0.0921884
lHand 1577.99 0.262198 0.254282 0.93091 0.31624 0.478602 -0.755008 0.478602
rHand 1577.99 -0.437665 0.110555 0.892316 -0.358086 0.403547 -0.59739 0.403547
lFoot 1577.99 0.0831945 0.975045 0.205828 -0.901146 -0.228472 -0.0380581 -0.228472
rFoot 1577.99 -0.367442 0.911096 0.186789 -0.984501 -0.0365579 0.040056 -0.0365579
head 1578 -0.0443343 0.148782 0.987876 0.629619 0.0280183 0.0788249 0.0280183
hip 1578 -0.121548 0.40878 0.904503 0.672 0.0964729 0.265134 0.0964729
lHand 1578 0.25942 0.25707 0.930922 0.318706 0.477887 -0.751278 0.477887
rHand 1578 -0.436709 0.108486 0.893037 -0.356533 0.402227 -0.603752 0.402227
lFoot 1578 0.0694828 0.975742 0.207604 -0.895772 -0.230119 -0.0358348 -0.230119
rFoot 1578 -0.370474 0.910049 0.185901 -0.984469 -0.0370585 0.0403422 -0.0370585
head 1578.01 -0.0444977 0.148448 0.987919 0.628404 0.0277057 0.0800586 0.0277057
hip 1578.01 -0.122726 0.40884 0.904316 0.672935 0.0991643 0.269512 0.0991643
lHand 1578.01 0.256861 0.260043 0.930806 0.320663 0.477369 -0.748349 0.477369
rHand 1578.01 -0.435179 0.106995 0.893964 -0.352201 0.399305 -0.612945 0.399305
lFoot 1578.01 0.0571868 0.975981 0.210217 -0.891853 -0.225743 -0.034132 -0.225743
rFoot 1578.01 -0.374493 0.908643 0.184722 -0.984503 -0.0364319 0.0408186 -0.0364319
head 1578.02 -0.0445971 0.148029 0.987977 0.627023 0.0275589 0.081249 0.0275589
hip 1578.02 -0.123474 0.409128 0.904085 0.672615 0.100876 0.274037 0.100876
lHand 1578.02 0.254671 0.262977 0.930583 0.322493 0.476948 -0.745571 0.476948
rHand 1578.02 -0.433086 0.105298 0.895181 -0.348944 0.396882 -0.620149 0.396882
lFoot 1578.02 0.0462179 0.976151 0.212116 -0.887261 -0.224128 -0.0332296 -0.224128
rFoot 1578.02 -0.377544 0.907547 0.183898 -0.98456 -0.0377135 0.0406045 -0.0377135
head 1578.03 -0.0447619 0.147627 0.98803 0.625194 0.0274346 0.0825266 0.0274346
hip 1578.03 -0.123927 0.408258 0.904415 0.672151 0.102932 0.277725 0.102932
lHand 1578.03 0.252353 0.266786 0.930131 0.323891 0.476773 -0.743118 0.476773
rHand 1578.03 -0.431235 0.103324 0.896304 -0.344203 0.393445 -0.627568 0.393445
lFoot 1578.03 0.0346871 0.976011 0.214939 -0.881882 -0.224891 -0.031073 -0.224891
rFoot 1578.03 -0.379841 0.906749 0.183105 -0.984597 -0.0373386 0.0403123 -0.0373386
head 1578.04 -0.044997 0.147213 0.988081 0.623136 0.0272759 0.0841196 0.0272759
hip 1578.04 -0.124601 0.40873 0.904109 0.672563 0.10426 0.279687 0.10426
lHand 1578.04 0.250338 0.270023 0.929741 0.324862 0.476975 -0.740608 0.476975
rHand 1578.04 -0.429266 0.101469 0.89746 -0.339937 0.390068 -0.634355 0.390068
lFoot 1578.04 0.0233592 0.97579 0.217458 -0.876187 -0.22837 -0.0284964 -0.22837
rFoot 1578.04 -0.382076 0.905835 0.182978 -0.984547 -0.034794 0.0406195 -0.034794
head 1578.06 -0.0451856 0.146728 0.988144 0.620831 0.0268509 0.0860283 0.0268509
hip 1578.06 -0.125515 0.409393 0.903683 0.674052 0.105817 0.281234 0.105817
lHand 1578.06 0.248621 0.273637 0.929145 0.325142 0.477771 -0.738241 0.477771
rHand 1578.06 -0.425745 0.0995572 0.899349 -0.334877 0.3858 -0.640365 0.3858
lFoot 1578.06 0.0116482 0.975313 0.22052 -0.869183 -0.236537 -0.0249512 -0.236537
rFoot 1578.06 -0.386283 0.904148 0.18249 -0.984182 -0.0388344 0.0433133 -0.0388344
head 1578.07 -0.0454245 0.146411 0.98818 0.618435 0.0262911 0.0879823 0.0262911
hip 1578.07 -0.126231 0.409516 0.903527 0.677216 0.107398 0.281901 0.107398
lHand 1578.07 0.248101 0.278138 0.927947 0.32116 0.480743 -0.738332 0.480743
rHand 1578.07 -0.423247 0.0977595 0.900725 -0.330949 0.381974 -0.645936 0.381974
lFoot 1578.07 0.000607576 0.974654 0.223716 -0.862119 -0.245137 -0.0223865 -0.245137
rFoot 1578.07 -0.390654 0.902364 0.182014 -0.983738 -0.0462609 0.0460007 -0.0462609
head 1578.08 -0.0457669 0.145907 0.988239 0.615926 0.025507 0.0903897 0.025507
hip 1578.08 -0.127139 0.410614 0.902902 0.680397 0.109968 0.283717 0.109968
lHand 1578.08 0.248293 0.283378 0.926309 0.315584 0.484401 -0.738857 0.484401
rHand 1578.08 -0.420311 0.0953267 0.902359 -0.327501 0.377574 -0.650465 0.377574
lFoot 1578.08 -0.0105628 0.973915 0.226666 -0.854556 -0.255257 -0.0195469 -0.255257
rFoot 1578.08 -0.393811 0.901112 0.181412 -0.983481 -0.0489024 0.0477118 -0.0489024
head 1578.09 -0.0461106 0.145362 0.988304 0.613298 0.0244394 0.0929891 0.0244394
hip 1578.09 -0.128029 0.412177 0.902064 0.685 0.113129 0.28666 0.113129
lHand 1578.09 0.247952 0.28838 0.924855 0.309924 0.48809 -0.739281 0.48809
rHand 1578.09 -0.417214 0.0928214 0.904056 -0.324453 0.373254 -0.654325 0.373254
lFoot 1578.09 -0.022121 0.973014 0.229685 -0.846446 -0.268193 -0.0155485 -0.268193
rFoot 1578.09 -0.396741 0.899883 0.181127 -0.983295 -0.0485192 0.0496128 -0.0485192
head 1578.1 -0.0465616 0.144806 0.988364 0.610515 0.0232537 0.0957215 0.0232537
hip 1578.1 -0.128724 0.412977 0.901598 0.689508 0.116743 0.2905 0.116743
lHand 1578.1 0.248329 0.294051 0.922966 0.301658 0.493269 -0.740713 0.493269
rHand 1578.1 -0.414584 0.0906707 0.905483 -0.321408 0.369064 -0.658116 0.369064
lFoot 1578.1 -0.0330333 0.971992 0.23268 -0.837758 -0.281723 -0.0118515 -0.281723
rFoot 1578.1 -0.399728 0.898629 0.180788 -0.983045 -0.0503896 0.0513127 -0.0503896
head 1578.11 -0.0470245 0.14429 0.988417 0.607815 0.0216336 0.0987761 0.0216336
hip 1578.11 -0.129866 0.414548 0.900714 0.694245 0.120595 0.293423 0.120595
lHand 1578.11 0.248781 0.299654 0.92104 0.29359 0.498644 -0.741918 0.498644
rHand 1578.11 -0.411424 0.0877997 0.907205 -0.31986 0.364693 -0.659904 0.364693
lFoot 1578.11 -0.0443373 0.97092 0.235261 -0.827626 -0.300956 -0.00788227 -0.300956
rFoot 1578.11 -0.402528 0.89742 0.180576 -0.982857 -0.0521215 0.0529103 -0.0521215
head 1578.12 -0.0474043 0.143735 0.98848 0.60517 0.0195566 0.102097 0.0195566
hip 1578.12 -0.130896 0.416464 0.89968 0.700127 0.123737 0.296176 0.123737
lHand 1578.12 0.249457 0.304743 0.919186 0.286966 0.50392 -0.741934 0.50392
rHand 1578.12 -0.407992 0.0850971 0.909011 -0.317906 0.360673 -0.662367 0.360673
lFoot 1578.12 -0.0558293 0.969695 0.237855 -0.816831 -0.321533 -0.00342142 -0.321533
rFoot 1578.12 -0.4055 0.896116 0.180404 -0.982606 -0.0516199 0.055413 -0.0516199
head 1578.13 -0.0478785 0.143214 0.988533 0.602564 0.0171125 0.105742 0.0171125
hip 1578.13 -0.131571 0.417307 0.899191 0.704913 0.126069 0.298743 0.126069
lHand 1578.13 0.249785 0.309558 0.917487 0.280433 0.509502 -0.741599 0.509502
rHand 1578.13 -0.404999 0.082304 0.910605 -0.316696 0.356684 -0.663897 0.356684
lFoot 1578.13 -0.0664911 0.968373 0.240483 -0.80582 -0.341518 0.000612736 -0.341518
rFoot 1578.13 -0.408489 0.894769 0.180345 -0.982255 -0.0521496 0.058209 -0.0521496
head 1578.14 -0.0483455 0.142771 0.988574 0.600246 0.0142454 0.109783 0.0142454
hip 1578.14 -0.132562 0.419027 0.898245 -0.709487 -0.128496 -0.300819 -0.128496
lHand 1578.14 0.250496 0.314318 0.915672 0.274343 0.514418 -0.74124 0.514418
rHand 1578.14 -0.402026 0.0796454 0.912158 -0.315964 0.352661 -0.665273 0.352661
lFoot 1578.14 -0.0766272 0.967074 0.242685 -0.794468 -0.361179 0.00459978 -0.361179
rFoot 1578.14 -0.410562 0.893744 0.180723 -0.981715 -0.0538469 0.0608728 -0.0538469
head 1578.16 -0.0488352 0.142388 0.988605 0.598209 0.0110578 0.114021 0.0110578
hip 1578.16 -0.133727 0.420679 0.897299 -0.714058 -0.131188 -0.302652 -0.131188
lHand 1578.16 0.250863 0.318961 0.913965 0.268329 0.519416 -0.740975 0.519416
rHand 1578.16 -0.399375 0.0769881 0.913549 -0.315381 0.348858 -0.666825 0.348858
lFoot 1578.16 -0.0871132 0.965679 0.244695 -0.781502 -0.384529 0.00838634 -0.384529
rFoot 1578.16 -0.410821 0.893507 0.181306 -0.981176 -0.0557503 0.06241 -0.0557503
head 1578.17 -0.0492704 0.142004 0.988639 0.596264 0.00789754 0.118225 0.00789754
hip 1578.17 -0.135 0.421453 0.896745 -0.719306 -0.134241 -0.304344 -0.134241
lHand 1578.17 0.251331 0.323118 0.912374 0.262858 0.523777 -0.740874 0.523777
rHand 1578.17 -0.396757 0.074437 0.9149 -0.314875 0.345072 -0.668673 0.345072
lFoot 1578.17 -0.0961787 0.964356 0.246512 -0.768018 -0.407871 0.0114865 -0.407871
rFoot 1578.17 -0.410757 0.893398 0.181988 -0.980592 -0.0584611 0.0651037 -0.0584611
head 1578.18 -0.0496753 0.141657 0.988669 0.594464 0.00465618 0.122391 0.00465618
hip 1578.18 -0.136419 0.423375 0.895625 -0.724115 -0.13715 -0.307332 -0.13715
lHand 1578.18 0.252133 0.326862 0.910819 0.257879 0.527525 -0.740768 0.527525
rHand 1578.18 -0.394113 0.0722368 0.916219 -0.314062 0.341112 -0.671066 0.341112
lFoot 1578.18 -0.104442 0.963131 0.247934 -0.754049 -0.43081 0.0139758 -0.43081
rFoot 1578.18 -0.411184 0.893066 0.182649 -0.980232 -0.0579028 0.0684301 -0.0579028
head 1578.19 -0.0500166 0.141376 0.988692 0.592852 0.00140162 0.12659 0.00140162
hip 1578.19 -0.13776 0.424843 0.894724 -0.727754 -0.14116 -0.311962 -0.14116
lHand 1578.19 0.25281 0.330496 0.909318 0.253112 0.530899 -0.740614 0.530899
rHand 1578.19 -0.392001 0.0708056 0.917236 -0.312961 0.337386 -0.674061 0.337386
lFoot 1578.19 -0.112237 0.961911 0.249259 -0.739575 -0.45322 0.015907 -0.45322
rFoot 1578.19 -0.410823 0.893081 0.183389 -0.979943 -0.0556795 0.070605 -0.0556795
head 1578.2 -0.0504862 0.141354 0.988671 0.591198 -0.00162857 0.130579 -0.00162857
hip 1578.2 -0.138691 0.426472 0.893804 -0.730854 -0.144254 -0.317788 -0.144254
lHand 1578.2 0.253408 0.333697 0.907982 0.249365 0.532899 -0.740806 0.532899
rHand 1578.2 -0.38964 0.0691131 0.91837 -0.311804 0.333681 -0.677098 0.333681
lFoot 1578.2 -0.118936 0.960799 0.25044 -0.725677 -0.473556 0.0172828 -0.473556
rFoot 1578.2 -0.411521 0.892591 0.184208 -0.979517 -0.0554302 0.0736762 -0.0554302
head 1578.21 -0.050885 0.141164 0.988678 0.589706 -0.00450776 0.134229 -0.00450776
hip 1578.21 -0.139556 0.428345 0.892774 -0.733449 -0.147137 -0.323574 -0.147137
lHand 1578.21 0.254264 0.336554 0.906687 0.246048 0.533312 -0.741925 0.533312
rHand 1578.21 -0.387949 0.0685357 0.919129 -0.310333 0.330297 -0.681335 0.330297
lFoot 1578.21 -0.124278 0.959907 0.251265 -0.713262 -0.490049 0.0172963 -0.490049
rFoot 1578.21 -0.412945 0.891827 0.18472 -0.978999 -0.0563073 0.077002 -0.0563073
head 1578.22 -0.0512559 0.141054 0.988674 0.588317 -0.00697388 0.137571 -0.00697388
hip 1578.22 -0.140006 0.430325 0.89175 -0.734817 -0.149507 -0.330261 -0.149507
lHand 1578.22 0.255096 0.339378 0.9054 0.243032 0.53268 -0.743571 0.53268
rHand 1578.22 -0.386728 0.0673497 0.919731 -0.308939 0.326752 -0.684793 0.326752
lFoot 1578.22 -0.130025 0.958945 0.252027 -0.700596 -0.506642 0.0178133 -0.506642
rFoot 1578.22 -0.413199 0.891572 0.185382 -0.97853 -0.0561842 0.0786228 -0.0561842
head 1578.23 -0.0516325 0.141072 0.988652 0.587242 -0.00911176 0.140343 -0.00911176
hip 1578.23 -0.140113 0.431794 0.891023 -0.736362 -0.150905 -0.335464 -0.150905
lHand 1578.23 0.255913 0.341106 0.904519 0.240532 0.531159 -0.745535 0.531159
rHand 1578.23 -0.385407 0.0674005 0.920282 -0.306986 0.323873 -0.689145 0.323873
lFoot 1578.23 -0.134345 0.958123 0.252885 -0.689425 -0.520166 0.0179329 -0.520166
rFoot 1578.23 -0.414259 0.890918 0.186158 -0.977872 -0.0567354 0.081332 -0.0567354
head 1578.25 -0.0519957 0.141108 0.988628 0.586621 -0.0110381 0.143166 -0.0110381
hip 1578.25 -0.140389 0.434222 0.889799 -0.738242 -0.152925 -0.340659 -0.152925
lHand 1578.25 0.256974 0.343675 0.903245 0.238035 0.529728 -0.747453 0.529728
rHand 1578.25 -0.383972 0.0670994 0.920903 -0.305309 0.320869 -0.693028 0.320869
lFoot 1578.25 -0.137756 0.957551 0.253218 -0.678753 -0.532176 0.0176188 -0.532176
rFoot 1578.25 -0.414648 0.890603 0.186798 -0.977225 -0.0582808 0.0835625 -0.0582808
head 1578.26 -0.0522877 0.141284 0.988587 0.586579 -0.0126836 0.145856 -0.0126836
hip 1578.26 -0.140999 0.43663 0.888523 -0.740597 -0.155081 -0.34215 -0.155081
lHand 1578.26 0.258322 0.345667 0.9021 0.237361 0.525941 -0.75023 0.525941
rHand 1578.26 -0.382859 0.067338 0.921349 -0.30368 0.318496 -0.696663 0.318496
lFoot 1578.26 -0.141167 0.956903 0.253787 -0.668363 -0.543197 0.017169 -0.543197
rFoot 1578.26 -0.415136 0.890189 0.187685 -0.976423 -0.0614228 0.0861209 -0.0614228
head 1578.27 -0.0526627 0.141534 0.988532 0.58672 -0.0143485 0.148574 -0.0143485
hip 1578.27 -0.141518 0.439067 0.887239 -0.742688 -0.156478 -0.345129 -0.156478
lHand 1578.27 0.259496 0.347927 0.900893 0.23645 0.523421 -0.75233 0.523421
rHand 1578.27 -0.382076 0.0680056 0.921625 -0.302042 0.316424 -0.699879 0.316424
lFoot 1578.27 -0.143535 0.956397 0.254368 -0.660184 -0.550513 0.0163591 -0.550513
rFoot 1578.27 -0.415641 0.889928 0.187804 -0.975665 -0.063975 0.0889303 -0.063975
head 1578.28 -0.0530223 0.141887 0.988462 0.587298 -0.0157861 0.151157 -0.0157861
hip 1578.28 -0.142026 0.441892 0.885754 -0.744679 -0.158732 -0.347329 -0.158732
lHand 1578.28 0.260285 0.349821 0.899932 0.236792 0.520411 -0.754408 0.520411
rHand 1578.28 -0.381092 0.0687653 0.921976 -0.300515 0.314306 -0.703086 0.314306
lFoot 1578.28 -0.145238 0.956031 0.254775 -0.65316 -0.55566 0.0146456 -0.55566
rFoot 1578.28 -0.41597 0.889514 0.189036 -0.975001 -0.065441 0.0914213 -0.065441
head 1578.29 -0.0532544 0.142393 0.988377 0.588184 -0.0170139 0.153451 -0.0170139
hip 1578.29 -0.142609 0.444686 0.884261 -0.746752 -0.160712 -0.346994 -0.160712
lHand 1578.29 0.262029 0.351573 0.898742 0.236446 0.517535 -0.75698 0.517535
rHand 1578.29 -0.380262 0.0700742 0.92222 -0.298672 0.31271 -0.705952 0.31271
lFoot 1578.29 -0.146485 0.955809 0.254895 -0.64663 -0.559173 0.0122186 -0.559173
rFoot 1578.29 -0.415366 0.889543 0.190223 -0.974422 -0.064346 0.0931638 -0.064346
head 1578.3 -0.053463 0.143009 0.988276 0.588851 -0.0184077 0.155603 -0.0184077
hip 1578.3 -0.142401 0.447397 0.882926 -0.748269 -0.159472 -0.348467 -0.159472
lHand 1578.3 0.264266 0.354375 0.896985 0.235632 0.513255 -0.761456 0.513255
rHand 1578.3 -0.379562 0.0720323 0.922358 -0.296695 0.310822 -0.709158 0.310822
lFoot 1578.3 -0.147185 0.955752 0.254704 -0.642021 -0.560439 0.00987041 -0.560439
rFoot 1578.3 -0.41403 0.889784 0.192 -0.97378 -0.063491 0.0944502 -0.063491
head 1578.31 -0.0535479 0.14369 0.988173 0.589799 -0.0198232 0.157638 -0.0198232
hip 1578.31 -0.142451 0.450618 0.881278 -0.749364 -0.159027 -0.350301 -0.159027
lHand 1578.31 0.267688 0.358578 0.894296 0.230883 0.507396 -0.768829 0.507396
rHand 1578.31 -0.379176 0.0741593 0.922348 -0.294516 0.309011 -0.71247 0.309011
lFoot 1578.31 -0.148126 0.955723 0.254269 -0.637287 -0.562784 0.00822028 -0.562784
rFoot 1578.31 -0.413171 0.889698 0.194238 -0.971884 -0.0658605 0.0983287 -0.0658605
head 1578.32 -0.0535128 0.144651 0.988035 0.59107 -0.0212956 0.15967 -0.0212956
hip 1578.32 -0.142639 0.453957 0.879532 -0.750902 -0.159409 -0.353163 -0.159409
lHand 1578.32 0.27187 0.364178 0.890764 0.222887 0.500006 -0.778798 0.500006
rHand 1578.32 -0.378533 0.0759842 0.922464 -0.292458 0.307161 -0.715387 0.307161
lFoot 1578.32 -0.147848 0.956078 0.253091 -0.636062 -0.560753 0.00638223 -0.560753
rFoot 1578.32 -0.411976 0.889867 0.195991 -0.970653 -0.0682013 0.100955 -0.0682013
head 1578.33 -0.0534406 0.145441 0.987923 0.592537 -0.022735 0.161689 -0.022735
hip 1578.33 -0.14273 0.457801 0.877523 -0.752658 -0.159875 -0.359043 -0.159875
lHand 1578.33 0.27665 0.370712 0.886588 0.214 0.492666 -0.789443 0.492666
rHand 1578.33 -0.378642 0.0782944 0.922226 -0.290083 0.305172 -0.717918 0.305172
lFoot 1578.33 -0.147264 0.956525 0.251741 -0.63635 -0.556607 0.00439516 -0.556607
rFoot 1578.33 -0.411378 0.88982 0.197457 -0.969338 -0.0725957 0.103791 -0.0725957
head 1578.35 -0.0532769 0.146485 0.987777 0.594339 -0.0238725 0.163593 -0.0238725
hip 1578.35 -0.143404 0.462025 0.875196 -0.754773 -0.162213 -0.364531 -0.162213
lHand 1578.35 0.281591 0.377566 0.882128 0.20662 0.486865 -0.798776 0.486865
rHand 1578.35 -0.378668 0.0812159 0.921962 -0.287343 0.302712 -0.720427 0.302712
lFoot 1578.35 -0.146758 0.957025 0.25013 -0.635967 -0.55387 0.00318614 -0.55387
rFoot 1578.35 -0.410982 0.889792 0.198402 -0.968386 -0.0741496 0.10704 -0.0741496
head 1578.36 -0.0531673 0.147776 0.987591 0.595903 -0.0247678 0.165518 -0.0247678
hip 1578.36 -0.144435 0.466473 0.872663 -0.757181 -0.165134 -0.368969 -0.165134
lHand 1578.36 0.286299 0.384109 0.877778 0.200768 0.482478 -0.806361 0.482478
rHand 1578.36 -0.379099 0.0845104 0.921489 -0.28382 0.299526 -0.7234 0.299526
lFoot 1578.36 -0.146108 0.95761 0.248265 -0.634657 -0.552777 0.00158885 -0.552777
rFoot 1578.36 -0.410129 0.889934 0.199529 -0.967504 -0.074075 0.109722 -0.074075
head 1578.37 -0.0529447 0.149067 0.987409 0.597574 -0.025288 0.167342 -0.025288
hip 1578.37 -0.145492 0.470652 0.870241 -0.759299 -0.167507 -0.372271 -0.167507
lHand 1578.37 0.292327 0.392225 0.872184 0.195823 0.480611 -0.81285 0.480611
rHand 1578.37 -0.379216 0.0882323 0.921092 -0.280149 0.295918 -0.726592 0.295918
lFoot 1578.37 -0.144832 0.958447 0.24577 -0.634734 -0.551105 -0.000458658 -0.551105
rFoot 1578.37 -0.408756 0.89026 0.200886 -0.966844 -0.0733015 0.111996 -0.0733015
head 1578.38 -0.0528192 0.150586 0.987185 0.598873 -0.0254851 0.169126 -0.0254851
hip 1578.38 -0.146506 0.475452 0.867457 -0.760764 -0.16929 -0.375211 -0.16929
lHand 1578.38 0.297635 0.400817 0.866464 0.19237 0.480661 -0.818294 0.480661
rHand 1578.38 -0.380129 0.0927291 0.920273 -0.27539 0.290191 -0.730777 0.290191
lFoot 1578.38 -0.143409 0.959406 0.242845 -0.632406 -0.552122 -0.00288376 -0.552122
rFoot 1578.38 -0.407852 0.890242 0.202797 -0.965913 -0.0725945 0.116742 -0.0725945
head 1578.39 -0.0525706 0.152334 0.98693 0.600244 -0.0251806 0.170726 -0.0251806
hip 1578.39 -0.147131 0.4804 0.86462 -0.760832 -0.170165 -0.379149 -0.170165
lHand 1578.39 0.303501 0.408158 0.860984 0.189037 0.480942 -0.823088 0.480942
rHand 1578.39 -0.380799 0.0966451 0.919593 -0.271584 0.285459 -0.734133 0.285459
lFoot 1578.39 -0.141315 0.960681 0.239004 -0.6285 -0.556081 -0.0058994 -0.556081
rFoot 1578.39 -0.406338 0.890598 0.204267 -0.964378 -0.080223 0.120301 -0.080223
head 1578.4 -0.0523421 0.154306 0.986636 0.601915 -0.0246897 0.172241 -0.0246897
hip 1578.4 -0.147733 0.485271 0.861793 -0.760578 -0.170745 -0.382698 -0.170745
lHand 1578.4 0.309857 0.418845 0.853556 0.188859 0.486236 -0.825509 0.486236
rHand 1578.4 -0.382228 0.101169 0.918513 -0.268547 0.280049 -0.737174 0.280049
lFoot 1578.4 -0.139536 0.961885 0.235174 -0.624269 -0.561335 -0.00758713 -0.561335
rFoot 1578.4 -0.406386 0.890296 0.205484 -0.963061 -0.0854997 0.124408 -0.0854997
head 1578.41 -0.0521233 0.156438 0.986311 0.603809 -0.0239091 0.173771 -0.0239091
hip 1578.41 -0.148422 0.490333 0.858804 -0.760536 -0.171849 -0.385578 -0.171849
lHand 1578.41 0.314983 0.428282 0.846971 0.188234 0.489765 -0.828071 0.489765
rHand 1578.41 -0.384431 0.105528 0.917102 -0.266422 0.274079 -0.740303 0.274079
lFoot 1578.41 -0.137754 0.963027 0.231521 -0.620237 -0.566135 -0.00898942 -0.566135
rFoot 1578.41 -0.405241 0.890462 0.20702 -0.961986 -0.0873083 0.128103 -0.0873083
head 1578.42 -0.0518305 0.158854 0.985941 0.606134 -0.0230293 0.175252 -0.0230293
hip 1578.42 -0.149292 0.495452 0.85571 -0.760537 -0.174119 -0.388923 -0.174119
lHand 1578.42 0.320198 0.438556 0.839728 0.189519 0.496686 -0.828184 0.496686
rHand 1578.42 -0.386501 0.109538 0.915761 -0.264666 0.268441 -0.743245 0.268441
lFoot 1578.42 -0.135616 0.964419 0.226945 -0.615636 -0.572777 -0.011497 -0.572777
rFoot 1578.42 -0.405302 0.890353 0.207367 -0.961061 -0.0901214 0.131292 -0.0901214
head 1578.44 -0.0514734 0.161459 0.985536 0.608448 -0.0222045 0.176739 -0.0222045
hip 1578.44 -0.150322 0.500612 0.85252 -0.761063 -0.176721 -0.392425 -0.176721
lHand 1578.44 0.325486 0.448726 0.832288 0.190453 0.502562 -0.828265 0.502562
rHand 1578.44 -0.390066 0.114297 0.913666 -0.263383 0.261991 -0.746761 0.261991
lFoot 1578.44 -0.133512 0.965802 0.222265 -0.610484 -0.580502 -0.0143476 -0.580502
rFoot 1578.44 -0.407279 0.889292 0.208049 -0.960507 -0.0927177 0.133613 -0.0927177
head 1578.45 -0.0511654 0.164457 0.985056 0.610698 -0.0214273 0.178122 -0.0214273
hip 1578.45 -0.151133 0.505911 0.849243 -0.761834 -0.179698 -0.395079 -0.179698
lHand 1578.45 0.329372 0.459515 0.824839 0.194152 0.511139 -0.825941 0.511139
rHand 1578.45 -0.394385 0.11858 0.911263 -0.26618 0.2565 -0.747805 0.2565
lFoot 1578.45 -0.13129 0.967239 0.217282 -0.604361 -0.589632 -0.0178305 -0.589632
rFoot 1578.45 -0.407111 0.889423 0.207816 -0.960501 -0.0879152 0.136585 -0.0879152
head 1578.46 -0.0507226 0.167469 0.984572 0.612753 -0.0206204 0.179158 -0.0206204
hip 1578.46 -0.151429 0.511479 0.845848 -0.76265 -0.181439 -0.397527 -0.181439
lHand 1578.46 0.333012 0.470049 0.817409 0.19903 0.520263 -0.822261 0.520263
rHand 1578.46 -0.399673 0.123149 0.908348 -0.270034 0.251865 -0.748355 0.251865
lFoot 1578.46 -0.128759 0.968658 0.21242 -0.59822 -0.598313 -0.0212316 -0.598313
rFoot 1578.46 -0.40637 0.889606 0.208482 -0.960357 -0.085448 0.137739 -0.085448
head 1578.47 -0.0503042 0.170832 0.984015 0.615033 -0.0193513 0.179951 -0.0193513
hip 1578.47 -0.151359 0.517263 0.842336 -0.763233 -0.181774 -0.399329 -0.181774
lHand 1578.47 0.335765 0.479879 0.810542 0.205742 0.529737 -0.81704 0.529737
rHand 1578.47 -0.405823 0.127554 0.905007 -0.274746 0.24797 -0.74843 0.24797
lFoot 1578.47 -0.125927 0.970349 0.206313 -0.591357 -0.609996 -0.0252909 -0.609996
rFoot 1578.47 -0.407412 0.88899 0.209073 0.959812 0.0886787 -0.139925 0.0886787
head 1578.48 -0.0499744 0.1745 0.983388 0.617539 -0.0176122 0.180387 -0.0176122
hip 1578.48 -0.151081 0.523102 0.838772 -0.763093 -0.182009 -0.400154 -0.182009
lHand 1578.48 0.337594 0.489613 0.803934 0.213954 0.539573 -0.81043 0.539573
rHand 1578.48 -0.412067 0.132732 0.901434 -0.280037 0.244514 -0.747896 0.244514
lFoot 1578.48 -0.123415 0.971787 0.200994 -0.585767 -0.618766 -0.0276152 -0.618766
rFoot 1578.48 -0.408369 0.888559 0.20904 0.959142 0.0927403 -0.141907 0.0927403
head 1578.49 -0.049689 0.178348 0.982712 0.62034 -0.0154662 0.180658 -0.0154662
hip 1578.49 -0.150914 0.528933 0.835137 -0.762557 -0.182967 -0.400571 -0.182967
lHand 1578.49 0.338837 0.499461 0.797326 0.221618 0.548194 -0.804021 0.548194
rHand 1578.49 -0.42005 0.138245 0.896909 -0.288912 0.243544 -0.745602 0.243544
lFoot 1578.49 -0.120924 0.973329 0.194956 -0.580326 -0.628021 -0.0289854 -0.628021
rFoot 1578.49 -0.407903 0.88867 0.209477 0.958975 0.0939351 -0.142235 0.0939351
head 1578.5 -0.0493732 0.182457 0.981973 0.623322 -0.0130397 0.180719 -0.0130397
hip 1578.5 -0.151103 0.534845 0.83133 -0.762496 -0.184392 -0.400886 -0.184392
lHand 1578.5 0.339704 0.508171 0.791431 0.2313 0.558179 -0.79525 0.558179
rHand 1578.5 -0.428712 0.144057 0.891882 -0.299831 0.244802 -0.741864 0.244802
lFoot 1578.5 -0.118603 0.974747 0.189213 -0.574614 -0.63654 -0.0301982 -0.63654
rFoot 1578.5 -0.408668 0.888238 0.209818 0.958751 0.0957883 -0.143885 0.0957883
head 1578.51 -0.0490454 0.186901 0.981154 0.626216 -0.010837 0.180633 -0.010837
hip 1578.51 -0.151307 0.540748 0.827465 -0.762735 -0.186431 -0.400607 -0.186431
lHand 1578.51 0.340303 0.516493 0.785766 0.241188 0.567988 -0.785853 0.567988
rHand 1578.51 -0.438012 0.150405 0.886298 -0.311906 0.248634 -0.737069 0.248634
lFoot 1578.51 -0.11629 0.976054 0.183833 -0.56904 -0.643792 -0.031515 -0.643792
rFoot 1578.51 -0.409957 0.887679 0.20967 0.958691 0.0953165 -0.146099 0.0953165
head 1578.52 -0.0487 0.191647 0.980255 0.629108 -0.00907041 0.180633 -0.00907041
hip 1578.52 -0.151567 0.546954 0.823328 -0.762792 -0.1896 -0.40092 -0.1896
lHand 1578.52 0.339887 0.524793 0.780429 0.250735 0.577208 -0.776438 0.577208
rHand 1578.52 -0.447464 0.157563 0.880313 -0.322774 0.252258 -0.732771 0.252258
lFoot 1578.52 -0.114538 0.977205 0.17875 -0.562128 -0.649759 -0.031451 -0.649759
rFoot 1578.52 -0.410282 0.887519 0.209709 0.959156 0.096001 -0.145551 0.096001
head 1578.54 -0.0483178 0.196514 0.97931 0.631916 -0.00790786 0.180741 -0.00790786
hip 1578.54 -0.151816 0.553335 0.819007 -0.762777 -0.192936 -0.402211 -0.192936
lHand 1578.54 0.339589 0.532702 0.775183 0.259181 0.585198 -0.767919 0.585198
rHand 1578.54 -0.457971 0.165438 0.873437 -0.337088 0.261346 -0.725812 0.261346
lFoot 1578.54 -0.113869 0.978027 0.174637 -0.560906 -0.646766 -0.030464 -0.646766
rFoot 1578.54 -0.410776 0.887324 0.209571 0.959617 0.094435 -0.146759 0.094435
head 1578.55 -0.047946 0.20186 0.97824 0.634731 -0.0071212 0.18071 -0.0071212
hip 1578.55 -0.151897 0.559897 0.81452 -0.763116 -0.195787 -0.402292 -0.195787
lHand 1578.55 0.339656 0.540086 0.770027 0.267276 0.593805 -0.758534 0.593805
rHand 1578.55 -0.467052 0.172824 0.867176 -0.350194 0.269514 -0.719372 0.269514
lFoot 1578.55 -0.113494 0.9788 0.170496 -0.56561 -0.636957 -0.0293173 -0.636957
rFoot 1578.55 -0.411411 0.887132 0.209137 0.960126 0.0910913 -0.147759 0.0910913
head 1578.56 -0.0475291 0.207384 0.977104 0.63739 -0.00650268 0.180521 -0.00650268
hip 1578.56 -0.151874 0.566692 0.809811 -0.763613 -0.198457 -0.402068 -0.198457
lHand 1578.56 0.338591 0.547594 0.765178 0.274193 0.602116 -0.749454 0.602116
rHand 1578.56 -0.476082 0.180411 0.860696 -0.362839 0.276294 -0.713064 0.276294
lFoot 1578.56 -0.112806 0.979775 0.165276 -0.569249 -0.629875 -0.0272311 -0.629875
rFoot 1578.56 -0.412305 0.886683 0.20928 0.960324 0.0923595 -0.147929 0.0923595
head 1578.57 -0.0472168 0.213298 0.975846 0.639852 -0.0057239 0.180151 -0.0057239
hip 1578.57 -0.151514 0.573732 0.804907 -0.763519 -0.200441 -0.402433 -0.200441
lHand 1578.57 0.337731 0.555618 0.759754 0.2779 0.608064 -0.743251 0.608064
rHand 1578.57 -0.483296 0.187611 0.855118 -0.376848 0.285134 -0.705458 0.285134
lFoot 1578.57 -0.112205 0.980724 0.159972 -0.573722 -0.621517 -0.0247085 -0.621517
rFoot 1578.57 -0.413729 0.886033 0.209223 0.960554 0.0929774 -0.149384 0.0929774
head 1578.58 -0.0469172 0.219549 0.974473 0.642215 -0.00511821 0.179866 -0.00511821
hip 1578.58 -0.150791 0.580961 0.799841 -0.762907 -0.201552 -0.40183 -0.201552
lHand 1578.58 0.337567 0.564337 0.753374 0.278206 0.611684 -0.740148 0.611684
rHand 1578.58 -0.489862 0.194336 0.849864 -0.389891 0.292866 -0.698463 0.292866
lFoot 1578.58 -0.111694 0.981575 0.155032 -0.578289 -0.611776 -0.0224808 -0.611776
rFoot 1578.58 -0.414278 0.885709 0.209504 0.961057 0.090557 -0.150537 0.090557
head 1578.59 -0.0465589 0.225987 0.973017 0.644561 -0.00501378 0.179696 -0.00501378
hip 1578.59 -0.149881 0.588401 0.794556 -0.762423 -0.201895 -0.399357 -0.201895
lHand 1578.59 0.336539 0.573877 0.746597 0.276664 0.613533 -0.739209 0.613533
rHand 1578.59 -0.494989 0.201199 0.845284 -0.401682 0.299253 -0.693337 0.299253
lFoot 1578.59 -0.111015 0.982419 0.150097 -0.586545 -0.594633 -0.0195742 -0.594633
rFoot 1578.59 -0.415331 0.88518 0.209657 0.961588 0.0894941 -0.15136 0.0894941
head 1578.6 -0.0461666 0.232767 0.971436 0.646872 -0.0053219 0.179692 -0.0053219
hip 1578.6 -0.149139 0.595843 0.789131 -0.762121 -0.202312 -0.396827 -0.202312
lHand 1578.6 0.33615 0.5836 0.739199 0.272757 0.613333 -0.740835 0.613333
rHand 1578.6 -0.498573 0.208746 0.841338 -0.409702 0.302141 -0.692492 0.302141
lFoot 1578.6 -0.110238 0.983326 0.144631 -0.597146 -0.574908 -0.0152122 -0.574908
rFoot 1578.6 -0.417221 0.884293 0.209648 0.962338 0.0883115 -0.153612 0.0883115
head 1578.61 -0.0459005 0.239899 0.969712 0.64928 -0.00565299 0.179522 -0.00565299
hip 1578.61 -0.148281 0.603343 0.783575 -0.761964 -0.202751 -0.393642 -0.202751
lHand 1578.61 0.335529 0.592842 0.732092 0.26986 0.613737 -0.741599 0.613737
rHand 1578.61 -0.501754 0.215772 0.837667 -0.413681 0.300814 -0.696548 0.300814
lFoot 1578.61 -0.10929 0.984222 0.139152 -0.607676 -0.554383 -0.0108337 -0.554383
rFoot 1578.61 -0.418215 0.883807 0.209715 0.963254 0.0851006 -0.154476 0.0851006
head 1578.63 -0.0454615 0.247015 0.967945 0.652009 -0.00602971 0.178758 -0.00602971
hip 1578.63 -0.147278 0.6113 0.777574 -0.761803 -0.203289 -0.390878 -0.203289
lHand 1578.63 0.334636 0.602701 0.724411 0.264288 0.610731 -0.746095 0.610731
rHand 1578.63 -0.503265 0.222279 0.835055 -0.414787 0.295668 -0.704611 0.295668
lFoot 1578.63 -0.113774 0.983798 0.138553 -0.643031 -0.500321 0.00438473 -0.500321
rFoot 1578.63 -0.419303 0.883332 0.209546 0.964401 0.0837367 -0.154418 0.0837367
head 1578.64 -0.0449416 0.254176 0.966113 0.655412 -0.006356 0.177578 -0.006356
hip 1578.64 -0.147142 0.619435 0.771135 -0.763119 -0.204239 -0.385018 -0.204239
lHand 1578.64 0.333969 0.612467 0.716483 0.259411 0.60679 -0.75101 0.60679
rHand 1578.64 -0.505448 0.229484 0.831781 -0.415484 0.28975 -0.713036 0.28975
lFoot 1578.64 -0.121678 0.982036 0.144218 -0.664728 -0.429437 -0.00829422 -0.429437
rFoot 1578.64 -0.41995 0.88312 0.209143 0.965339 0.0835587 -0.155579 0.0835587
head 1578.65 -0.0444061 0.260956 0.964329 0.659348 -0.00725651 0.176591 -0.00725651
hip 1578.65 -0.147292 0.626737 0.765184 -0.765212 -0.203779 -0.372577 -0.203779
lHand 1578.65 0.333422 0.621594 0.708837 0.254656 0.602319 -0.756192 0.602319
rHand 1578.65 -0.505573 0.235663 0.829975 -0.409911 0.275118 -0.729026 0.275118
lFoot 1578.65 -0.136259 0.980808 0.139463 -0.571852 -0.529463 -0.0377597 -0.529463
rFoot 1578.65 -0.420032 0.883078 0.209156 0.966398 0.0784741 -0.157011 0.0784741
head 1578.66 -0.0439217 0.267354 0.962597 0.661439 -0.00899329 0.176066 -0.00899329
hip 1578.66 -0.146293 0.633865 0.759483 -0.765148 -0.200842 -0.363162 -0.200842
lHand 1578.66 0.332652 0.630071 0.701679 0.250728 0.59817 -0.760746 0.59817
rHand 1578.66 -0.504237 0.241043 0.829243 -0.40993 0.266321 -0.737896 0.266321
lFoot 1578.66 -0.149604 0.980085 0.130585 -0.574224 -0.562249 -0.00532103 -0.562249
rFoot 1578.66 -0.41959 0.883268 0.20924 0.967285 0.0752739 -0.157042 0.0752739
head 1578.67 -0.043274 0.273659 0.960853 0.660975 -0.0113242 0.174637 -0.0113242
hip 1578.67 -0.142742 0.640988 0.754161 -0.761071 -0.190897 -0.358071 -0.190897
lHand 1578.67 0.331272 0.637765 0.695352 0.249198 0.593542 -0.76473 0.593542
rHand 1578.67 -0.502469 0.246295 0.828772 -0.410555 0.255191 -0.746466 0.255191
lFoot 1578.67 -0.144064 0.983997 0.104855 -0.50972 -0.710284 0.0196326 -0.710284
rFoot 1578.67 -0.418948 0.8835 0.209548 0.967831 0.0753727 -0.156866 0.0753727
head 1578.68 -0.042517 0.280058 0.959041 0.660815 -0.0121168 0.171156 -0.0121168
hip 1578.68 -0.138028 0.647297 0.749636 -0.755681 -0.177646 -0.3545 -0.177646
lHand 1578.68 0.329132 0.644356 0.690274 0.251545 0.5918 -0.765142 0.5918
rHand 1578.68 -0.500839 0.251298 0.828257 -0.413009 0.24582 -0.752569 0.24582
lFoot 1578.68 -0.140586 0.984986 0.100193 -0.483911 -0.745714 0.0163647 -0.745714
rFoot 1578.68 -0.417506 0.884147 0.209697 0.968804 0.0739595 -0.155194 0.0739595
head 1578.69 -0.0416547 0.286018 0.957318 0.661041 -0.0116605 0.165869 -0.0116605
hip 1578.69 -0.132556 0.652963 0.7457 -0.74955 -0.161458 -0.351767 -0.161458
lHand 1578.69 0.326692 0.649834 0.686286 0.256341 0.592878 -0.762576 0.592878
rHand 1578.69 -0.4969 0.255595 0.829314 -0.41656 0.238288 -0.756132 0.238288
lFoot 1578.69 -0.137928 0.984974 0.103936 -0.505228 -0.705792 -0.0109199 -0.705792
rFoot 1578.69 -0.416007 0.884791 0.209961 0.970182 0.0670484 -0.153689 0.0670484
head 1578.7 -0.0407745 0.291742 0.955628 0.661328 -0.0111778 0.160845 -0.0111778
hip 1578.7 -0.129048 0.658493 0.74144 -0.74486 -0.150384 -0.346496 -0.150384
lHand 1578.7 0.324266 0.655785 0.681761 0.260361 0.593985 -0.76022 0.593985
rHand 1578.7 -0.492317 0.261087 0.830336 -0.419555 0.235232 -0.756774 0.235232
lFoot 1578.7 -0.139549 0.983845 0.112135 -0.569833 -0.618326 -0.0151622 -0.618326
rFoot 1578.7 -0.4152 0.885182 0.209907 0.97147 0.0635518 -0.152586 0.0635518
head 1578.71 -0.0399824 0.297 0.95404 0.660931 -0.011783 0.15674 -0.011783
hip 1578.71 -0.127374 0.661647 0.738918 -0.742817 -0.144256 -0.338883 -0.144256
lHand 1578.71 0.320214 0.660647 0.678976 0.26534 0.599716 -0.753855 0.599716
rHand 1578.71 -0.489047 0.267133 0.830345 -0.42089 0.231892 -0.759107 0.231892
lFoot 1578.71 -0.142341 0.98287 0.117071 -0.627147 -0.548118 -0.00167155 -0.548118
rFoot 1578.71 -0.413987 0.885752 0.2099 0.972886 0.0594297 -0.151006 0.0594297
head 1578.72 -0.0391561 0.30182 0.952561 0.65934 -0.0138331 0.15352 -0.0138331
hip 1578.72 -0.127334 0.664324 0.736519 -0.744565 -0.144288 -0.336343 -0.144288
lHand 1578.72 0.317481 0.666165 0.674856 0.266437 0.603321 -0.75053 0.603321
rHand 1578.72 -0.485473 0.274974 0.829882 -0.420158 0.230454 -0.761613 0.230454
lFoot 1578.72 -0.143137 0.982958 0.115351 -0.62216 -0.563701 0.00725883 -0.563701
rFoot 1578.72 -0.412566 0.886489 0.209589 0.974126 0.0557697 -0.149828 0.0557697
head 1578.74 -0.0382838 0.306315 0.95116 0.656536 -0.0162886 0.150352 -0.0162886
hip 1578.74 -0.128099 0.666067 0.734809 -0.752127 -0.146489 -0.331499 -0.146489
lHand 1578.74 0.31361 0.671789 0.67108 0.264613 0.609049 -0.746684 0.609049
rHand 1578.74 -0.481623 0.282084 0.82974 -0.418855 0.22784 -0.765508 0.22784
lFoot 1578.74 -0.142923 0.983269 0.112935 -0.60004 -0.590266 0.00159144 -0.590266
rFoot 1578.74 -0.410964 0.88721 0.209683 0.975506 0.0508051 -0.14765 0.0508051
head 1578.75 -0.0373061 0.310512 0.949837 0.653351 -0.0182948 0.146403 -0.0182948
hip 1578.75 -0.127652 0.667921 0.733203 -0.756998 -0.145578 -0.330804 -0.145578
lHand 1578.75 0.309544 0.677954 0.666754 0.259921 0.61504 -0.743715 0.61504
rHand 1578.75 -0.477502 0.290427 0.829243 -0.414115 0.226329 -0.7716 0.226329
lFoot 1578.75 -0.141163 0.983982 0.108872 -0.584631 -0.611599 -0.00749096 -0.611599
rFoot 1578.75 -0.409252 0.887838 0.210372 0.976601 0.0468754 -0.145371 0.0468754
head 1578.76 -0.0364555 0.314501 0.948557 0.650868 -0.019038 0.141766 -0.019038
hip 1578.76 -0.127341 0.668909 0.732355 -0.757457 -0.148113 -0.338366 -0.148113
lHand 1578.76 0.305228 0.683968 0.662589 0.255149 0.62104 -0.740645 0.62104
rHand 1578.76 -0.474155 0.300127 0.827708 -0.40719 0.225322 -0.778999 0.225322
lFoot 1578.76 -0.140931 0.984283 0.106418 -0.587103 -0.617878 -0.000532895 -0.617878
rFoot 1578.76 -0.408995 0.887852 0.210815 0.977418 0.0465848 -0.144436 0.0465848
head 1578.77 -0.0356374 0.31803 0.947411 0.648665 -0.0191866 0.137183 -0.0191866
hip 1578.77 -0.128578 0.669429 0.731664 -0.752966 -0.154762 -0.342995 -0.154762
lHand 1578.77 0.300681 0.690106 0.658289 0.246683 0.629025 -0.737054 0.629025
rHand 1578.77 -0.470512 0.3087 0.826633 -0.399329 0.22588 -0.785754 0.22588
lFoot 1578.77 -0.141763 0.983854 0.10925 -0.617409 -0.572645 -0.00406942 -0.572645
rFoot 1578.77 -0.409307 0.887503 0.211676 0.978158 0.0453597 -0.142862 0.0453597
head 1578.78 -0.0347811 0.321432 0.946294 0.64678 -0.0195338 0.13329 -0.0195338
hip 1578.78 -0.129571 0.669652 0.731285 -0.749254 -0.160787 -0.345781 -0.160787
lHand 1578.78 0.295892 0.695923 0.654323 0.237534 0.638011 -0.732458 0.638011
rHand 1578.78 -0.466751 0.317159 0.825563 -0.392122 0.228059 -0.791026 0.228059
lFoot 1578.78 -0.14245 0.983729 0.109473 -0.635251 -0.550608 -0.00157198 -0.550608
rFoot 1578.78 -0.409628 0.887173 0.212435 0.978947 0.0436781 -0.141358 0.0436781
head 1578.79 -0.0341068 0.324415 0.9453 0.645304 -0.0203677 0.130397 -0.0203677
hip 1578.79 -0.130211 0.669836 0.731003 -0.747458 -0.163099 -0.344635 -0.163099
lHand 1578.79 0.291504 0.701448 0.650382 0.22805 0.647434 -0.727192 0.647434
rHand 1578.79 -0.463077 0.325268 0.824476 -0.385511 0.231287 -0.794926 0.231287
lFoot 1578.79 -0.144011 0.983699 0.107687 -0.63715 -0.554085 0.00155562 -0.554085
rFoot 1578.79 -0.410566 0.886593 0.213046 0.979555 0.0453128 -0.139527 0.0453128
head 1578.8 -0.033329 0.327181 0.944374 0.643734 -0.021796 0.128284 -0.021796
hip 1578.8 -0.131176 0.670325 0.730381 -0.748159 -0.164472 -0.339731 -0.164472
lHand 1578.8 0.287259 0.706473 0.646821 0.217971 0.657161 -0.72145 0.657161
rHand 1578.8 -0.459112 0.332521 0.823799 -0.379118 0.233823 -0.798719 0.233823
lFoot 1578.8 -0.144725 0.983955 0.104341 -0.613516 -0.590201 0.00020808 -0.590201
rFoot 1578.8 -0.410819 0.886321 0.213689 0.98016 0.0452232 -0.137417 0.0452232
head 1578.81 -0.0325202 0.329625 0.943552 0.642122 -0.0236966 0.126884 -0.0236966
hip 1578.81 -0.132128 0.670373 0.730166 -0.749122 -0.165399 -0.333118 -0.165399
lHand 1578.81 0.283109 0.711201 0.643461 0.206642 0.666577 -0.715949 0.666577
rHand 1578.81 -0.455066 0.339136 0.823348 -0.372091 0.237389 -0.80163 0.237389
lFoot 1578.81 -0.142712 0.984523 0.101723 -0.599293 -0.612373 -0.00500819 -0.612373
rFoot 1578.81 -0.410932 0.886128 0.21427 0.980761 0.0451299 -0.135552 0.0451299
head 1578.83 -0.031774 0.331968 0.942755 0.640565 -0.0253235 0.125485 -0.0253235
hip 1578.83 -0.132594 0.670464 0.729998 -0.74887 -0.165219 -0.328737 -0.165219
lHand 1578.83 0.278934 0.716131 0.639806 0.195156 0.674565 -0.711387 0.674565
rHand 1578.83 -0.451256 0.345447 0.822821 -0.364827 0.239362 -0.804819 0.239362
lFoot 1578.83 -0.142768 0.984475 0.102112 -0.600722 -0.609746 -0.00408673 -0.609746
rFoot 1578.83 -0.411924 0.885622 0.214457 0.981271 0.0465994 -0.134009 0.0465994
head 1578.84 -0.0310647 0.334067 0.942037 0.63911 -0.0266038 0.124224 -0.0266038
hip 1578.84 -0.132259 0.670418 0.730101 -0.74581 -0.163815 -0.328119 -0.163815
lHand 1578.84 0.27476 0.720542 0.636653 0.181673 0.681922 -0.707396 0.681922
rHand 1578.84 -0.447024 0.350828 0.822854 -0.358418 0.240729 -0.807614 0.240729
lFoot 1578.84 -0.142436 0.984486 0.102464 -0.609503 -0.599065 -0.00726819 -0.599065
rFoot 1578.84 -0.413609 0.884748 0.214819 0.981783 0.0456129 -0.13217 0.0456129
head 1578.85 -0.030386 0.335885 0.941413 0.638 -0.0269047 0.122899 -0.0269047
hip 1578.85 -0.132476 0.670218 0.730246 -0.743809 -0.164317 -0.329264 -0.164317
lHand 1578.85 0.270371 0.724559 0.633967 0.168278 0.688484 -0.70341 0.688484
rHand 1578.85 -0.442599 0.354453 0.823693 -0.352963 0.241318 -0.809061 0.241318
lFoot 1578.85 -0.142171 0.984523 0.102477 -0.625839 -0.583973 -0.00605544 -0.583973
rFoot 1578.85 -0.4156 0.883729 0.215172 0.98235 0.0444554 -0.129817 0.0444554
head 1578.86 -0.0299051 0.337727 0.940769 0.636963 -0.0264413 0.121442 -0.0264413
hip 1578.86 -0.133335 0.670179 0.730124 -0.743299 -0.166615 -0.329883 -0.166615
lHand 1578.86 0.26554 0.728606 0.631365 0.155274 0.694458 -0.699233 0.694458
rHand 1578.86 -0.437656 0.356768 0.825332 -0.348938 0.241112 -0.810006 0.241112
lFoot 1578.86 -0.142433 0.984492 0.102413 -0.634687 -0.57575 -0.00395325 -0.57575
rFoot 1578.86 -0.418412 0.88227 0.215712 -0.98287 -0.0436229 0.127896 -0.0436229
head 1578.87 -0.0295809 0.339221 0.940242 0.636568 -0.024736 0.119752 -0.024736
hip 1578.87 -0.134755 0.669825 0.730188 -0.743365 -0.170817 -0.331044 -0.170817
lHand 1578.87 0.260901 0.732065 0.629295 0.141282 0.699256 -0.695368 0.699256
rHand 1578.87 -0.433187 0.357156 0.82752 -0.346602 0.239876 -0.809955 0.239876
lFoot 1578.87 -0.14285 0.984531 0.101453 -0.625085 -0.586729 -0.0062972 -0.586729
rFoot 1578.87 -0.424903 0.8789 0.216777 0.982871 0.0444835 -0.12836 0.0444835
head 1578.88 -0.0292895 0.34062 0.939745 0.636561 -0.0222186 0.118049 -0.0222186
hip 1578.88 -0.136839 0.669168 0.730404 -0.743753 -0.176455 -0.331985 -0.176455
lHand 1578.88 0.256402 0.735349 0.627312 0.126291 0.702659 -0.691976 0.702659
rHand 1578.88 -0.428348 0.35653 0.830304 -0.345563 0.237624 -0.809306 0.237624
lFoot 1578.88 -0.142643 0.984747 0.0996348 -0.617781 -0.598781 -0.00980121 -0.598781
rFoot 1578.88 -0.43146 0.875213 0.218735 0.982959 0.0463779 -0.128459 0.0463779
head 1578.89 -0.0291608 0.341935 0.939271 0.637062 -0.0193528 0.116835 -0.0193528
hip 1578.89 -0.138843 0.668567 0.730576 -0.743521 -0.181661 -0.332448 -0.181661
lHand 1578.89 0.251723 0.738364 0.625663 0.110112 0.702428 -0.690228 0.702428
rHand 1578.89 -0.422743 0.354763 0.833925 -0.344876 0.234428 -0.80895 0.234428
lFoot 1578.89 -0.142747 0.984833 0.098629 -0.617064 -0.602281 -0.0106687 -0.602281
rFoot 1578.89 -0.439614 0.870722 0.220414 0.982493 0.0524042 -0.131151 0.0524042
head 1578.9 -0.0292075 0.343135 0.938832 0.637617 -0.0165758 0.11615 -0.0165758
hip 1578.9 -0.140908 0.66808 0.730626 -0.742909 -0.186707 -0.333301 -0.186707
lHand 1578.9 0.246748 0.741659 0.623745 0.0952692 0.702368 -0.687284 0.702368
rHand 1578.9 -0.418141 0.353152 0.836924 -0.343707 0.230924 -0.809077 0.230924
lFoot 1578.9 -0.142856 0.984885 0.0979452 -0.617464 -0.603436 -0.0116316 -0.603436
rFoot 1578.9 -0.448386 0.865848 0.221937 0.981749 0.0613404 -0.13436 0.0613404
head 1578.91 -0.0293847 0.344136 0.93846 0.63862 -0.0136966 0.116352 -0.0136966
hip 1578.91 -0.143363 0.667472 0.730704 -0.742373 -0.192977 -0.3356 -0.192977
lHand 1578.91 0.241604 0.74483 0.621977 0.0805523 0.700709 -0.684197 0.700709
rHand 1578.91 -0.413309 0.35012 0.84059 -0.343246 0.225241 -0.809725 0.225241
lFoot 1578.91 -0.142901 0.984945 0.0972792 -0.619107 -0.603112 -0.0130856 -0.603112
rFoot 1578.91 -0.4605 0.858892 0.224152 0.981019 0.0688332 -0.138259 0.0688332
head 1578.93 -0.0296658 0.345091 0.9381 0.639364 -0.0111401 0.117177 -0.0111401
hip 1578.93 -0.145419 0.667077 0.730659 -0.74151 -0.197828 -0.33868 -0.197828
lHand 1578.93 0.236917 0.747146 0.621001 0.0662424 0.696225 -0.681287 0.696225
rHand 1578.93 -0.408176 0.345878 0.844844 -0.342749 0.219028 -0.811094 0.219028
lFoot 1578.93 -0.143059 0.985012 0.0963597 -0.619956 -0.603879 -0.0148989 -0.603879
rFoot 1578.93 -0.474447 0.850827 0.225818 0.97967 0.078428 -0.144232 0.078428
head 1578.94 -0.0300737 0.346102 0.937715 0.639931 -0.00863376 0.118267 -0.00863376
hip 1578.94 -0.147174 0.666873 0.730494 -0.738617 -0.201551 -0.343779 -0.201551
lHand 1578.94 0.23204 0.750075 0.61931 0.0525933 0.689717 -0.678354 0.689717
rHand 1578.94 -0.403692 0.342103 0.848527 -0.341816 0.212525 -0.813031 0.212525
lFoot 1578.94 -0.143144 0.985084 0.0954955 -0.618689 -0.60667 -0.0156683 -0.60667
rFoot 1578.94 -0.48737 0.843129 0.227165 0.978716 0.0847572 -0.148919 0.0847572
head 1578.95 -0.0306574 0.346824 0.937429 0.640621 -0.00613572 0.119966 -0.00613572
hip 1578.95 -0.148059 0.666864 0.730323 -0.732731 -0.203009 -0.350692 -0.203009
lHand 1578.95 0.22748 0.752868 0.617611 0.0399064 0.682057 -0.675244 0.682057
rHand 1578.95 -0.39965 0.338032 0.852065 -0.340936 0.206316 -0.814922 0.206316
lFoot 1578.95 -0.143134 0.985118 0.0951622 -0.618559 -0.607815 -0.0169568 -0.607815
rFoot 1578.95 -0.49888 0.836778 0.225656 0.978056 0.0869526 -0.151874 0.0869526
head 1578.96 -0.0315306 0.347568 0.937124 0.64106 -0.00370844 0.122067 -0.00370844
hip 1578.96 -0.149307 0.666889 0.730045 -0.727991 -0.203786 -0.355235 -0.203786
lHand 1578.96 0.223495 0.755471 0.615885 0.0279098 0.673549 -0.672272 0.673549
rHand 1578.96 -0.395292 0.334295 0.855565 -0.340118 0.200794 -0.816492 0.200794
lFoot 1578.96 -0.143168 0.985158 0.094697 -0.621126 -0.604345 -0.0206334 -0.604345
rFoot 1578.96 -0.507497 0.831957 0.224265 0.978303 0.0849236 -0.151752 0.0849236
head 1578.97 -0.0325517 0.348051 0.93691 0.641454 -0.000788157 0.124597 -0.000788157
hip 1578.97 -0.150549 0.667121 0.729578 -0.724459 -0.204708 -0.358955 -0.204708
lHand 1578.97 0.220459 0.757986 0.613886 0.016799 0.664925 -0.669185 0.664925
rHand 1578.97 -0.391163 0.329852 0.859179 -0.339389 0.195595 -0.818089 0.195595
lFoot 1578.97 -0.143247 0.985222 0.0938996 -0.622453 -0.603544 -0.0229933 -0.603544
rFoot 1578.97 -0.513879 0.828583 0.222214 0.977702 0.0908411 -0.152469 0.0908411
head 1578.98 -0.0335698 0.348478 0.936716 0.641896 0.00226439 0.127271 0.00226439
hip 1578.98 -0.151641 0.667418 0.72908 -0.720971 -0.20532 -0.363625 -0.20532
lHand 1578.98 0.216983 0.760493 0.612021 0.00530798 0.656258 -0.664951 0.656258
rHand 1578.98 -0.387016 0.325378 0.862756 -0.33838 0.190906 -0.819706 0.190906
lFoot 1578.98 -0.14323 0.985317 0.0929333 -0.623448 -0.603673 -0.0258962 -0.603673
rFoot 1578.98 -0.516382 0.827383 0.220879 0.977931 0.0907935 -0.151208 0.0907935
head 1578.99 -0.0348837 0.348816 0.936542 0.642279 0.00572829 0.130598 0.00572829
hip 1578.99 -0.153087 0.667659 0.728557 -0.718531 -0.207242 -0.368242 -0.207242
lHand 1578.99 0.214829 0.762369 0.610444 -0.00431905 0.646642 -0.660658 0.646642
rHand 1578.99 -0.382643 0.320938 0.866362 -0.336884 0.186347 -0.821356 0.186347
lFoot 1578.99 -0.143153 0.985414 0.0920092 -0.624793 -0.603076 -0.0287479 -0.603076
rFoot 1578.99 -0.51943 0.825989 0.218939 0.976216 0.104408 -0.153905 0.104408
head 1579 -0.0363543 0.349061 0.936394 0.642632 0.0088743 0.13456 0.0088743
hip 1579 -0.154669 0.667742 0.728147 -0.716335 -0.209877 -0.372828 -0.209877
lHand 1579 0.211718 0.764507 0.608855 -0.014405 0.637246 -0.654717 0.637246
rHand 1579 -0.378273 0.316821 0.86979 -0.333724 0.182004 -0.823692 0.182004
lFoot 1579 -0.142875 0.985534 0.0911535 -0.626439 -0.601993 -0.0321251 -0.601993
rFoot 1579 -0.51887 0.827092 0.216084 0.976057 0.107423 -0.152147 0.107423
head 1579.02 -0.0379405 0.349062 0.936331 0.643 0.0117026 0.139347 0.0117026
hip 1579.02 -0.156357 0.667968 0.727579 -0.715104 -0.211858 -0.376574 -0.211858
lHand 1579.02 0.20924 0.766272 0.607491 -0.0233157 0.627907 -0.647368 0.627907
rHand 1579.02 -0.373834 0.312927 0.873112 -0.328655 0.177232 -0.827027 0.177232
lFoot 1579.02 -0.142557 0.985635 0.0905607 -0.627733 -0.600368 -0.0367215 -0.600368
rFoot 1579.02 -0.509503 0.833677 0.213048 0.978855 0.090927 -0.142983 0.090927
head 1579.03 -0.0397925 0.348969 0.936289 0.643093 0.0141137 0.144965 0.0141137
hip 1579.03 -0.158186 0.668313 0.726866 -0.71538 -0.212624 -0.378955 -0.212624
lHand 1579.03 0.206181 0.76798 0.606379 -0.0322607 0.617711 -0.639045 0.617711
rHand 1579.03 -0.369713 0.309638 0.876034 -0.32173 0.171991 -0.831443 0.171991
lFoot 1579.03 -0.142341 0.985718 0.0899941 -0.631404 -0.595883 -0.0391512 -0.595883
rFoot 1579.03 -0.5104 0.833623 0.211104 0.979126 0.0881032 -0.144507 0.0881032
head 1579.04 -0.0417 0.348713 0.936301 0.642993 0.0161423 0.151381 0.0161423
hip 1579.04 -0.159574 0.668581 0.726316 -0.713911 -0.213195 -0.382446 -0.213195
lHand 1579.04 0.203319 0.76947 0.605456 -0.0410721 0.607568 -0.630036 0.607568
rHand 1579.04 -0.364656 0.306767 0.879158 -0.313914 0.167129 -0.836143 0.167129
lFoot 1579.04 -0.142106 0.985763 0.0898715 -0.634654 -0.591189 -0.0422729 -0.591189
rFoot 1579.04 -0.514045 0.832025 0.208547 0.978051 0.0978453 -0.146877 0.0978453
head 1579.05 -0.043767 0.348249 0.93638 0.642611 0.01809 0.158641 0.01809
hip 1579.05 -0.160601 0.668831 0.72586 -0.711489 -0.213222 -0.387684 -0.213222
lHand 1579.05 0.200928 0.770321 0.605172 -0.0489153 0.598604 -0.61958 0.598604
rHand 1579.05 -0.359317 0.303797 0.882382 -0.305522 0.162415 -0.840786 0.162415
lFoot 1579.05 -0.141748 0.985789 0.0901557 -0.636417 -0.588959 -0.0450227 -0.588959
rFoot 1579.05 -0.515616 0.831512 0.206711 0.978094 0.100204 -0.145695 0.100204
head 1579.06 -0.0459501 0.347634 0.936504 0.642004 0.0203617 0.166371 0.0203617
hip 1579.06 -0.161683 0.669027 0.725439 -0.709292 -0.213262 -0.392096 -0.213262
lHand 1579.06 0.198121 0.771321 0.604824 -0.0567298 0.588663 -0.60889 0.588663
rHand 1579.06 -0.353701 0.300978 0.885612 -0.297697 0.157459 -0.845003 0.157459
lFoot 1579.06 -0.141555 0.985864 0.0896369 -0.63614 -0.589362 -0.0488467 -0.589362
rFoot 1579.06 -0.519548 0.829249 0.205952 0.977765 0.10084 -0.147665 0.10084
head 1579.07 -0.0483367 0.346694 0.936732 0.640772 0.0231499 0.174941 0.0231499
hip 1579.07 -0.162459 0.669182 0.725123 -0.707607 -0.211854 -0.395739 -0.211854
lHand 1579.07 0.196111 0.771105 0.605754 -0.0617364 0.580282 -0.596853 0.580282
rHand 1579.07 -0.347418 0.297988 0.889103 -0.288743 0.152254 -0.849296 0.152254
lFoot 1579.07 -0.141634 0.985906 0.0890471 -0.63439 -0.591541 -0.0508049 -0.591541
rFoot 1579.07 -0.522825 0.826977 0.206791 0.976729 0.104054 -0.15193 0.104054
head 1579.08 -0.0507819 0.345692 0.936973 0.638904 0.0265879 0.183613 0.0265879
hip 1579.08 -0.163086 0.669326 0.724849 -0.706541 -0.20926 -0.399269 -0.20926
lHand 1579.08 0.193293 0.771256 0.606467 -0.0674176 0.569997 -0.584841 0.569997
rHand 1579.08 -0.340503 0.295381 0.892641 -0.279579 0.146998 -0.853283 0.146998
lFoot 1579.08 -0.141974 0.985997 0.0874881 -0.631878 -0.596033 -0.0517329 -0.596033
rFoot 1579.08 -0.527348 0.823817 0.207918 0.97474 0.114086 -0.15815 0.114086
head 1579.09 -0.0533225 0.344202 0.93738 0.636297 0.0303954 0.19265 0.0303954
hip 1579.09 -0.163602 0.669469 0.7246 -0.705178 -0.206689 -0.403242 -0.206689
lHand 1579.09 0.191121 0.770295 0.608373 -0.0694758 0.560229 -0.572261 0.560229
rHand 1579.09 -0.33286 0.292943 0.89632 -0.270497 0.141935 -0.85695 0.141935
lFoot 1579.09 -0.141701 0.986066 0.0871473 -0.630272 -0.599581 -0.0525707 -0.599581
rFoot 1579.09 -0.529463 0.822401 0.20815 0.973439 0.119814 -0.161563 0.119814
head 1579.1 -0.0559592 0.342617 0.937807 0.633313 0.0342112 0.201772 0.0342112
hip 1579.1 -0.163561 0.669346 0.724723 -0.70261 -0.203399 -0.408472 -0.203399
lHand 1579.1 0.188655 0.769789 0.609782 -0.0724947 0.549965 -0.559495 0.549965
rHand 1579.1 -0.324748 0.290622 0.900043 -0.260902 0.137411 -0.860318 0.137411
lFoot 1579.1 -0.142156 0.986051 0.0865747 -0.629479 -0.599914 -0.0539108 -0.599914
rFoot 1579.1 -0.530586 0.821607 0.208425 0.972942 0.120582 -0.163615 0.120582
head 1579.12 -0.0587154 0.340909 0.938261 0.629834 0.0379601 0.21136 0.0379601
hip 1579.12 -0.163224 0.669085 0.72504 -0.699247 -0.200539 -0.413423 -0.200539
lHand 1579.12 0.186702 0.768061 0.612556 -0.0722222 0.541396 -0.546065 0.541396
rHand 1579.12 -0.316231 0.288781 0.903661 -0.250937 0.133184 -0.86371 0.133184
lFoot 1579.12 -0.142278 0.986044 0.0864594 -0.629334 -0.599793 -0.0550477 -0.599793
rFoot 1579.12 -0.532157 0.820534 0.208648 0.972446 0.121034 -0.166209 0.121034
head 1579.13 -0.0613395 0.338961 0.938799 0.62672 0.041301 0.221034 0.041301
hip 1579.13 -0.162873 0.668695 0.725478 -0.696527 -0.197618 -0.417477 -0.197618
lHand 1579.13 0.184543 0.765968 0.615822 -0.071229 0.534155 -0.532308 0.534155
rHand 1579.13 -0.30689 0.288271 0.907038 -0.239456 0.129717 -0.86722 0.129717
lFoot 1579.13 -0.142297 0.986051 0.0863413 -0.629395 -0.599581 -0.0563161 -0.599581
rFoot 1579.13 -0.533905 0.819405 0.208617 0.971533 0.125354 -0.168365 0.125354
head 1579.14 -0.0640576 0.336994 0.939325 0.623723 0.0447685 0.230927 0.0447685
hip 1579.14 -0.163057 0.668319 0.725784 -0.694665 -0.19571 -0.421076 -0.19571
lHand 1579.14 0.182917 0.763871 0.618905 -0.0704342 0.526593 -0.518797 0.526593
rHand 1579.14 -0.296473 0.288387 0.91046 -0.22866 0.127641 -0.869791 0.127641
lFoot 1579.14 -0.142414 0.986035 0.0863284 -0.628959 -0.599268 -0.0573099 -0.599268
rFoot 1579.14 -0.534783 0.81883 0.208626 0.970715 0.129422 -0.170005 0.129422
head 1579.15 -0.0668682 0.334848 0.939897 0.620748 0.0482981 0.241114 0.0482981
hip 1579.15 -0.163493 0.66754 0.726402 -0.694438 -0.19576 -0.423368 -0.19576
lHand 1579.15 0.180955 0.761044 0.622951 -0.0675993 0.518933 -0.505099 0.518933
rHand 1579.15 -0.28568 0.28899 0.913713 -0.217945 0.12658 -0.871678 0.12658
lFoot 1579.15 -0.141928 0.986033 0.0871502 -0.628972 -0.598857 -0.0581196 -0.598857
rFoot 1579.15 -0.535326 0.818443 0.20875 0.970356 0.130008 -0.171336 0.130008
head 1579.16 -0.0696585 0.332585 0.940497 0.61754 0.0520235 0.251452 0.0520235
hip 1579.16 -0.164186 0.666956 0.726783 -0.694149 -0.19588 -0.425943 -0.19588
lHand 1579.16 0.179178 0.758087 0.627056 -0.0637172 0.509746 -0.491602 0.509746
rHand 1579.16 -0.274574 0.28989 0.916828 -0.206681 0.125076 -0.873668 0.125076
lFoot 1579.16 -0.142032 0.98601 0.0872401 -0.629645 -0.597292 -0.0591025 -0.597292
rFoot 1579.16 -0.536197 0.817692 0.209456 0.969985 0.129694 -0.173111 0.129694
head 1579.17 -0.0724542 0.33022 0.941119 0.613918 0.0556378 0.262068 0.0556378
hip 1579.17 -0.164606 0.666359 0.727235 -0.694645 -0.195599 -0.428424 -0.195599
lHand 1579.17 0.177095 0.75491 0.631465 -0.0592639 0.499986 -0.477797 0.499986
rHand 1579.17 -0.262345 0.292377 0.919615 -0.193051 0.124228 -0.875782 0.124228
lFoot 1579.17 -0.142191 0.985979 0.087334 -0.629701 -0.59625 -0.0603829 -0.59625
rFoot 1579.17 -0.537183 0.816963 0.209776 0.969291 0.131545 -0.175112 0.131545
head 1579.18 -0.0752014 0.328023 0.941672 0.610149 0.059012 0.273053 0.059012
hip 1579.18 -0.165119 0.66591 0.72753 -0.697357 -0.195442 -0.428649 -0.195442
lHand 1579.18 0.175408 0.751701 0.63575 -0.0549702 0.490524 -0.463642 0.490524
rHand 1579.18 -0.248845 0.296084 0.922177 -0.178064 0.123288 -0.878137 0.123288
lFoot 1579.18 -0.142389 0.985953 0.0873082 -0.629955 -0.595409 -0.061772 -0.595409
rFoot 1579.18 -0.535195 0.818182 0.210104 0.9694 0.131068 -0.173632 0.131068
head 1579.19 -0.0778789 0.325752 0.942242 0.606229 0.0617997 0.284454 0.0617997
hip 1579.19 -0.165666 0.665686 0.72761 -0.700371 -0.194972 -0.428555 -0.194972
lHand 1579.19 0.173524 0.747817 0.640827 -0.0489626 0.481057 -0.449108 0.481057
rHand 1579.19 -0.234749 0.301697 0.924052 -0.161666 0.12349 -0.88077 0.12349
lFoot 1579.19 -0.142345 0.985946 0.087449 -0.628576 -0.597168 -0.0625691 -0.597168
rFoot 1579.19 -0.534005 0.818842 0.210564 0.96941 0.129526 -0.173307 0.129526
head 1579.21 -0.0804642 0.32344 0.942821 0.602245 0.0642649 0.296339 0.0642649
hip 1579.21 -0.166016 0.665409 0.727784 -0.701996 -0.193752 -0.429533 -0.193752
lHand 1579.21 0.171965 0.743573 0.646164 -0.0427886 0.472719 -0.434937 0.472719
rHand 1579.21 -0.219902 0.309168 0.925234 -0.143463 0.124312 -0.883895 0.124312
lFoot 1579.21 -0.142306 0.985978 0.0871587 -0.628004 -0.597928 -0.0642807 -0.597928
rFoot 1579.21 -0.533611 0.819115 0.210498 0.969127 0.129938 -0.173684 0.129938
head 1579.22 -0.0830778 0.321203 0.943359 0.598128 0.0661179 0.308635 0.0661179
hip 1579.22 -0.166351 0.665464 0.727657 -0.703302 -0.192839 -0.42964 -0.192839
lHand 1579.22 0.170453 0.738961 0.65183 -0.0370986 0.464827 -0.42106 0.464827
rHand 1579.22 -0.204587 0.316634 0.926222 -0.124938 0.125172 -0.886731 0.125172
lFoot 1579.22 -0.142179 0.986012 0.0869755 -0.628695 -0.59692 -0.0657494 -0.59692
rFoot 1579.22 -0.532603 0.819803 0.210375 0.969275 0.128171 -0.173057 0.128171
head 1579.23 -0.0855573 0.319139 0.943838 0.59395 0.0670604 0.3216 0.0670604
hip 1579.23 -0.166656 0.665411 0.727636 -0.703578 -0.191617 -0.430671 -0.191617
lHand 1579.23 0.169264 0.734167 0.657532 -0.0319457 0.456372 -0.407369 0.456372
rHand 1579.23 -0.187879 0.328193 0.925738 -0.102601 0.12827 -0.890049 0.12827
lFoot 1579.23 -0.142032 0.98605 0.0867853 -0.63011 -0.595174 -0.0665021 -0.595174
rFoot 1579.23 -0.532011 0.820276 0.210025 0.969517 0.12632 -0.17189 0.12632
head 1579.24 -0.087885 0.316899 0.944379 0.589716 0.0676871 0.334548 0.0676871
hip 1579.24 -0.166793 0.665353 0.727658 -0.70367 -0.190177 -0.431577 -0.190177
lHand 1579.24 0.168169 0.729901 0.662543 -0.0273221 0.447098 -0.393173 0.447098
rHand 1579.24 -0.170119 0.342761 0.923891 -0.0775018 0.133647 -0.893177 0.133647
lFoot 1579.24 -0.142139 0.985997 0.0872144 -0.635226 -0.587898 -0.0667028 -0.587898
rFoot 1579.24 -0.532236 0.820167 0.209883 0.969537 0.126123 -0.170997 0.126123
head 1579.25 -0.0901203 0.314745 0.944888 0.585226 0.0682249 0.347087 0.0682249
hip 1579.25 -0.166407 0.665588 0.727531 -0.70201 -0.187481 -0.43327 -0.187481
lHand 1579.25 0.165706 0.724664 0.668883 -0.0248432 0.434993 -0.379047 0.434993
rHand 1579.25 -0.152393 0.359112 0.920769 -0.0506721 0.14134 -0.895393 0.14134
lFoot 1579.25 -0.142161 0.985882 0.0884733 -0.63913 -0.580881 -0.0670236 -0.580881
rFoot 1579.25 -0.531952 0.820398 0.209698 0.969521 0.125494 -0.170496 0.125494
head 1579.26 -0.0923423 0.312592 0.945388 0.580606 0.0692232 0.358944 0.0692232
hip 1579.26 -0.166081 0.665703 0.7275 -0.700967 -0.18506 -0.434658 -0.18506
lHand 1579.26 0.164464 0.719521 0.674715 -0.0213988 0.418989 -0.364232 0.418989
rHand 1579.26 -0.133464 0.378765 0.915819 -0.0229569 0.151849 -0.896842 0.151849
lFoot 1579.26 -0.141951 0.98592 0.0883842 -0.640242 -0.57872 -0.067998 -0.57872
rFoot 1579.26 -0.531271 0.82088 0.209542 0.969744 0.123318 -0.169234 0.123318
head 1579.27 -0.0944336 0.310526 0.945862 0.57587 0.0704291 0.370083 0.0704291
hip 1579.27 -0.165506 0.665855 0.727492 -0.699799 -0.182464 -0.436675 -0.182464
lHand 1579.27 0.163251 0.714145 0.680695 -0.0167394 0.399691 -0.348944 0.399691
rHand 1579.27 -0.114437 0.400212 0.909249 0.00401795 0.164995 -0.896738 0.164995
lFoot 1579.27 -0.141687 0.986005 0.0878561 -0.637906 -0.58221 -0.0681686 -0.58221
rFoot 1579.27 -0.531657 0.820694 0.20929 0.969654 0.123248 -0.168728 0.123248
head 1579.28 -0.0965755 0.308432 0.946331 0.571083 0.0717881 0.381162 0.0717881
hip 1579.28 -0.164866 0.666089 0.727423 -0.698929 -0.180544 -0.438912 -0.180544
lHand 1579.28 0.162344 0.70837 0.686918 -0.00984516 0.378657 -0.333753 0.378657
rHand 1579.28 -0.0958639 0.419267 0.902788 0.0283073 0.176989 -0.895183 0.176989
lFoot 1579.28 -0.140848 0.986062 0.0885637 -0.638621 -0.581298 -0.0679442 -0.581298
rFoot 1579.28 -0.532438 0.820308 0.208816 0.969581 0.124017 -0.167871 0.124017
head 1579.29 -0.0986414 0.306372 0.946787 0.566316 0.0731232 0.392035 0.0731232
hip 1579.29 -0.164423 0.666293 0.727337 -0.698867 -0.179651 -0.440763 -0.179651
lHand 1579.29 0.161709 0.702538 0.69303 -0.000621863 0.356313 -0.319801 0.356313
rHand 1579.29 -0.0783413 0.441282 0.893942 0.0506721 0.192622 -0.892115 0.192622
lFoot 1579.29 -0.140666 0.986085 0.0885972 -0.638787 -0.579957 -0.0677624 -0.579957
rFoot 1579.29 -0.53211 0.820675 0.208209 0.969923 0.122034 -0.166102 0.122034
head 1579.31 -0.100586 0.304291 0.947254 0.561533 0.0741913 0.403007 0.0741913
hip 1579.31 -0.164158 0.666455 0.727248 -0.699366 -0.178623 -0.442069 -0.178623
lHand 1579.31 0.161691 0.696539 0.699064 0.00868628 0.336003 -0.307149 0.336003
rHand 1579.31 -0.0616805 0.46271 0.884361 0.0708355 0.207521 -0.888534 0.207521
lFoot 1579.31 -0.140472 0.986121 0.0885029 -0.638214 -0.579625 -0.0679489 -0.579625
rFoot 1579.31 -0.532349 0.820575 0.207995 0.970089 0.120655 -0.16491 0.120655
head 1579.32 -0.102437 0.302184 0.94773 0.556813 0.074785 0.413938 0.074785
hip 1579.32 -0.163949 0.666565 0.727195 -0.700995 -0.178008 -0.441225 -0.178008
lHand 1579.32 0.161917 0.69039 0.705085 0.0197795 0.315677 -0.29679 0.315677
rHand 1579.32 -0.049203 0.478772 0.87656 0.0833641 0.221147 -0.883992 0.221147
lFoot 1579.32 -0.140011 0.986179 0.0885908 -0.637901 -0.580133 -0.066958 -0.580133
rFoot 1579.32 -0.532785 0.820326 0.20786 0.970146 0.11965 -0.164064 0.11965
head 1579.33 -0.104374 0.300286 0.948122 0.552039 0.0751954 0.424686 0.0751954
hip 1579.33 -0.163773 0.666686 0.727124 -0.702727 -0.176709 -0.439784 -0.176709
lHand 1579.33 0.162812 0.68333 0.711725 0.0361025 0.297691 -0.294912 0.297691
rHand 1579.33 -0.040983 0.490911 0.870245 0.0845097 0.234934 -0.877145 0.234934
lFoot 1579.33 -0.140465 0.986099 0.0887631 -0.638967 -0.578042 -0.0653473 -0.578042
rFoot 1579.33 -0.534021 0.819776 0.206857 0.969899 0.119487 -0.164447 0.119487
head 1579.34 -0.1062 0.298176 0.948584 0.547489 0.0755573 0.435435 0.0755573
hip 1579.34 -0.163625 0.666947 0.726917 -0.704923 -0.174616 -0.437214 -0.174616
lHand 1579.34 0.163972 0.676274 0.718169 0.0523619 0.281471 -0.293146 0.281471
rHand 1579.34 -0.0369971 0.497152 0.866874 0.0759572 0.240981 -0.871207 0.240981
lFoot 1579.34 -0.140548 0.986109 0.0885184 -0.638322 -0.578716 -0.0658137 -0.578716
rFoot 1579.34 -0.533944 0.819715 0.207295 0.969727 0.121623 -0.162467 0.121623
head 1579.35 -0.108037 0.296144 0.949014 0.542973 0.0757361 0.446478 0.0757361
hip 1579.35 -0.163326 0.667068 0.726874 -0.706593 -0.17267 -0.435639 -0.17267
lHand 1579.35 0.165227 0.668865 0.72479 0.0708544 0.267412 -0.293075 0.267412
rHand 1579.35 -0.0283503 0.506133 0.861989 0.078464 0.246758 -0.867536 0.246758
lFoot 1579.35 -0.140035 0.986163 0.088731 -0.635626 -0.582686 -0.0662878 -0.582686
rFoot 1579.35 -0.53443 0.819143 0.208302 0.969714 0.119371 -0.163234 0.119371
head 1579.36 -0.109816 0.294015 0.949471 0.538329 0.0758033 0.457547 0.0758033
hip 1579.36 -0.162891 0.667228 0.726824 -0.707367 -0.170746 -0.435618 -0.170746
lHand 1579.36 0.166635 0.660354 0.732233 0.090987 0.256062 -0.292941 0.256062
rHand 1579.36 -0.0189071 0.515465 0.856702 0.0832667 0.250221 -0.865017 0.250221
lFoot 1579.36 -0.140055 0.986179 0.0885164 -0.635569 -0.582909 -0.065376 -0.582909
rFoot 1579.36 -0.532584 0.819528 0.21149 0.970126 0.115265 -0.161657 0.115265
head 1579.37 -0.11156 0.291799 0.949952 0.533422 0.0757804 0.468601 0.0757804
hip 1579.37 -0.162236 0.666968 0.727209 -0.707221 -0.169269 -0.436551 -0.169269
lHand 1579.37 0.167534 0.652261 0.739248 0.110168 0.245104 -0.29135 0.245104
rHand 1579.37 -0.0068379 0.519353 0.854533 0.0896885 0.245593 -0.861596 0.245593
lFoot 1579.37 -0.140012 0.986178 0.0885973 -0.636302 -0.581695 -0.0643334 -0.581695
rFoot 1579.37 -0.533286 0.818525 0.213596 0.96997 0.112788 -0.162957 0.112788
head 1579.38 -0.113401 0.289773 0.950353 0.528272 0.0756466 0.479582 0.0756466
hip 1579.38 -0.161584 0.667014 0.727312 -0.7066 -0.168318 -0.438999 -0.168318
lHand 1579.38 0.168459 0.643045 0.747071 0.130889 0.239449 -0.292414 0.239449
rHand 1579.38 0.000492327 0.523051 0.852302 0.0879884 0.246393 -0.855162 0.246393
lFoot 1579.38 -0.139923 0.986176 0.0887647 -0.636153 -0.581796 -0.0635917 -0.581796
rFoot 1579.38 -0.534364 0.817282 0.21565 0.969452 0.114317 -0.163652 0.114317
head 1579.4 -0.115059 0.287581 0.95082 0.522827 0.0754632 0.490386 0.0754632
hip 1579.4 -0.160915 0.667145 0.72734 -0.706603 -0.167533 -0.441793 -0.167533
lHand 1579.4 0.169495 0.633051 0.755327 0.15114 0.234682 -0.294263 0.234682
rHand 1579.4 0.0059075 0.521869 0.853006 0.0796961 0.245363 -0.848669 0.245363
lFoot 1579.4 -0.140098 0.986169 0.0885574 -0.63585 -0.582515 -0.0624552 -0.582515
rFoot 1579.4 -0.537279 0.814557 0.218696 0.969113 0.115933 -0.163517 0.115933
head 1579.41 -0.116724 0.285459 0.951256 0.51694 0.075286 0.501175 0.075286
hip 1579.41 -0.160278 0.667059 0.72756 -0.707016 -0.166514 -0.443395 -0.166514
lHand 1579.41 0.16966 0.623894 0.762871 0.17148 0.226396 -0.294418 0.226396
rHand 1579.41 0.0106332 0.520461 0.853819 0.071693 0.24605 -0.842966 0.24605
lFoot 1579.41 -0.140202 0.986192 0.0881399 -0.634494 -0.585312 -0.0617345 -0.585312
rFoot 1579.41 -0.541511 0.810957 0.221618 0.96881 0.115008 -0.165624 0.115008
head 1579.42 -0.118281 0.283222 0.951732 0.510742 0.0749446 0.512102 0.0749446
hip 1579.42 -0.159519 0.667034 0.72775 -0.708436 -0.1647 -0.442734 -0.1647
lHand 1579.42 0.169876 0.613844 0.770933 0.19343 0.217582 -0.293807 0.217582
rHand 1579.42 0.0160645 0.521217 0.853273 0.0676908 0.247964 -0.837409 0.247964
lFoot 1579.42 -0.140327 0.986222 0.0876022 -0.632622 -0.588299 -0.0619072 -0.588299
rFoot 1579.42 -0.54902 0.805131 0.224366 0.967399 0.122574 -0.169354 0.122574
head 1579.43 -0.119859 0.281135 0.952154 0.503914 0.0741144 0.523498 0.0741144
hip 1579.43 -0.158772 0.66708 0.727871 -0.709629 -0.162739 -0.442197 -0.162739
lHand 1579.43 0.16978 0.603391 0.779163 0.21516 0.207206 -0.29215 0.207206
rHand 1579.43 0.0259099 0.523272 0.851772 0.0736513 0.248722 -0.834701 0.248722
lFoot 1579.43 -0.140453 0.986225 0.0873659 -0.631923 -0.589838 -0.0616999 -0.589838
rFoot 1579.43 -0.556552 0.799203 0.226991 0.966049 0.129469 -0.173017 0.129469
head 1579.44 -0.121319 0.279044 0.952584 0.496942 0.0727011 0.535431 0.0727011
hip 1579.44 -0.157712 0.667083 0.728098 -0.710899 -0.160504 -0.441378 -0.160504
lHand 1579.44 0.168858 0.593263 0.7871 0.236911 0.191796 -0.290062 0.191796
rHand 1579.44 0.0382807 0.529378 0.847522 0.0885364 0.249871 -0.833159 0.249871
lFoot 1579.44 -0.14051 0.986216 0.0873764 -0.632634 -0.588215 -0.0628222 -0.588215
rFoot 1579.44 -0.561266 0.795489 0.228426 0.965114 0.134754 -0.174473 0.134754
head 1579.45 -0.1229 0.277032 0.952968 0.490323 0.0712712 0.547321 0.0712712
hip 1579.45 -0.156556 0.667039 0.728388 -0.711628 -0.159182 -0.44141 -0.159182
lHand 1579.45 0.168047 0.582965 0.794929 0.257856 0.173588 -0.288029 0.173588
rHand 1579.45 0.0505964 0.5349 0.843399 0.100591 0.250448 -0.829759 0.250448
lFoot 1579.45 -0.140516 0.986231 0.087199 -0.632463 -0.588129 -0.0633773 -0.588129
rFoot 1579.45 -0.564279 0.792867 0.230112 0.964335 0.137609 -0.176434 0.137609
head 1579.46 -0.124348 0.27504 0.953357 0.484258 0.0698016 0.558546 0.0698016
hip 1579.46 -0.155522 0.66699 0.728654 -0.712398 -0.158148 -0.441681 -0.158148
lHand 1579.46 0.167306 0.572929 0.802347 0.277594 0.155815 -0.285746 0.155815
rHand 1579.46 0.0618599 0.538157 0.840572 0.10954 0.248298 -0.824849 0.248298
lFoot 1579.46 -0.140713 0.986193 0.0873133 -0.632918 -0.586316 -0.0630183 -0.586316
rFoot 1579.46 -0.568664 0.789392 0.231262 0.963639 0.139299 -0.179387 0.139299
head 1579.47 -0.125672 0.273142 0.95373 0.478835 0.0679747 0.568595 0.0679747
hip 1579.47 -0.154496 0.667001 0.728863 -0.713753 -0.156626 -0.440938 -0.156626
lHand 1579.47 0.165613 0.562614 0.809962 0.295522 0.135976 -0.283789 0.135976
rHand 1579.47 0.0711201 0.539666 0.83887 0.114112 0.244158 -0.818902 0.244158
lFoot 1579.47 -0.140883 0.986161 0.0874021 -0.634578 -0.583735 -0.0621122 -0.583735
rFoot 1579.47 -0.570416 0.788119 0.231289 0.962448 0.145597 -0.180722 0.145597
head 1579.48 -0.126987 0.271449 0.954039 0.473458 0.0660201 0.577882 0.0660201
hip 1579.48 -0.153354 0.666951 0.729149 -0.714979 -0.154807 -0.440049 -0.154807
lHand 1579.48 0.164068 0.551673 0.817765 0.311342 0.119251 -0.282131 0.119251
rHand 1579.48 0.0776643 0.541313 0.837227 0.114969 0.240562 -0.811885 0.240562
lFoot 1579.48 -0.141119 0.986123 0.087451 -0.635507 -0.581751 -0.0619295 -0.581751
rFoot 1579.48 -0.571339 0.788043 0.229258 0.962 0.147171 -0.181983 0.147171
head 1579.5 -0.128185 0.269844 0.954334 0.468159 0.063749 0.586199 0.063749
hip 1579.5 -0.152451 0.666784 0.729492 -0.717064 -0.153636 -0.436788 -0.153636
lHand 1579.5 0.162517 0.541213 0.825031 0.326944 0.10277 -0.280329 0.10277
rHand 1579.5 0.0827892 0.541312 0.836736 0.110917 0.235932 -0.803281 0.235932
lFoot 1579.5 -0.141333 0.986074 0.0876568 -0.635422 -0.580207 -0.0618284 -0.580207
rFoot 1579.5 -0.570049 0.790136 0.225233 0.96218 0.147167 -0.181211 0.147167
head 1579.51 -0.129318 0.268134 0.954663 0.463058 0.0616592 0.593853 0.0616592
hip 1579.51 -0.151486 0.666709 0.729761 -0.718542 -0.151887 -0.435292 -0.151887
lHand 1579.51 0.160163 0.530025 0.832719 0.339359 0.0844236 -0.27991 0.0844236
rHand 1579.51 0.0835397 0.541961 0.836241 0.103064 0.23337 -0.795897 0.23337
lFoot 1579.51 -0.141518 0.986047 0.087657 -0.635049 -0.580145 -0.0611654 -0.580145
rFoot 1579.51 -0.566904 0.793532 0.221193 0.963253 0.143634 -0.178305 0.143634
head 1579.52 -0.130358 0.26663 0.954942 0.458183 0.0594501 0.600372 0.0594501
hip 1579.52 -0.150457 0.666556 0.730114 -0.719239 -0.150589 -0.435614 -0.150589
lHand 1579.52 0.15823 0.518737 0.840164 0.353466 0.0655236 -0.27986 0.0655236
rHand 1579.52 0.0845101 0.545179 0.834049 0.0981397 0.233033 -0.789896 0.233033
lFoot 1579.52 -0.14169 0.986 0.0879134 -0.63443 -0.580329 -0.0602485 -0.580329
rFoot 1579.52 -0.564651 0.795819 0.218726 0.964389 0.138115 -0.176969 0.138115
head 1579.53 -0.131465 0.265337 0.955151 0.453377 0.0568919 0.606317 0.0568919
hip 1579.53 -0.149801 0.666662 0.730152 -0.719785 -0.1497 -0.436629 -0.1497
lHand 1579.53 0.15616 0.507927 0.847127 0.3677 0.0470013 -0.280296 0.0470013
rHand 1579.53 0.0813146 0.546823 0.83329 0.0878944 0.235581 -0.784535 0.235581
lFoot 1579.53 -0.141955 0.985951 0.0880318 -0.633681 -0.580213 -0.0594233 -0.580213
rFoot 1579.53 -0.563877 0.796232 0.219218 0.964592 0.136381 -0.177162 0.136381
head 1579.54 -0.1325 0.264146 0.955338 0.449019 0.0541275 0.61155 0.0541275
hip 1579.54 -0.148999 0.666619 0.730355 -0.720389 -0.149168 -0.43905 -0.149168
lHand 1579.54 0.153455 0.496373 0.854438 0.381321 0.0320283 -0.282731 0.0320283
rHand 1579.54 0.0781583 0.549055 0.832124 0.0769223 0.239398 -0.778616 0.239398
lFoot 1579.54 -0.142088 0.985911 0.0882636 -0.633323 -0.580055 -0.0583149 -0.580055
rFoot 1579.54 -0.563919 0.795885 0.22037 0.964018 0.138568 -0.178145 0.138568
head 1579.55 -0.13347 0.263071 0.955499 0.445303 0.0511998 0.615846 0.0511998
hip 1579.55 -0.148138 0.666644 0.730507 -0.721336 -0.147907 -0.441251 -0.147907
lHand 1579.55 0.150607 0.484736 0.861597 0.395444 0.017313 -0.286065 0.017313
rHand 1579.55 0.0692814 0.549222 0.832799 0.0576207 0.248574 -0.771751 0.248574
lFoot 1579.55 -0.142308 0.985867 0.0884031 -0.633285 -0.579667 -0.0569707 -0.579667
rFoot 1579.55 -0.566165 0.793625 0.222748 0.962508 0.143761 -0.181311 0.143761
head 1579.56 -0.134468 0.261982 0.955659 0.441833 0.0485702 0.619943 0.0485702
hip 1579.56 -0.147724 0.667215 0.730069 -0.722427 -0.145338 -0.442309 -0.145338
lHand 1579.56 0.14757 0.473146 0.868536 0.411034 0.000940427 -0.289261 0.000940427
rHand 1579.56 0.0613879 0.549509 0.833229 0.0396518 0.25885 -0.764544 0.25885
lFoot 1579.56 -0.142561 0.985826 0.0884534 -0.633626 -0.57889 -0.055623 -0.57889
rFoot 1579.56 -0.564587 0.794618 0.223211 0.962714 0.142098 -0.179931 0.142098
head 1579.57 -0.135509 0.260884 0.955812 0.439003 0.0463363 0.623509 0.0463363
hip 1579.57 -0.146169 0.667349 0.73026 -0.723017 -0.141341 -0.443243 -0.141341
lHand 1579.57 0.144462 0.461594 0.87525 0.427136 -0.0160423 -0.291306 -0.0160423
rHand 1579.57 0.0576941 0.551655 0.832075 0.0294551 0.266336 -0.759295 0.266336
lFoot 1579.57 -0.142783 0.985789 0.0885105 -0.633205 -0.578897 -0.0545831 -0.578897
rFoot 1579.57 -0.563435 0.795303 0.223684 0.963008 0.139318 -0.179836 0.139318
head 1579.59 -0.136397 0.25974 0.955997 0.436158 0.0442278 0.627252 0.0442278
hip 1579.59 -0.144091 0.667494 0.730541 -0.722048 -0.136288 -0.444511 -0.136288
lHand 1579.59 0.140831 0.449588 0.882064 0.445672 -0.0308685 -0.293261 -0.0308685
rHand 1579.59 0.0572164 0.553083 0.831159 0.0217608 0.269205 -0.753514 0.269205
lFoot 1579.59 -0.142627 0.985745 0.0892389 -0.632227 -0.579581 -0.0536174 -0.579581
rFoot 1579.59 -0.562488 0.795971 0.22369 0.962883 0.139509 -0.180398 0.139509
head 1579.6 -0.137423 0.258588 0.956163 0.433871 0.0420063 0.630631 0.0420063
hip 1579.6 -0.141994 0.66769 0.730772 -0.721021 -0.133337 -0.445209 -0.133337
lHand 1579.6 0.136217 0.436743 0.889213 0.466483 -0.0401563 -0.293522 -0.0401563
rHand 1579.6 0.0610007 0.554422 0.829997 0.0196175 0.26813 -0.74751 0.26813
lFoot 1579.6 -0.142798 0.98573 0.0891319 -0.630767 -0.581265 -0.0531323 -0.581265
rFoot 1579.6 -0.561466 0.796684 0.223719 0.962782 0.140157 -0.180286 0.140157
head 1579.61 -0.138506 0.257521 0.956294 0.431806 0.0397358 0.633835 0.0397358
hip 1579.61 -0.140534 0.667684 0.731059 -0.721182 -0.1311 -0.445722 -0.1311
lHand 1579.61 0.132085 0.424679 0.895657 0.484167 -0.053045 -0.294019 -0.053045
rHand 1579.61 0.063487 0.555385 0.829166 0.0154921 0.268168 -0.741247 0.268168
lFoot 1579.61 -0.142821 0.985711 0.0893072 -0.629098 -0.584174 -0.0519132 -0.584174
rFoot 1579.61 -0.560423 0.797585 0.223122 0.962954 0.138945 -0.180205 0.138945
head 1579.62 -0.139443 0.256428 0.956452 0.430242 0.0376409 0.636717 0.0376409
hip 1579.62 -0.139092 0.667756 0.731269 -0.72229 -0.128298 -0.445388 -0.128298
lHand 1579.62 0.127097 0.411954 0.902297 0.508133 -0.0638837 -0.293902 -0.0638837
rHand 1579.62 0.0668059 0.557518 0.827472 0.0119639 0.267156 -0.735215 0.267156
lFoot 1579.62 -0.142799 0.985687 0.0896102 -0.627992 -0.585804 -0.0510716 -0.585804
rFoot 1579.62 -0.558459 0.799126 0.222534 0.963026 0.13862 -0.179766 0.13862
head 1579.63 -0.140508 0.255303 0.956597 0.428616 0.0354977 0.639433 0.0354977
hip 1579.63 -0.137485 0.667886 0.731455 -0.723699 -0.125566 -0.444849 -0.125566
lHand 1579.63 0.122755 0.399486 0.908484 0.529597 -0.0773357 -0.29404 -0.0773357
rHand 1579.63 0.0692319 0.558898 0.826341 0.00892562 0.268009 -0.730867 0.268009
lFoot 1579.63 -0.142962 0.98567 0.0895301 -0.626362 -0.587718 -0.0504176 -0.587718
rFoot 1579.63 -0.556286 0.800668 0.222436 0.962989 0.138449 -0.179473 0.138449
head 1579.64 -0.141542 0.254268 0.95672 0.426875 0.0331518 0.641952 0.0331518
hip 1579.64 -0.136165 0.667929 0.731663 -0.725826 -0.122978 -0.442992 -0.122978
lHand 1579.64 0.118014 0.387002 0.914495 0.552126 -0.0901149 -0.294562 -0.0901149
rHand 1579.64 0.070227 0.561338 0.824602 0.00671279 0.271446 -0.727684 0.271446
lFoot 1579.64 -0.142758 0.985656 0.0900092 -0.62531 -0.588933 -0.0494811 -0.588933
rFoot 1579.64 -0.553254 0.802548 0.223219 0.962926 0.137906 -0.179403 0.137906
head 1579.65 -0.14257 0.253222 0.956845 0.425043 0.0303065 0.644425 0.0303065
hip 1579.65 -0.135007 0.668003 0.73181 -0.727895 -0.120836 -0.441508 -0.120836
lHand 1579.65 0.112288 0.374132 0.920552 0.573758 -0.0976354 -0.295438 -0.0976354
rHand 1579.65 0.0707693 0.56549 0.821713 0.00311841 0.276477 -0.723796 0.276477
lFoot 1579.65 -0.142668 0.98561 0.0906581 -0.625431 -0.588945 -0.0476307 -0.588945
rFoot 1579.65 -0.551149 0.803525 0.224905 0.962464 0.138528 -0.180662 0.138528
head 1579.66 -0.143605 0.252243 0.956949 0.423057 0.0272795 0.646941 0.0272795
hip 1579.66 -0.133866 0.66804 0.731986 -0.72972 -0.11856 -0.44049 -0.11856
lHand 1579.66 0.106561 0.361097 0.92642 0.595099 -0.100849 -0.295787 -0.100849
rHand 1579.66 0.0698188 0.569416 0.81908 0.00116667 0.284462 -0.720513 0.284462
lFoot 1579.66 -0.142747 0.985594 0.090711 -0.626157 -0.588193 -0.0464385 -0.588193
rFoot 1579.66 -0.549539 0.804539 0.22522 0.962106 0.139275 -0.181343 0.139275
head 1579.67 -0.144619 0.251107 0.957095 0.42109 0.0239658 0.649415 0.0239658
hip 1579.67 -0.132875 0.668101 0.73211 -0.73116 -0.11671 -0.440284 -0.11671
lHand 1579.67 0.100881 0.348115 0.932008 0.616164 -0.105738 -0.296049 -0.105738
rHand 1579.67 0.0686219 0.574776 0.815428 0.00143896 0.294261 -0.717236 0.294261
lFoot 1579.67 -0.142931 0.985565 0.0907369 -0.626281 -0.588 -0.0448643 -0.588
rFoot 1579.67 -0.547531 0.805852 0.225416 0.962576 0.135994 -0.180498 0.135994
head 1579.69 -0.145679 0.249981 0.957229 0.419141 0.0205781 0.652119 0.0205781
hip 1579.69 -0.132181 0.667977 0.732349 -0.732445 -0.11599 -0.442179 -0.11599
lHand 1579.69 0.0952861 0.335393 0.937247 0.636713 -0.112751 -0.296919 -0.112751
rHand 1579.69 0.0690073 0.578171 0.812992 0.000735268 0.301056 -0.71365 0.301056
lFoot 1579.69 -0.142509 0.985514 0.0919462 -0.626328 -0.587774 -0.0435205 -0.587774
rFoot 1579.69 -0.547221 0.806015 0.225588 0.962659 0.134208 -0.181011 0.134208
head 1579.7 -0.146675 0.248777 0.95739 0.41698 0.0168214 0.65501 0.0168214
hip 1579.7 -0.13152 0.667833 0.732599 -0.733626 -0.114897 -0.443899 -0.114897
lHand 1579.7 0.0899588 0.323161 0.942059 0.65755 -0.120386 -0.299437 -0.120386
rHand 1579.7 0.0680496 0.58213 0.810243 0.00046213 0.307375 -0.71161 0.307375
lFoot 1579.7 -0.142688 0.985489 0.0919349 -0.626291 -0.58783 -0.0425027 -0.58783
rFoot 1579.7 -0.548042 0.805346 0.225983 0.962371 0.134481 -0.182309 0.134481
head 1579.71 -0.147733 0.247576 0.957539 0.414941 0.0131016 0.657678 0.0131016
hip 1579.71 -0.130533 0.667605 0.732984 -0.734751 -0.113566 -0.4463 -0.113566
lHand 1579.71 0.0844135 0.310469 0.946828 0.677 -0.127038 -0.299691 -0.127038
rHand 1579.71 0.0667802 0.584946 0.808318 -0.00180136 0.312447 -0.709569 0.312447
lFoot 1579.71 -0.142598 0.985476 0.0922074 -0.625867 -0.588415 -0.0419658 -0.588415
rFoot 1579.71 -0.547888 0.805493 0.22583 0.962113 0.135456 -0.182905 0.135456
head 1579.72 -0.148656 0.24637 0.957707 0.41318 0.00950973 0.660181 0.00950973
hip 1579.72 -0.129111 0.667516 0.733317 -0.734814 -0.110361 -0.448867 -0.110361
lHand 1579.72 0.078839 0.29806 0.951286 0.695245 -0.131913 -0.298586 -0.131913
rHand 1579.72 0.06547 0.583463 0.809496 -0.00867857 0.314357 -0.707929 0.314357
lFoot 1579.72 -0.142663 0.985478 0.0920919 -0.62535 -0.589212 -0.0414627 -0.589212
rFoot 1579.72 -0.547269 0.805978 0.225601 0.962072 0.13506 -0.183567 0.13506
head 1579.73 -0.149765 0.2452 0.957835 0.411517 0.00589164 0.662548 0.00589164
hip 1579.73 -0.12777 0.667378 0.733677 -0.734853 -0.107724 -0.450495 -0.107724
lHand 1579.73 0.0729705 0.28598 0.955453 0.713001 -0.135399 -0.296188 -0.135399
rHand 1579.73 0.0638993 0.581751 0.810853 -0.0174758 0.314031 -0.705826 0.314031
lFoot 1579.73 -0.142775 0.985477 0.0919285 -0.624824 -0.590317 -0.0410114 -0.590317
rFoot 1579.73 -0.546048 0.806838 0.225486 0.962127 0.134269 -0.183795 0.134269
head 1579.74 -0.150916 0.244045 0.957949 0.409928 0.00230634 0.664988 0.00230634
hip 1579.74 -0.126635 0.667094 0.734132 -0.735172 -0.105157 -0.451501 -0.105157
lHand 1579.74 0.0658111 0.273057 0.959744 0.729936 -0.128081 -0.28765 -0.128081
rHand 1579.74 0.063282 0.580038 0.812127 -0.0255927 0.31296 -0.704289 0.31296
lFoot 1579.74 -0.142842 0.985481 0.0917771 -0.624254 -0.591584 -0.0403279 -0.591584
rFoot 1579.74 -0.54484 0.807602 0.225671 0.962091 0.133953 -0.184076 0.133953
head 1579.75 -0.152041 0.242843 0.958077 0.408633 -0.00117284 0.667822 -0.00117284
hip 1579.75 -0.125804 0.666872 0.734476 -0.736146 -0.102469 -0.452061 -0.102469
lHand 1579.75 0.05865 0.260238 0.963761 0.743292 -0.114675 -0.279567 -0.114675
rHand 1579.75 0.0646966 0.576944 0.814218 -0.0323412 0.313147 -0.702831 0.313147
lFoot 1579.75 -0.142904 0.985469 0.0918077 -0.623802 -0.592418 -0.0395212 -0.592418
rFoot 1579.75 -0.543686 0.808226 0.226223 0.961967 0.133737 -0.184983 0.133737
head 1579.76 -0.153308 0.241612 0.958186 0.40727 -0.00436481 0.670929 -0.00436481
hip 1579.76 -0.125419 0.666612 0.734778 -0.738201 -0.100158 -0.452192 -0.100158
lHand 1579.76 0.0522641 0.249065 0.967075 0.755799 -0.111923 -0.274428 -0.111923
rHand 1579.76 0.0640616 0.575455 0.81532 -0.0397609 0.314016 -0.700941 0.314016
lFoot 1579.76 -0.142877 0.985475 0.0917874 -0.623206 -0.593406 -0.0392105 -0.593406
rFoot 1579.76 -0.542411 0.808983 0.226576 0.961951 0.133056 -0.185378 0.133056
head 1579.78 -0.154574 0.240357 0.958298 0.405924 -0.00759726 0.674055 -0.00759726
hip 1579.78 -0.125099 0.666278 0.735135 -0.74002 -0.0983322 -0.452958 -0.0983322
lHand 1579.78 0.0466974 0.238159 0.970103 0.767561 -0.115733 -0.272095 -0.115733
rHand 1579.78 0.0622156 0.571345 0.818349 -0.0512563 0.314539 -0.698845 0.314539
lFoot 1579.78 -0.142793 0.985494 0.0917158 -0.622315 -0.594736 -0.0390196 -0.594736
rFoot 1579.78 -0.541011 0.809746 0.227199 0.962002 0.132108 -0.185529 0.132108
head 1579.79 -0.155727 0.239106 0.958424 0.404807 -0.0106641 0.676901 -0.0106641
hip 1579.79 -0.124789 0.666008 0.735432 -0.741303 -0.0962404 -0.454579 -0.0962404
lHand 1579.79 0.0426952 0.228412 0.972628 0.775812 -0.127335 -0.273809 -0.127335
rHand 1579.79 0.0613354 0.56809 0.820677 -0.0599995 0.31574 -0.69683 0.31574
lFoot 1579.79 -0.142937 0.985492 0.0915069 -0.622003 -0.595346 -0.0382496 -0.595346
rFoot 1579.79 -0.540056 0.810215 0.227797 0.961907 0.131777 -0.18611 0.131777
head 1579.8 -0.156936 0.237829 0.958545 0.403998 -0.0135025 0.679198 -0.0135025
hip 1579.8 -0.124508 0.665731 0.735731 -0.742085 -0.0947165 -0.456529 -0.0947165
lHand 1579.8 0.0388577 0.219456 0.974848 0.783371 -0.138354 -0.278496 -0.138354
rHand 1579.8 0.0589394 0.561805 0.825168 -0.0720115 0.312648 -0.697575 0.312648
lFoot 1579.8 -0.14297 0.985485 0.0915378 -0.622685 -0.594609 -0.0377123 -0.594609
rFoot 1579.8 -0.539564 0.810355 0.228465 0.961746 0.131887 -0.186804 0.131887
head 1579.81 -0.15815 0.236554 0.958661 0.403234 -0.0163422 0.68119 -0.0163422
hip 1579.81 -0.124198 0.665318 0.736157 -0.742533 -0.0932612 -0.45889 -0.0932612
lHand 1579.81 0.0352184 0.210743 0.976907 0.791037 -0.145455 -0.284547 -0.145455
rHand 1579.81 0.0580947 0.55629 0.828955 -0.0816404 0.308167 -0.698777 0.308167
lFoot 1579.81 -0.143019 0.98548 0.0915161 -0.623125 -0.594132 -0.03728 -0.594132
rFoot 1579.81 -0.539596 0.810292 0.228611 0.961716 0.131365 -0.18746 0.131365
head 1579.82 -0.159484 0.235243 0.958763 0.40244 -0.0191735 0.68327 -0.0191735
hip 1579.82 -0.123944 0.664995 0.736491 -0.742853 -0.091602 -0.461073 -0.091602
lHand 1579.82 0.0318503 0.200708 0.979133 0.799187 -0.149427 -0.289389 -0.149427
rHand 1579.82 0.0581864 0.551826 0.831927 -0.0906274 0.303835 -0.699283 0.303835
lFoot 1579.82 -0.14316 0.985469 0.0914077 -0.623274 -0.593957 -0.0368139 -0.593957
rFoot 1579.82 -0.540109 0.809964 0.228561 0.961704 0.130631 -0.188217 0.130631
head 1579.83 -0.160783 0.233821 0.958893 0.40152 -0.0220421 0.685672 -0.0220421
hip 1579.83 -0.123793 0.664703 0.73678 -0.743764 -0.0895743 -0.463368 -0.0895743
lHand 1579.83 0.0290469 0.192393 0.980888 0.805098 -0.150743 -0.297234 -0.150743
rHand 1579.83 0.0594746 0.546555 0.835308 -0.0987252 0.29774 -0.699895 0.29774
lFoot 1579.83 -0.143207 0.985471 0.091311 -0.623283 -0.594022 -0.0367401 -0.594022
rFoot 1579.83 -0.540075 0.810028 0.228415 0.961601 0.131088 -0.188542 0.131088
head 1579.84 -0.162071 0.23247 0.959005 0.400547 -0.0252874 0.688292 -0.0252874
hip 1579.84 -0.123399 0.664391 0.737128 -0.743315 -0.0872615 -0.466522 -0.0872615
lHand 1579.84 0.0257304 0.183953 0.982598 0.810966 -0.154021 -0.302616 -0.154021
rHand 1579.84 0.0639375 0.538153 0.840419 -0.108339 0.291056 -0.697538 0.291056
lFoot 1579.84 -0.143272 0.985472 0.0912076 -0.623663 -0.59376 -0.0364232 -0.59376
rFoot 1579.84 -0.540114 0.810081 0.228136 0.961486 0.131593 -0.188986 0.131593
head 1579.85 -0.163298 0.231168 0.959112 0.399785 -0.0287265 0.690901 -0.0287265
hip 1579.85 -0.123451 0.664168 0.73732 -0.742666 -0.0861731 -0.470256 -0.0861731
lHand 1579.85 0.0238075 0.175491 0.984193 0.815032 -0.156329 -0.308945 -0.156329
rHand 1579.85 0.0649088 0.53307 0.843577 -0.117584 0.285845 -0.695396 0.285845
lFoot 1579.85 -0.143067 0.985444 0.0918304 -0.624385 -0.592383 -0.0367008 -0.592383
rFoot 1579.85 -0.541259 0.80941 0.227802 0.961136 0.133619 -0.190171 0.133619
head 1579.86 -0.16462 0.229893 0.959192 0.399294 -0.0319526 0.69339 -0.0319526
hip 1579.86 -0.123399 0.663899 0.737571 -0.742302 -0.0847274 -0.472926 -0.0847274
lHand 1579.86 0.0213909 0.167763 0.985595 0.818987 -0.156979 -0.31585 -0.156979
rHand 1579.86 0.065886 0.527642 0.846908 -0.126003 0.281106 -0.693257 0.281106
lFoot 1579.86 -0.142912 0.985436 0.0921462 -0.625791 -0.588711 -0.0384269 -0.588711
rFoot 1579.86 -0.542268 0.808813 0.227522 0.961057 0.133713 -0.19077 0.133713
head 1579.88 -0.165922 0.228859 0.959215 0.399181 -0.0351361 0.695787 -0.0351361
hip 1579.88 -0.12351 0.663471 0.737937 -0.742769 -0.0831912 -0.474477 -0.0831912
lHand 1579.88 0.0188854 0.160552 0.986847 0.822842 -0.155489 -0.322615 -0.155489
rHand 1579.88 0.0660288 0.523218 0.849637 -0.132846 0.27767 -0.691164 0.27767
lFoot 1579.88 -0.142646 0.985444 0.0924828 -0.629412 -0.582766 -0.0401344 -0.582766
rFoot 1579.88 -0.543545 0.808 0.227366 0.960818 0.134601 -0.192073 0.134601
head 1579.89 -0.167242 0.2277 0.959262 0.399042 -0.0382352 0.698285 -0.0382352
hip 1579.89 -0.123517 0.663174 0.738203 -0.742611 -0.0807166 -0.476009 -0.0807166
lHand 1579.89 0.01651 0.152728 0.98813 0.826411 -0.154289 -0.328764 -0.154289
rHand 1579.89 0.0666895 0.521802 0.850456 -0.138012 0.27532 -0.690158 0.27532
lFoot 1579.89 -0.142123 0.985408 0.0936654 -0.631977 -0.578388 -0.0407924 -0.578388
rFoot 1579.89 -0.544396 0.80759 0.226784 0.960547 0.13629 -0.192533 0.13629
head 1579.9 -0.168531 0.226567 0.959304 0.398831 -0.0412941 0.701056 -0.0412941
hip 1579.9 -0.123971 0.662905 0.738369 -0.743283 -0.0791053 -0.477641 -0.0791053
lHand 1579.9 0.0144168 0.146396 0.989121 0.827438 -0.151636 -0.335318 -0.151636
rHand 1579.9 0.0660825 0.524864 0.848617 -0.133996 0.278042 -0.69148 0.278042
lFoot 1579.9 -0.142274 0.985361 0.093924 -0.63634 -0.572082 -0.0403 -0.572082
rFoot 1579.9 -0.544818 0.807401 0.226447 0.960593 0.136705 -0.192467 0.136705
head 1579.91 -0.16978 0.22544 0.95935 0.39836 -0.0445565 0.703892 -0.0445565
hip 1579.91 -0.124577 0.662512 0.738619 -0.743054 -0.0784648 -0.480199 -0.0784648
lHand 1579.91 0.0120471 0.139483 0.990151 0.828938 -0.15093 -0.341592 -0.15093
rHand 1579.91 0.0663706 0.526761 0.847418 -0.131169 0.280708 -0.691715 0.280708
lFoot 1579.91 -0.142615 0.985351 0.0935102 -0.636342 -0.573048 -0.0387834 -0.573048
rFoot 1579.91 -0.546933 0.806115 0.225926 0.959898 0.140567 -0.19469 0.140567
head 1579.92 -0.170988 0.224362 0.959388 0.397789 -0.0477822 0.706678 -0.0477822
hip 1579.92 -0.125461 0.662323 0.738639 -0.743141 -0.0780587 -0.483406 -0.0780587
lHand 1579.92 0.0102518 0.133385 0.991011 0.828818 -0.150627 -0.348471 -0.150627
rHand 1579.92 0.0658116 0.528584 0.846326 -0.128848 0.282762 -0.691933 0.282762
lFoot 1579.92 -0.14209 0.985342 0.0944056 -0.633269 -0.577387 -0.0377306 -0.577387
rFoot 1579.92 -0.551989 0.802893 0.2251 0.957988 0.151054 -0.198338 0.151054
head 1579.93 -0.172245 0.223274 0.959417 0.397356 -0.0506864 0.709107 -0.0506864
hip 1579.93 -0.126331 0.662193 0.738608 -0.743003 -0.0777994 -0.486854 -0.0777994
lHand 1579.93 0.00805495 0.127508 0.991805 0.829015 -0.149036 -0.355126 -0.149036
rHand 1579.93 0.0653099 0.532579 0.843857 -0.122498 0.286038 -0.693302 0.286038
lFoot 1579.93 -0.141898 0.98539 0.0941925 -0.632827 -0.577285 -0.0390934 -0.577285
rFoot 1579.93 -0.552678 0.802743 0.223944 0.958538 0.149783 -0.196255 0.149783
head 1579.94 -0.173498 0.22228 0.959422 0.397034 -0.0536297 0.711248 -0.0536297
hip 1579.94 -0.126683 0.661942 0.738773 -0.742545 -0.076274 -0.489892 -0.076274
lHand 1579.94 0.0056038 0.121493 0.992576 0.829822 -0.146924 -0.361641 -0.146924
rHand 1579.94 0.0667199 0.53361 0.843095 -0.118196 0.28775 -0.694183 0.28775
lFoot 1579.94 -0.142015 0.985362 0.0943053 -0.635287 -0.573357 -0.0384586 -0.573357
rFoot 1579.94 -0.55416 0.80176 0.223802 0.95926 0.144872 -0.196487 0.144872
head 1579.95 -0.174749 0.221302 0.959421 0.396913 -0.056629 0.713161 -0.056629
hip 1579.95 -0.127179 0.662054 0.738587 0.741637 0.074762 0.492247 0.074762
lHand 1579.95 0.00362525 0.115853 0.99326 0.830329 -0.146116 -0.368375 -0.146116
rHand 1579.95 0.068055 0.535863 0.841558 -0.113027 0.289685 -0.693587 0.289685
lFoot 1579.95 -0.141628 0.985353 0.0949827 -0.638262 -0.568832 -0.037949 -0.568832
rFoot 1579.95 -0.557202 0.799633 0.223862 0.959064 0.144519 -0.197908 0.144519
head 1579.96 -0.176004 0.220326 0.959416 0.396781 -0.0597881 0.715237 -0.0597881
hip 1579.96 -0.12782 0.662072 0.73846 0.741599 0.0734722 0.494162 0.0734722
lHand 1579.96 0.00147876 0.110669 0.993856 0.83064 -0.147841 -0.374899 -0.147841
rHand 1579.96 0.0700719 0.536611 0.840915 -0.110184 0.290397 -0.69132 0.290397
lFoot 1579.96 -0.141683 0.985342 0.0950089 -0.63927 -0.566863 -0.0377133 -0.566863
rFoot 1579.96 -0.558903 0.798479 0.223735 0.958753 0.147268 -0.197478 0.147268
head 1579.98 -0.177122 0.219503 0.959399 0.396587 -0.0636217 0.717503 -0.0636217
hip 1579.98 -0.128584 0.66205 0.738347 0.74256 0.0726377 0.4952 0.0726377
lHand 1579.98 -0.00078317 0.105746 0.994393 0.830867 -0.150608 -0.38042 -0.150608
rHand 1579.98 0.072204 0.536694 0.840682 -0.108054 0.290152 -0.689174 0.290152
lFoot 1579.98 -0.141657 0.985343 0.0950345 -0.6394 -0.565894 -0.037962 -0.565894
rFoot 1579.98 -0.559567 0.79802 0.223715 0.95889 0.146167 -0.197417 0.146167
head 1579.99 -0.178255 0.218617 0.959391 0.396304 -0.0674466 0.719759 -0.0674466
hip 1579.99 -0.129023 0.662192 0.738143 0.741915 0.0711569 0.497331 0.0711569
lHand 1579.99 -0.00362229 0.100721 0.994908 0.832663 -0.150602 -0.382901 -0.150602
rHand 1579.99 0.0778762 0.531944 0.843191 -0.106344 0.287479 -0.686997 0.287479
lFoot 1579.99 -0.141625 0.985363 0.0948796 -0.639494 -0.565053 -0.0381235 -0.565053
rFoot 1579.99 -0.560139 0.797666 0.223546 0.959117 0.14504 -0.197482 0.14504
head 1580 -0.17938 0.21776 0.959376 0.395885 -0.0710542 0.721787 -0.0710542
hip 1580 -0.129814 0.662352 0.737861 0.742401 0.0703737 0.499179 0.0703737
lHand 1580 -0.00687351 0.0950518 0.995449 0.835455 -0.147903 -0.384131 -0.147903
rHand 1580 0.0816818 0.528753 0.844836 -0.104557 0.283556 -0.685278 0.283556
lFoot 1580 -0.141636 0.985359 0.0949095 -0.640092 -0.563901 -0.0380812 -0.563901
rFoot 1580 -0.559929 0.797966 0.223002 0.959003 0.146904 -0.196706 0.146904
head 1580.01 -0.180468 0.21699 0.959347 0.395577 -0.0744946 0.723368 -0.0744946
hip 1580.01 -0.130204 0.662365 0.737781 0.742286 0.0688562 0.500825 0.0688562
lHand 1580.01 -0.0108146 0.089744 0.995906 0.840385 -0.143189 -0.381532 -0.143189
rHand 1580.01 0.0846591 0.525435 0.846611 -0.103556 0.278402 -0.685013 0.278402
lFoot 1580.01 -0.141791 0.985342 0.0948474 -0.640338 -0.562989 -0.0381275 -0.562989
rFoot 1580.01 -0.561498 0.796927 0.222773 0.95869 0.149443 -0.197326 0.149443
head 1580.02 -0.181524 0.216128 0.959342 0.395052 -0.0773411 0.72455 -0.0773411
hip 1580.02 -0.130298 0.662332 0.737793 0.742298 0.0662142 0.502153 0.0662142
lHand 1580.02 -0.0149093 0.0847563 0.99629 0.845281 -0.139965 -0.378788 -0.139965
rHand 1580.02 0.0872114 0.520748 0.849244 -0.101251 0.274018 -0.686401 0.274018
lFoot 1580.02 -0.141747 0.985339 0.0949441 -0.640667 -0.561862 -0.0382006 -0.561862
rFoot 1580.02 -0.563711 0.795563 0.222059 0.95822 0.15195 -0.19842 0.15195
head 1580.03 -0.182583 0.215304 0.959327 0.394497 -0.0801164 0.725587 -0.0801164
hip 1580.03 -0.13054 0.662211 0.737859 0.742432 0.0640949 0.503516 0.0640949
lHand 1580.03 -0.0190929 0.0799666 0.996615 0.850019 -0.137751 -0.374861 -0.137751
rHand 1580.03 0.0888047 0.51782 0.850868 -0.0990612 0.270087 -0.687801 0.270087
lFoot 1580.03 -0.141764 0.985333 0.0949854 -0.640934 -0.560889 -0.0378489 -0.560889
rFoot 1580.03 -0.564509 0.795284 0.221029 0.95877 0.149936 -0.197249 0.149936
head 1580.04 -0.183605 0.214431 0.959327 0.394068 -0.0827539 0.726397 -0.0827539
hip 1580.04 -0.130845 0.66211 0.737895 0.743325 0.0622793 0.504088 0.0622793
lHand 1580.04 -0.0231149 0.0745997 0.996946 0.854043 -0.136699 -0.372132 -0.136699
rHand 1580.04 0.0898166 0.515313 0.852282 -0.0968898 0.267054 -0.689093 0.267054
lFoot 1580.04 -0.141838 0.985305 0.0951642 -0.641467 -0.559278 -0.0376009 -0.559278
rFoot 1580.04 -0.566353 0.794151 0.220385 0.958823 0.149679 -0.197589 0.149679
head 1580.05 -0.184666 0.213578 0.959314 0.394187 -0.0850439 0.726907 -0.0850439
hip 1580.05 -0.130788 0.661907 0.738087 0.744491 0.0601022 0.502957 0.0601022
lHand 1580.05 -0.0271536 0.0701403 0.997168 0.857845 -0.137622 -0.369323 -0.137622
rHand 1580.05 0.0895559 0.511167 0.854803 -0.0949356 0.265274 -0.690742 0.265274
lFoot 1580.05 -0.141549 0.985257 0.0960834 -0.642297 -0.557029 -0.0377772 -0.557029
rFoot 1580.05 -0.569025 0.792486 0.219491 0.958586 0.151144 -0.198203 0.151144
head 1580.07 -0.185826 0.21276 0.959271 0.394381 -0.0873161 0.727707 -0.0873161
hip 1580.07 -0.131133 0.661792 0.73813 0.746528 0.058627 0.501954 0.058627
lHand 1580.07 -0.0308074 0.065813 0.997356 0.860987 -0.139864 -0.368248 -0.139864
rHand 1580.07 0.0897534 0.510558 0.855146 -0.0906131 0.263941 -0.693306 0.263941
lFoot 1580.07 -0.141585 0.985234 0.0962734 -0.642731 -0.555294 -0.0379441 -0.555294
rFoot 1580.07 -0.571101 0.791366 0.218136 0.958868 0.150206 -0.197958 0.150206
head 1580.08 -0.186915 0.211875 0.959256 0.394651 -0.0897993 0.728621 -0.0897993
hip 1580.08 -0.131195 0.66158 0.738308 0.748459 0.0569011 0.50028 0.0569011
lHand 1580.08 -0.034335 0.0616445 0.997507 0.864279 -0.141812 -0.367039 -0.141812
rHand 1580.08 0.0902716 0.5105 0.855126 -0.0852356 0.263083 -0.695745 0.263083
lFoot 1580.08 -0.14167 0.985215 0.0963365 -0.642555 -0.554939 -0.0378429 -0.554939
rFoot 1580.08 -0.573549 0.789816 0.21733 0.958831 0.150175 -0.198726 0.150175
head 1580.09 -0.187857 0.211008 0.959263 0.394863 -0.0926038 0.729549 -0.0926038
hip 1580.09 -0.131181 0.661369 0.7385 0.750564 0.0550359 0.49922 0.0550359
lHand 1580.09 -0.0378201 0.0571511 0.997649 0.867643 -0.142042 -0.364714 -0.142042
rHand 1580.09 0.0907279 0.510118 0.855306 -0.0790507 0.263968 -0.697755 0.263968
lFoot 1580.09 -0.141576 0.985194 0.0966858 -0.642208 -0.554702 -0.0379414 -0.554702
rFoot 1580.09 -0.574522 0.789313 0.216584 0.958932 0.150573 -0.198505 0.150573
head 1580.1 -0.188788 0.210051 0.95929 0.395126 -0.0957113 0.730235 -0.0957113
hip 1580.1 -0.130891 0.660796 0.739065 0.75227 0.0532279 0.498682 0.0532279
lHand 1580.1 -0.0417737 0.0535059 0.997693 0.870454 -0.140758 -0.36064 -0.140758
rHand 1580.1 0.0903312 0.51154 0.854498 -0.0737114 0.266093 -0.699535 0.266093
lFoot 1580.1 -0.141631 0.985178 0.0967682 -0.641939 -0.554505 -0.037685 -0.554505
rFoot 1580.1 -0.575206 0.788693 0.21703 0.958885 0.150622 -0.199044 0.150622
head 1580.11 -0.189748 0.20925 0.959276 0.395553 -0.0989326 0.730577 -0.0989326
hip 1580.11 -0.130576 0.660565 0.739327 0.752621 0.0510507 0.498843 0.0510507
lHand 1580.11 -0.0455935 0.0495848 0.997729 0.873354 -0.139691 -0.357384 -0.139691
rHand 1580.11 0.0898533 0.51221 0.854147 -0.0698769 0.267948 -0.700392 0.267948
lFoot 1580.11 -0.141683 0.985157 0.0969117 -0.642257 -0.553569 -0.0373428 -0.553569
rFoot 1580.11 -0.576236 0.788009 0.216781 0.958683 0.151144 -0.200079 0.151144
head 1580.12 -0.190636 0.208573 0.959247 0.396222 -0.102191 0.730368 -0.102191
hip 1580.12 -0.130327 0.660394 0.739523 0.753587 0.048957 0.49896 0.048957
lHand 1580.12 -0.049381 0.0458999 0.997725 0.876721 -0.136372 -0.351449 -0.136372
rHand 1580.12 0.0907804 0.50914 0.855883 -0.0681353 0.270049 -0.700396 0.270049
lFoot 1580.12 -0.141769 0.985125 0.0971069 -0.64258 -0.552873 -0.0369777 -0.552873
rFoot 1580.12 -0.57623 0.787907 0.217166 0.958914 0.149507 -0.199979 0.149507
head 1580.13 -0.191573 0.207918 0.959203 0.397065 -0.105494 0.729981 -0.105494
hip 1580.13 -0.12947 0.659915 0.740101 0.753308 0.0461941 0.499472 0.0461941
lHand 1580.13 -0.0534672 0.0422154 0.997677 0.879987 -0.134351 -0.346267 -0.134351
rHand 1580.13 0.0905623 0.508412 0.856339 -0.0666499 0.270811 -0.70077 0.270811
lFoot 1580.13 -0.141831 0.98511 0.097171 -0.642439 -0.552607 -0.0369558 -0.552607
rFoot 1580.13 -0.576161 0.787845 0.217577 0.958935 0.148731 -0.20034 0.148731
head 1580.14 -0.192457 0.207304 0.959159 0.398002 -0.109036 0.729735 -0.109036
hip 1580.14 -0.129083 0.659743 0.740322 0.753908 0.0440854 0.499177 0.0440854
lHand 1580.14 -0.0567724 0.0391762 0.997618 0.881844 -0.135517 -0.344231 -0.135517
rHand 1580.14 0.0914453 0.506416 0.857427 -0.0663399 0.269341 -0.70085 0.269341
lFoot 1580.14 -0.141765 0.985107 0.0972985 -0.641335 -0.553841 -0.0369421 -0.553841
rFoot 1580.14 -0.575486 0.78825 0.217896 0.959173 0.14745 -0.199826 0.14745
head 1580.15 -0.193345 0.206756 0.959098 0.399007 -0.112583 0.729649 -0.112583
hip 1580.15 -0.128835 0.659568 0.740521 0.754916 0.0423864 0.498598 0.0423864
lHand 1580.15 -0.0586806 0.0362974 0.997617 0.881832 -0.141261 -0.347508 -0.141261
rHand 1580.15 0.0941549 0.501738 0.85988 -0.0648894 0.266908 -0.701558 0.266908
lFoot 1580.15 -0.142089 0.9851 0.0968968 -0.640706 -0.554675 -0.0366473 -0.554675
rFoot 1580.15 -0.575545 0.788127 0.218182 0.959106 0.147018 -0.200297 0.147018
head 1580.17 -0.194135 0.206259 0.959046 0.399753 -0.116515 0.729789 -0.116515
hip 1580.17 -0.128264 0.659258 0.740896 0.75519 0.0402764 0.498785 0.0402764
lHand 1580.17 -0.0614019 0.0332865 0.997558 0.882399 -0.144444 -0.348749 -0.144444
rHand 1580.17 0.0982073 0.498327 0.861409 -0.0645216 0.261293 -0.701348 0.261293
lFoot 1580.17 -0.142098 0.985099 0.0968927 -0.640825 -0.554679 -0.0359385 -0.554679
rFoot 1580.17 -0.575766 0.787986 0.218108 0.959192 0.146262 -0.200374 0.146262
head 1580.18 -0.194916 0.205893 0.958966 0.400227 -0.12069 0.730049 -0.12069
hip 1580.18 -0.128174 0.659233 0.740934 0.755863 0.039657 0.499605 0.039657
lHand 1580.18 -0.0641807 0.0304275 0.997474 0.883002 -0.145338 -0.348973 -0.145338
rHand 1580.18 0.101964 0.495024 0.862876 -0.0651597 0.255651 -0.700738 0.255651
lFoot 1580.18 -0.142124 0.985089 0.0969543 -0.641113 -0.554051 -0.0358386 -0.554051
rFoot 1580.18 -0.575713 0.788005 0.218183 0.959523 0.144866 -0.19985 0.144866
head 1580.19 -0.195686 0.205455 0.958903 0.40046 -0.124715 0.73014 -0.124715
hip 1580.19 -0.127894 0.659172 0.741037 0.756378 0.0382283 0.500295 0.0382283
lHand 1580.19 -0.0666738 0.0273673 0.997399 0.884512 -0.145549 -0.348145 -0.145549
rHand 1580.19 0.106468 0.489811 0.865303 -0.0656456 0.251169 -0.700575 0.251169
lFoot 1580.19 -0.142328 0.985076 0.0967831 -0.640899 -0.554412 -0.0357102 -0.554412
rFoot 1580.19 -0.575813 0.787917 0.218235 0.959603 0.144339 -0.199961 0.144339
head 1580.2 -0.196403 0.205231 0.958804 0.400365 -0.128697 0.730008 -0.128697
hip 1580.2 -0.127211 0.659027 0.741284 0.755935 0.0361639 0.501683 0.0361639
lHand 1580.2 -0.069588 0.0243392 0.997279 0.886498 -0.145843 -0.346524 -0.145843
rHand 1580.2 0.109874 0.486908 0.866515 -0.066832 0.245998 -0.700055 0.245998
lFoot 1580.2 -0.14233 0.985083 0.0967178 -0.640555 -0.555036 -0.0357727 -0.555036
rFoot 1580.2 -0.575799 0.787943 0.218176 0.95962 0.143937 -0.200144 0.143937
head 1580.21 -0.197048 0.204985 0.958725 0.400255 -0.132607 0.729727 -0.132607
hip 1580.21 -0.126874 0.659031 0.741337 0.75589 0.0349766 0.502647 0.0349766
lHand 1580.21 -0.0727484 0.0212965 0.997123 0.889889 -0.143365 -0.342346 -0.143365
rHand 1580.21 0.112058 0.484835 0.867397 -0.0678252 0.242849 -0.699482 0.242849
lFoot 1580.21 -0.142328 0.985089 0.0966522 -0.640435 -0.555277 -0.0354798 -0.555277
rFoot 1580.21 -0.575517 0.788103 0.218344 0.959732 0.143127 -0.200081 0.143127
head 1580.22 -0.197707 0.204755 0.958638 0.400458 -0.136236 0.729378 -0.136236
hip 1580.22 -0.126267 0.659044 0.74143 0.755428 0.0333712 0.503822 0.0333712
lHand 1580.22 -0.0760045 0.0181584 0.996942 0.894289 -0.139325 -0.335689 -0.139325
rHand 1580.22 0.113692 0.480636 0.869519 -0.0719355 0.244274 -0.697243 0.244274
lFoot 1580.22 -0.142497 0.985085 0.096447 -0.64086 -0.555009 -0.0343473 -0.555009
rFoot 1580.22 -0.57487 0.788493 0.218637 0.959821 0.142556 -0.199982 0.142556
head 1580.23 -0.1983 0.204524 0.958565 0.400601 -0.139736 0.729359 -0.139736
hip 1580.23 -0.124697 0.6579 0.74271 0.755303 0.0318028 0.504737 0.0318028
lHand 1580.23 -0.0793659 0.0150211 0.996732 0.898701 -0.13628 -0.328929 -0.13628
rHand 1580.23 0.112962 0.479612 0.870179 -0.0759344 0.245474 -0.694767 0.245474
lFoot 1580.23 -0.14253 0.985077 0.0964758 -0.640913 -0.554913 -0.0336614 -0.554913
rFoot 1580.23 -0.574519 0.788593 0.219202 0.959787 0.141097 -0.200721 0.141097
head 1580.24 -0.198876 0.204228 0.958509 0.400773 -0.143077 0.729751 -0.143077
hip 1580.24 -0.124368 0.657909 0.742757 0.75566 0.0312367 0.504986 0.0312367
lHand 1580.24 -0.0825111 0.0122789 0.996514 0.902337 -0.134479 -0.322465 -0.134479
rHand 1580.24 0.112988 0.478944 0.870544 -0.0782657 0.245971 -0.692862 0.245971
lFoot 1580.24 -0.142529 0.985068 0.0965733 -0.640878 -0.554699 -0.033552 -0.554699
rFoot 1580.24 -0.574232 0.788771 0.219312 0.959778 0.140964 -0.200704 0.140964
head 1580.26 -0.199347 0.204046 0.95845 0.400773 -0.146392 0.730362 -0.146392
hip 1580.26 -0.124043 0.657896 0.742823 0.756023 0.0306983 0.505333 0.0306983
lHand 1580.26 -0.0850095 0.0100537 0.996329 0.90473 -0.135108 -0.318376 -0.135108
rHand 1580.26 0.11447 0.478004 0.870867 -0.0789882 0.24703 -0.691585 0.24703
lFoot 1580.26 -0.142763 0.985058 0.0963296 -0.640803 -0.554687 -0.0330853 -0.554687
rFoot 1580.26 -0.57377 0.789021 0.219624 0.959896 0.140259 -0.200571 0.140259
head 1580.27 -0.199886 0.203966 0.958355 0.400687 -0.149631 0.731145 -0.149631
hip 1580.27 -0.123668 0.657341 0.743376 0.757289 0.0310943 0.505667 0.0310943
lHand 1580.27 -0.087366 0.00789488 0.996145 0.906847 -0.136345 -0.315828 -0.136345
rHand 1580.27 0.115444 0.478354 0.870546 -0.0794311 0.247417 -0.690699 0.247417
lFoot 1580.27 -0.142804 0.985062 0.0962321 -0.640372 -0.555546 -0.0325195 -0.555546
rFoot 1580.27 -0.573586 0.789159 0.219606 0.960137 0.137938 -0.201092 0.137938
head 1580.28 -0.200354 0.203906 0.95827 0.400554 -0.152806 0.731795 -0.152806
hip 1580.28 -0.123637 0.657388 0.74334 0.758219 0.0314439 0.506667 0.0314439
lHand 1580.28 -0.0892768 0.00580767 0.99599 0.908593 -0.137616 -0.314637 -0.137616
rHand 1580.28 0.116257 0.479112 0.870021 -0.0801535 0.246743 -0.690022 0.246743
lFoot 1580.28 -0.142851 0.985058 0.0961958 -0.640041 -0.556 -0.032125 -0.556
rFoot 1580.28 -0.573424 0.789248 0.21971 0.960167 0.137311 -0.201317 0.137311
head 1580.29 -0.200853 0.203832 0.958181 0.400518 -0.155965 0.732175 -0.155965
hip 1580.29 -0.123374 0.657416 0.743359 0.75862 0.0312616 0.507688 0.0312616
lHand 1580.29 -0.09121 0.00396679 0.995824 0.910629 -0.136968 -0.311827 -0.136968
rHand 1580.29 0.117255 0.47831 0.870328 -0.0817536 0.246051 -0.68865 0.246051
lFoot 1580.29 -0.143207 0.98506 0.095648 -0.639813 -0.556658 -0.0317018 -0.556658
rFoot 1580.29 -0.573255 0.789235 0.220198 0.960231 0.136877 -0.201392 0.136877
head 1580.3 -0.201333 0.20389 0.958068 0.400767 -0.158594 0.73239 -0.158594
hip 1580.3 -0.122966 0.657126 0.743683 0.758924 0.0311861 0.508672 0.0311861
lHand 1580.3 -0.0932847 0.00252233 0.995636 0.912434 -0.136079 -0.307922 -0.136079
rHand 1580.3 0.118862 0.476341 0.871189 -0.084534 0.244513 -0.687177 0.244513
lFoot 1580.3 -0.143275 0.985063 0.0955185 -0.639174 -0.557882 -0.0312153 -0.557882
rFoot 1580.3 -0.573002 0.78936 0.220409 0.960351 0.13516 -0.201954 0.13516
head 1580.31 -0.201757 0.20388 0.957981 0.400882 -0.161274 0.732527 -0.161274
hip 1580.31 -0.12289 0.657148 0.743676 0.760147 0.0318881 0.50863 0.0318881
lHand 1580.31 -0.0952542 0.0012083 0.995452 0.913855 -0.134908 -0.303934 -0.134908
rHand 1580.31 0.120365 0.474443 0.872019 -0.0870153 0.242274 -0.686531 0.242274
lFoot 1580.31 -0.143306 0.985071 0.0953882 -0.638845 -0.55893 -0.0307066 -0.55893
rFoot 1580.31 -0.573207 0.789127 0.22071 0.960212 0.135157 -0.20257 0.135157
head 1580.32 -0.202171 0.203924 0.957884 0.401026 -0.163658 0.732618 -0.163658
hip 1580.32 -0.122573 0.657131 0.743743 0.762141 0.0316857 0.506648 0.0316857
lHand 1580.32 -0.0967002 0.000158242 0.995314 0.914524 -0.134386 -0.300774 -0.134386
rHand 1580.32 0.12222 0.472277 0.872935 -0.0882485 0.239757 -0.686594 0.239757
lFoot 1580.32 -0.143283 0.985077 0.0953552 -0.639065 -0.558428 -0.0309725 -0.558428
rFoot 1580.32 -0.573832 0.788576 0.221053 0.959817 0.137069 -0.203927 0.137069
head 1580.33 -0.202527 0.203837 0.957827 0.401055 -0.165874 0.732726 -0.165874
hip 1580.33 -0.122554 0.657322 0.743578 -0.764437 -0.031273 -0.503173 -0.031273
lHand 1580.33 -0.0982072 -0.000770585 0.995166 0.915147 -0.134824 -0.298281 -0.134824
rHand 1580.33 0.124236 0.471081 0.873297 -0.0877448 0.237948 -0.687514 0.237948
lFoot 1580.33 -0.143297 0.98507 0.0954135 -0.639458 -0.557656 -0.0305334 -0.557656
rFoot 1580.33 -0.574336 0.788173 0.221182 0.959473 0.13814 -0.204989 0.13814
head 1580.34 -0.202841 0.203907 0.957746 0.400928 -0.167961 0.732705 -0.167961
hip 1580.34 -0.122022 0.657341 0.743649 -0.772514 -0.0269305 -0.485759 -0.0269305
lHand 1580.34 -0.0990953 -0.0012114 0.995077 0.914835 -0.136809 -0.29818 -0.136809
rHand 1580.34 0.126085 0.471202 0.872967 -0.0852698 0.237548 -0.689424 0.237548
lFoot 1580.34 -0.143366 0.985059 0.0954184 -0.639568 -0.557609 -0.0295669 -0.557609
rFoot 1580.34 -0.573628 0.788553 0.221663 0.95972 0.136467 -0.204874 0.136467
head 1580.36 -0.203188 0.204022 0.957648 0.400991 -0.169898 0.732491 -0.169898
hip 1580.36 -0.120976 0.657575 0.743613 -0.777031 -0.0212155 -0.473152 -0.0212155
lHand 1580.36 -0.0994696 -0.00171492 0.995039 0.914235 -0.138662 -0.29924 -0.138662
rHand 1580.36 0.126918 0.472029 0.872399 -0.0834748 0.237789 -0.690792 0.237789
lFoot 1580.36 -0.143496 0.985037 0.0954505 -0.63951 -0.557539 -0.0291058 -0.557539
rFoot 1580.36 -0.573616 0.788424 0.222152 0.959593 0.135941 -0.205981 0.135941
head 1580.37 -0.20355 0.204194 0.957534 0.401322 -0.171783 0.732151 -0.171783
hip 1580.37 -0.11986 0.657821 0.743576 -0.776372 -0.0181669 -0.471775 -0.0181669
lHand 1580.37 -0.100383 -0.00219246 0.994946 0.91399 -0.139852 -0.299155 -0.139852
rHand 1580.37 0.128101 0.471557 0.872482 -0.0826134 0.238232 -0.69156 0.238232
lFoot 1580.37 -0.143513 0.985036 0.0954355 -0.639152 -0.557872 -0.0287374 -0.557872
rFoot 1580.37 -0.573403 0.788531 0.222322 0.95944 0.136344 -0.206405 0.136344
head 1580.38 -0.203805 0.204411 0.957434 0.401757 -0.173636 0.731721 -0.173636
hip 1580.38 -0.118736 0.658128 0.743484 0.768062 0.0198118 0.487578 0.0198118
lHand 1580.38 -0.100853 -0.00239421 0.994898 0.913349 -0.141057 -0.300007 -0.141057
rHand 1580.38 0.129655 0.470105 0.873035 -0.0831081 0.237377 -0.691238 0.237377
lFoot 1580.38 -0.143572 0.985027 0.0954405 -0.639077 -0.557963 -0.0281588 -0.557963
rFoot 1580.38 -0.573438 0.788358 0.222847 0.95932 0.135723 -0.20716 0.135723
head 1580.39 -0.203903 0.204607 0.957371 0.40228 -0.175519 0.731324 -0.175519
hip 1580.39 -0.117583 0.65824 0.743569 0.760595 0.0208889 0.50174 0.0208889
lHand 1580.39 -0.100949 -0.00271425 0.994888 0.913051 -0.141708 -0.300234 -0.141708
rHand 1580.39 0.132131 0.468728 0.873405 -0.0826592 0.235991 -0.691437 0.235991
lFoot 1580.39 -0.143311 0.984996 0.0961496 -0.638626 -0.558414 -0.0276152 -0.558414
rFoot 1580.39 -0.572731 0.788732 0.223339 0.959385 0.134817 -0.207305 0.134817
head 1580.4 -0.204172 0.204583 0.957319 0.402724 -0.177105 0.730952 -0.177105
hip 1580.4 -0.117376 0.658674 0.743217 0.762135 0.0213034 0.49997 0.0213034
lHand 1580.4 -0.101464 -0.00309742 0.994834 0.913378 -0.140859 -0.298865 -0.140859
rHand 1580.4 0.135633 0.467117 0.873731 -0.0819012 0.233575 -0.69143 0.233575
lFoot 1580.4 -0.143395 0.98498 0.0961876 -0.638128 -0.559074 -0.0270795 -0.559074
rFoot 1580.4 -0.572674 0.788579 0.224025 0.95926 0.134475 -0.208091 0.134475
head 1580.41 -0.204414 0.204761 0.957229 0.40295 -0.178852 0.730479 -0.178852
hip 1580.41 -0.117294 0.658719 0.74319 0.767432 0.0200696 0.492164 0.0200696
lHand 1580.41 -0.102087 -0.00340936 0.99477 0.913572 -0.140486 -0.29773 -0.140486
rHand 1580.41 0.13777 0.465497 0.874261 -0.0824277 0.231944 -0.690959 0.231944
lFoot 1580.41 -0.143591 0.984959 0.0961121 -0.637603 -0.560023 -0.0267478 -0.560023
rFoot 1580.41 -0.571715 0.789119 0.224571 0.959248 0.133716 -0.208414 0.133716
head 1580.42 -0.204601 0.20494 0.957151 0.403073 -0.18083 0.729658 -0.18083
hip 1580.42 -0.117054 0.658801 0.743155 0.769149 0.0198269 0.489982 0.0198269
lHand 1580.42 -0.102568 -0.00364913 0.994719 0.913725 -0.140151 -0.296676 -0.140151
rHand 1580.42 0.139053 0.462963 0.875403 -0.0849219 0.230408 -0.690113 0.230408
lFoot 1580.42 -0.143194 0.98495 0.0967934 -0.635745 -0.563322 -0.0263218 -0.563322
rFoot 1580.42 -0.570523 0.789758 0.225356 0.959255 0.132552 -0.208865 0.132552
head 1580.43 -0.20477 0.205152 0.957069 0.403395 -0.182788 0.728781 -0.182788
hip 1580.43 -0.116695 0.659076 0.742967 0.767845 0.0196903 0.492409 0.0196903
lHand 1580.43 -0.102849 -0.00359879 0.99469 0.913827 -0.13979 -0.295928 -0.13979
rHand 1580.43 0.140244 0.460738 0.876386 -0.0864773 0.229245 -0.69014 0.229245
lFoot 1580.43 -0.143194 0.984966 0.0966339 -0.633913 -0.566339 -0.0263058 -0.566339
rFoot 1580.43 -0.569542 0.790311 0.225898 0.958991 0.132564 -0.209816 0.132564
head 1580.45 -0.204952 0.205331 0.956992 0.403771 -0.184849 0.727742 -0.184849
hip 1580.45 -0.116001 0.65921 0.742957 0.765211 0.0197112 0.496474 0.0197112
lHand 1580.45 -0.103083 -0.00359791 0.994666 0.914163 -0.138853 -0.294928 -0.138853
rHand 1580.45 0.141331 0.459095 0.877073 -0.0875251 0.228739 -0.691137 0.228739
lFoot 1580.45 -0.143254 0.984965 0.0965476 -0.633035 -0.568078 -0.0256574 -0.568078
rFoot 1580.45 -0.568427 0.791012 0.226255 0.958966 0.132162 -0.20973 0.132162
head 1580.46 -0.204916 0.205529 0.956957 0.403776 -0.186991 0.726738 -0.186991
hip 1580.46 -0.114946 0.659248 0.743087 0.763822 0.0180197 0.497477 0.0180197
lHand 1580.46 -0.103217 -0.00369537 0.994652 0.914341 -0.138286 -0.294127 -0.138286
rHand 1580.46 0.142162 0.458401 0.877302 -0.0871878 0.228671 -0.692334 0.228671
lFoot 1580.46 -0.142666 0.984923 0.0978452 -0.633112 -0.568332 -0.0249028 -0.568332
rFoot 1580.46 -0.567472 0.79155 0.22677 0.95923 0.130072 -0.209523 0.130072
head 1580.47 -0.205128 0.205578 0.956901 0.403968 -0.188838 0.725954 -0.188838
hip 1580.47 -0.114125 0.659426 0.743056 0.764106 0.0162682 0.495779 0.0162682
lHand 1580.47 -0.103328 -0.00361942 0.994641 0.914145 -0.138825 -0.293705 -0.138825
rHand 1580.47 0.142891 0.457981 0.877403 -0.0859732 0.229328 -0.693695 0.229328
lFoot 1580.47 -0.142709 0.98491 0.0979074 -0.632522 -0.569221 -0.0244309 -0.569221
rFoot 1580.47 -0.566385 0.792204 0.227204 0.959414 0.12857 -0.20929 0.12857
head 1580.48 -0.205221 0.205675 0.956861 0.403448 -0.190137 0.725389 -0.190137
hip 1580.48 -0.11371 0.659409 0.743135 0.764552 0.0157317 0.494435 0.0157317
lHand 1580.48 -0.103255 -0.00325543 0.99465 0.913635 -0.139933 -0.293465 -0.139933
rHand 1580.48 0.142567 0.4574 0.877759 -0.0864571 0.229092 -0.694148 0.229092
lFoot 1580.48 -0.142939 0.984911 0.0975653 -0.631398 -0.570841 -0.0244874 -0.570841
rFoot 1580.48 -0.565603 0.79254 0.227978 0.959293 0.128256 -0.20973 0.128256
head 1580.49 -0.205247 0.205746 0.95684 0.402788 -0.19145 0.725012 -0.19145
hip 1580.49 -0.113603 0.659346 0.743208 0.765103 0.0157299 0.494713 0.0157299
lHand 1580.49 -0.103268 -0.00292299 0.994649 0.91324 -0.140834 -0.292822 -0.140834
rHand 1580.49 0.142931 0.454975 0.878959 -0.0881911 0.228376 -0.694142 0.228376
lFoot 1580.49 -0.142458 0.984905 0.0983249 -0.630004 -0.57293 -0.0244835 -0.57293
rFoot 1580.49 -0.564912 0.79291 0.228402 0.959272 0.127593 -0.209892 0.127593
head 1580.5 -0.205317 0.205788 0.956816 0.402102 -0.192521 0.724916 -0.192521
hip 1580.5 -0.113453 0.659375 0.743205 0.764047 0.0166997 0.497221 0.0166997
lHand 1580.5 -0.103267 -0.00235824 0.994651 0.912687 -0.141644 -0.292024 -0.141644
rHand 1580.5 0.14359 0.453012 0.879865 -0.0894396 0.227208 -0.694348 0.227208
lFoot 1580.5 -0.142431 0.984909 0.0983265 -0.629512 -0.573967 -0.0238409 -0.573967
rFoot 1580.5 -0.564308 0.793306 0.228522 0.959427 0.12629 -0.20976 0.12629
head 1580.51 -0.205346 0.205944 0.956776 0.401561 -0.193786 0.724695 -0.193786
hip 1580.51 -0.113275 0.659243 0.743349 0.763631 0.0172304 0.498127 0.0172304
lHand 1580.51 -0.103119 -0.00176218 0.994668 0.911988 -0.143222 -0.291683 -0.143222
rHand 1580.51 0.143539 0.452577 0.880097 -0.0898954 0.226302 -0.694834 0.226302
lFoot 1580.51 -0.14283 0.984899 0.0978452 -0.629689 -0.574068 -0.0228375 -0.574068
rFoot 1580.51 -0.563821 0.793614 0.228653 0.959516 0.125504 -0.209549 0.125504
head 1580.52 -0.205383 0.205966 0.956763 0.40108 -0.194814 0.724434 -0.194814
hip 1580.52 -0.113167 0.65912 0.743475 0.764305 0.0171448 0.497186 0.0171448
lHand 1580.52 -0.102763 -0.00113473 0.994705 0.911115 -0.145666 -0.291919 -0.145666
rHand 1580.52 0.144292 0.451937 0.880303 -0.0895663 0.225915 -0.69524 0.225915
lFoot 1580.52 -0.142334 0.984863 0.0989222 -0.630159 -0.573163 -0.0220913 -0.573163
rFoot 1580.52 -0.563413 0.793879 0.228738 0.959492 0.125655 -0.20947 0.125655
head 1580.53 -0.205387 0.205966 0.956762 0.400788 -0.19566 0.724094 -0.19566
hip 1580.53 -0.113141 0.659168 0.743436 0.76478 0.0170555 0.496401 0.0170555
lHand 1580.53 -0.102376 -0.00055808 0.994746 0.910385 -0.148184 -0.292062 -0.148184
rHand 1580.53 0.144653 0.451435 0.880501 -0.0897696 0.226346 -0.694869 0.226346
lFoot 1580.53 -0.142303 0.984851 0.0990887 -0.629904 -0.573148 -0.0218241 -0.573148
rFoot 1580.53 -0.562757 0.794346 0.228731 0.959576 0.125149 -0.209203 0.125149
head 1580.55 -0.205388 0.205895 0.956777 0.400521 -0.196004 0.723953 -0.196004
hip 1580.55 -0.113129 0.659101 0.743497 0.764756 0.0171271 0.496356 0.0171271
lHand 1580.55 -0.101654 4.10739e-05 0.99482 0.909814 -0.151296 -0.292258 -0.151296
rHand 1580.55 0.143932 0.452098 0.880279 -0.0909752 0.226796 -0.693858 0.226796
lFoot 1580.55 -0.142846 0.984858 0.0982359 -0.629423 -0.574129 -0.0214668 -0.574129
rFoot 1580.55 -0.562301 0.794746 0.228465 0.959604 0.124765 -0.209161 0.124765
head 1580.56 -0.205649 0.205902 0.95672 0.400432 -0.196003 0.724065 -0.196003
hip 1580.56 -0.113106 0.659059 0.743538 0.764155 0.017177 0.497294 0.017177
lHand 1580.56 -0.101392 0.00068839 0.994846 0.910024 -0.152396 -0.289774 -0.152396
rHand 1580.56 0.144181 0.451691 0.880447 -0.0911377 0.227033 -0.693655 0.227033
lFoot 1580.56 -0.14227 0.984861 0.099038 -0.628588 -0.575092 -0.0215228 -0.575092
rFoot 1580.56 -0.562255 0.794802 0.228381 0.959559 0.124753 -0.209194 0.124753
head 1580.57 -0.20567 0.205942 0.956707 0.400148 -0.196175 0.724376 -0.196175
hip 1580.57 -0.113421 0.659245 0.743325 0.763937 0.0174824 0.497792 0.0174824
lHand 1580.57 -0.101347 0.00122102 0.99485 0.91061 -0.151183 -0.285186 -0.151183
rHand 1580.57 0.144095 0.452241 0.880179 -0.0899304 0.227725 -0.6941 0.227725
lFoot 1580.57 -0.142251 0.984877 0.0989078 -0.627317 -0.57699 -0.0218636 -0.57699
rFoot 1580.57 -0.56196 0.795002 0.228412 0.959581 0.124496 -0.209054 0.124496
head 1580.58 -0.205718 0.205969 0.956691 0.399966 -0.196314 0.724854 -0.196314
hip 1580.58 -0.113566 0.659267 0.743283 0.764104 0.0174589 0.497326 0.0174589
lHand 1580.58 -0.10108 0.00178888 0.994877 0.910948 -0.150183 -0.281485 -0.150183
rHand 1580.58 0.14278 0.453971 0.879502 -0.0904784 0.228012 -0.694354 0.228012
lFoot 1580.58 -0.142202 0.984878 0.0989684 -0.626537 -0.578211 -0.0215673 -0.578211
rFoot 1580.58 -0.561004 0.795605 0.228665 0.959628 0.123981 -0.209005 0.123981
head 1580.59 -0.205728 0.205961 0.95669 0.399905 -0.196503 0.725204 -0.196503
hip 1580.59 -0.1137 0.65929 0.743242 0.764064 0.0170323 0.497161 0.0170323
lHand 1580.59 -0.10054 0.00228586 0.99493 0.911075 -0.149773 -0.2791 -0.149773
rHand 1580.59 0.141755 0.45255 0.8804 -0.0926709 0.22797 -0.693711 0.22797
lFoot 1580.59 -0.14215 0.984885 0.0989646 -0.625933 -0.579058 -0.0214614 -0.579058
rFoot 1580.59 -0.560629 0.795726 0.229161 0.959698 0.123636 -0.208845 0.123636
head 1580.6 -0.205715 0.205783 0.956731 0.399974 -0.196323 0.725407 -0.196323
hip 1580.6 -0.113989 0.659398 0.743103 0.763982 0.0168477 0.497185 0.0168477
lHand 1580.6 -0.0995836 0.00257087 0.995026 0.911214 -0.148464 -0.278452 -0.148464
rHand 1580.6 0.141302 0.450992 0.881272 -0.0947748 0.227228 -0.692783 0.227228
lFoot 1580.6 -0.142068 0.984884 0.0990946 -0.626265 -0.57836 -0.0211627 -0.57836
rFoot 1580.6 -0.560927 0.795434 0.229447 0.95972 0.123791 -0.208598 0.123791
head 1580.61 -0.205736 0.205705 0.956744 0.400219 -0.19576 0.725468 -0.19576
hip 1580.61 -0.114344 0.659403 0.743044 0.763861 0.0167957 0.497408 0.0167957
lHand 1580.61 -0.0986727 0.00300108 0.995115 0.911283 -0.147498 -0.277994 -0.147498
rHand 1580.61 0.139977 0.452103 0.880914 -0.0948574 0.226625 -0.6926 0.226625
lFoot 1580.61 -0.142197 0.984831 0.099441 -0.626411 -0.577817 -0.0210656 -0.577817
rFoot 1580.61 -0.56124 0.79521 0.229458 0.959777 0.12349 -0.208362 0.12349
head 1580.62 -0.205731 0.205563 0.956775 0.400675 -0.194775 0.725563 -0.194775
hip 1580.62 -0.114875 0.659401 0.742963 0.764196 0.0171416 0.497075 0.0171416
lHand 1580.62 -0.0973438 0.00343058 0.995245 0.911242 -0.146015 -0.278312 -0.146015
rHand 1580.62 0.14038 0.45238 0.880708 -0.0929747 0.22631 -0.693038 0.22631
lFoot 1580.62 -0.142144 0.984826 0.0995681 -0.626955 -0.576836 -0.020681 -0.576836
rFoot 1580.62 -0.561524 0.795165 0.228917 0.959767 0.124113 -0.208059 0.124113
head 1580.63 -0.205804 0.205507 0.956772 0.401036 -0.194007 0.72591 -0.194007
hip 1580.63 -0.11548 0.659572 0.742718 0.764782 0.0176913 0.496315 0.0176913
lHand 1580.63 -0.0961606 0.00414033 0.995357 0.910716 -0.144809 -0.278782 -0.144809
rHand 1580.63 0.139909 0.452783 0.880576 -0.0914746 0.226622 -0.6933 0.226622
lFoot 1580.63 -0.142241 0.984805 0.0996317 -0.627678 -0.57514 -0.0211587 -0.57514
rFoot 1580.63 -0.561605 0.795254 0.228408 0.959866 0.124507 -0.207383 0.124507
head 1580.65 -0.205908 0.205442 0.956763 0.401494 -0.193359 0.726505 -0.193359
hip 1580.65 -0.116011 0.659608 0.742603 0.765075 0.0182772 0.496047 0.0182772
lHand 1580.65 -0.0950241 0.00484269 0.995463 0.910058 -0.143969 -0.279001 -0.143969
rHand 1580.65 0.138312 0.454832 0.879771 -0.0908847 0.227016 -0.693313 0.227016
lFoot 1580.65 -0.142109 0.984825 0.099626 -0.628416 -0.574183 -0.0216009 -0.574183
rFoot 1580.65 -0.562123 0.794947 0.228205 0.95979 0.125456 -0.207551 0.125456
head 1580.66 -0.20592 0.205423 0.956765 0.401944 -0.192928 0.726977 -0.192928
hip 1580.66 -0.116479 0.659755 0.742399 0.764267 0.019288 0.497252 0.019288
lHand 1580.66 -0.0936757 0.00568744 0.995587 0.908955 -0.142805 -0.279755 -0.142805
rHand 1580.66 0.137149 0.454841 0.879949 -0.090535 0.227352 -0.693165 0.227352
lFoot 1580.66 -0.141624 0.984827 0.100287 -0.629043 -0.572784 -0.022557 -0.572784
rFoot 1580.66 -0.562514 0.794738 0.22797 0.95968 0.126412 -0.207645 0.126412
head 1580.67 -0.206017 0.205395 0.95675 0.402539 -0.192297 0.727481 -0.192297
hip 1580.67 -0.116877 0.660004 0.742115 0.763748 0.0194613 0.4982 0.0194613
lHand 1580.67 -0.0925907 0.0064596 0.995683 0.908269 -0.140939 -0.280157 -0.140939
rHand 1580.67 0.136009 0.454978 0.880055 -0.0901135 0.227673 -0.693407 0.227673
lFoot 1580.67 -0.14132 0.984823 0.100759 -0.632136 -0.566851 -0.0244293 -0.566851
rFoot 1580.67 -0.563505 0.794162 0.227527 0.959534 0.12806 -0.207463 0.12806
head 1580.68 -0.206135 0.205385 0.956726 0.403204 -0.191451 0.727835 -0.191451
hip 1580.68 -0.116965 0.660162 0.741961 0.763206 0.0188865 0.498028 0.0188865
lHand 1580.68 -0.0916452 0.00725333 0.995765 0.907834 -0.138112 -0.280114 -0.138112
rHand 1580.68 0.134398 0.456165 0.879688 -0.0899104 0.228258 -0.693642 0.228258
lFoot 1580.68 -0.141487 0.984785 0.100892 -0.634099 -0.563994 -0.0239749 -0.563994
rFoot 1580.68 -0.563664 0.794197 0.227012 0.959749 0.127673 -0.206782 0.127673
head 1580.69 -0.206172 0.205239 0.95675 0.403605 -0.190548 0.728181 -0.190548
hip 1580.69 -0.117096 0.660277 0.741837 0.762903 0.0182205 0.497286 0.0182205
lHand 1580.69 -0.0906732 0.00792954 0.995849 0.907413 -0.135747 -0.280255 -0.135747
rHand 1580.69 0.133178 0.456646 0.879624 -0.0894539 0.22909 -0.693877 0.22909
lFoot 1580.69 -0.141026 0.984752 0.101857 -0.6351 -0.563264 -0.0232733 -0.563264
rFoot 1580.69 -0.564045 0.794057 0.226552 0.959848 0.12755 -0.206421 0.12755
head 1580.7 -0.206279 0.205168 0.956742 0.403958 -0.189529 0.728407 -0.189529
hip 1580.7 -0.117288 0.660428 0.741672 0.762714 0.0173274 0.496362 0.0173274
lHand 1580.7 -0.0897244 0.00850658 0.99593 0.906919 -0.13335 -0.281136 -0.13335
rHand 1580.7 0.132096 0.456997 0.879605 -0.0890713 0.229666 -0.693986 0.229666
lFoot 1580.7 -0.140765 0.98481 0.101658 -0.633183 -0.565627 -0.0248612 -0.565627
rFoot 1580.7 -0.565002 0.79351 0.226086 0.959854 0.127923 -0.206221 0.127923
head 1580.71 -0.206381 0.20514 0.956726 0.404336 -0.188491 0.728589 -0.188491
hip 1580.71 -0.117635 0.660465 0.741585 0.762577 0.0172901 0.496211 0.0172901
lHand 1580.71 -0.0887759 0.00915617 0.99601 0.906188 -0.131201 -0.283118 -0.131201
rHand 1580.71 0.130415 0.45753 0.879578 -0.0894383 0.229569 -0.694016 0.229569
lFoot 1580.71 -0.140765 0.984845 0.101321 -0.633759 -0.56437 -0.025702 -0.56437
rFoot 1580.71 -0.566436 0.792574 0.22578 0.959717 0.129339 -0.206444 0.129339
head 1580.72 -0.206343 0.205087 0.956746 0.404901 -0.18729 0.728455 -0.18729
hip 1580.72 -0.118209 0.660429 0.741525 0.763042 0.0178893 0.495948 0.0178893
lHand 1580.72 -0.0875354 0.00980183 0.996113 0.904974 -0.130029 -0.286103 -0.130029
rHand 1580.72 0.129599 0.457719 0.8796 -0.089052 0.229384 -0.694312 0.229384
lFoot 1580.72 -0.140741 0.984836 0.101443 -0.635681 -0.5621 -0.0251316 -0.5621
rFoot 1580.72 -0.569403 0.790541 0.225444 0.958788 0.134192 -0.208717 0.134192
head 1580.74 -0.206506 0.204987 0.956732 0.405461 -0.18629 0.728525 -0.18629
hip 1580.74 -0.118947 0.660539 0.741309 0.764278 0.0190583 0.494871 0.0190583
lHand 1580.74 -0.0865528 0.0104921 0.996192 0.903492 -0.130095 -0.289346 -0.130095
rHand 1580.74 0.129217 0.458895 0.879044 -0.0868612 0.229713 -0.695158 0.229713
lFoot 1580.74 -0.140729 0.984827 0.101547 -0.636307 -0.561173 -0.024949 -0.561173
rFoot 1580.74 -0.569202 0.790917 0.224632 0.959229 0.134178 -0.206463 0.134178
head 1580.75 -0.206613 0.204962 0.956714 0.405794 -0.185595 0.728603 -0.185595
hip 1580.75 -0.119591 0.660506 0.741235 0.765445 0.0199164 0.493434 0.0199164
lHand 1580.75 -0.0856203 0.0112216 0.996265 0.902206 -0.130085 -0.291795 -0.130085
rHand 1580.75 0.127692 0.459979 0.8787 -0.0864154 0.230493 -0.694947 0.230493
lFoot 1580.75 -0.141028 0.984873 0.100678 -0.63608 -0.561371 -0.0257896 -0.561371
rFoot 1580.75 -0.568631 0.791337 0.224597 0.959697 0.131506 -0.206015 0.131506
head 1580.76 -0.206683 0.204944 0.956703 0.406047 -0.185054 0.728614 -0.185054
hip 1580.76 -0.119924 0.660516 0.741173 0.765587 0.020178 0.492952 0.020178
lHand 1580.76 -0.0850535 0.0120012 0.996304 0.900958 -0.130858 -0.293133 -0.130858
rHand 1580.76 0.12565 0.459519 0.879235 -0.0889547 0.231533 -0.69336 0.231533
lFoot 1580.76 -0.140569 0.984875 0.101298 -0.636377 -0.560945 -0.0263073 -0.560945
rFoot 1580.76 -0.569169 0.791043 0.224271 0.959534 0.132923 -0.205998 0.132923
head 1580.77 -0.20677 0.204933 0.956686 0.40613 -0.184624 0.728518 -0.184624
hip 1580.77 -0.12016 0.660646 0.741018 0.765019 0.0200424 0.49353 0.0200424
lHand 1580.77 -0.0845693 0.0126602 0.996337 0.899874 -0.131293 -0.294065 -0.131293
rHand 1580.77 0.124001 0.458728 0.879882 -0.0910879 0.232069 -0.692291 0.232069
lFoot 1580.77 -0.140412 0.984886 0.101415 -0.637391 -0.559428 -0.0267819 -0.559428
rFoot 1580.77 -0.569561 0.79082 0.224062 0.959351 0.134702 -0.20557 0.134702
head 1580.78 -0.206834 0.204901 0.956679 0.406104 -0.18416 0.728264 -0.18416
hip 1580.78 -0.120142 0.660663 0.741006 0.763807 0.0196798 0.49488 0.0196798
lHand 1580.78 -0.0847222 0.013214 0.996317 0.899364 -0.131667 -0.292985 -0.131667
rHand 1580.78 0.122982 0.45807 0.880368 -0.0915817 0.232358 -0.692371 0.232358
lFoot 1580.78 -0.140618 0.984897 0.10102 -0.638626 -0.557564 -0.0271739 -0.557564
rFoot 1580.78 -0.569741 0.790791 0.223705 0.959628 0.133442 -0.204957 0.133442
head 1580.79 -0.207009 0.20492 0.956637 0.406086 -0.183703 0.727903 -0.183703
hip 1580.79 -0.120233 0.660628 0.741023 0.763337 0.0194105 0.494994 0.0194105
lHand 1580.79 -0.0848222 0.0138436 0.9963 0.898832 -0.13146 -0.29263 -0.13146
rHand 1580.79 0.122324 0.458254 0.880364 -0.0906865 0.232488 -0.692764 0.232488
lFoot 1580.79 -0.14046 0.984907 0.101142 -0.638671 -0.557577 -0.0274581 -0.557577
rFoot 1580.79 -0.569936 0.790751 0.223352 0.959938 0.132257 -0.204101 0.132257
head 1580.8 -0.207111 0.204854 0.95663 0.406 -0.183451 0.727637 -0.183451
hip 1580.8 -0.120598 0.660754 0.740851 0.763624 0.019504 0.494266 0.019504
lHand 1580.8 -0.0853528 0.0140222 0.996252 0.898901 -0.131108 -0.29094 -0.131108
rHand 1580.8 0.12146 0.45772 0.880761 -0.0913186 0.232888 -0.692185 0.232888
lFoot 1580.8 -0.14038 0.98492 0.101129 -0.638469 -0.558029 -0.0276607 -0.558029
rFoot 1580.8 -0.570359 0.790613 0.222758 0.959964 0.132747 -0.203597 0.132747
head 1580.81 -0.20722 0.204848 0.956607 0.405843 -0.183138 0.727502 -0.183138
hip 1580.81 -0.120951 0.660679 0.74086 0.764053 0.0200665 0.493594 0.0200665
lHand 1580.81 -0.0855936 0.0143935 0.996226 0.898597 -0.130989 -0.29035 -0.130989
rHand 1580.81 0.119779 0.458321 0.880679 -0.0916649 0.233587 -0.691751 0.233587
lFoot 1580.81 -0.140581 0.984926 0.100789 -0.63844 -0.558021 -0.0279832 -0.558021
rFoot 1580.81 -0.570538 0.790552 0.222518 0.960164 0.132352 -0.202807 0.132352
head 1580.82 -0.207338 0.204836 0.956584 0.405791 -0.182902 0.727352 -0.182902
hip 1580.82 -0.121313 0.660602 0.74087 0.764434 0.0211053 0.49348 0.0211053
lHand 1580.82 -0.0860251 0.0147501 0.996184 0.898061 -0.132116 -0.289992 -0.132116
rHand 1580.82 0.119119 0.458446 0.880703 -0.0906658 0.234 -0.692079 0.234
lFoot 1580.82 -0.14019 0.98489 0.101677 -0.638751 -0.557624 -0.0282099 -0.557624
rFoot 1580.82 -0.570773 0.790462 0.222235 0.960332 0.131351 -0.202572 0.131351
head 1580.84 -0.207391 0.204848 0.95657 0.405641 -0.182895 0.727297 -0.182895
hip 1580.84 -0.121575 0.660617 0.740813 0.764772 0.0215946 0.493482 0.0215946
lHand 1580.84 -0.0862772 0.0149812 0.996159 0.897408 -0.134376 -0.290447 -0.134376
rHand 1580.84 0.118488 0.458358 0.880834 -0.0900594 0.234252 -0.692197 0.234252
lFoot 1580.84 -0.140084 0.984896 0.10177 -0.638899 -0.557198 -0.0286853 -0.557198
rFoot 1580.84 -0.571046 0.790386 0.221802 0.960394 0.131633 -0.201886 0.131633
head 1580.85 -0.20748 0.204894 0.956541 0.40548 -0.182934 0.727256 -0.182934
hip 1580.85 -0.121714 0.660592 0.740813 0.765167 0.0218263 0.492669 0.0218263
lHand 1580.85 -0.0866722 0.0150977 0.996122 0.897059 -0.136117 -0.290792 -0.136117
rHand 1580.85 0.117275 0.458837 0.880747 -0.090217 0.234519 -0.692151 0.234519
lFoot 1580.85 -0.140092 0.984902 0.101695 -0.639118 -0.55672 -0.0289018 -0.55672
rFoot 1580.85 -0.570686 0.790693 0.221632 0.960596 0.131443 -0.200865 0.131443
head 1580.86 -0.207467 0.204779 0.956568 0.405465 -0.183085 0.727199 -0.183085
hip 1580.86 -0.121686 0.660596 0.740814 0.765486 0.0214551 0.491613 0.0214551
lHand 1580.86 -0.0870594 0.0150675 0.996089 0.897073 -0.136954 -0.290513 -0.136954
rHand 1580.86 0.116578 0.458375 0.88108 -0.090486 0.234791 -0.691932 0.234791
lFoot 1580.86 -0.139779 0.984889 0.102255 -0.639284 -0.556296 -0.029022 -0.556296
rFoot 1580.86 -0.570212 0.791121 0.221329 0.960794 0.130908 -0.200062 0.130908
head 1580.87 -0.207515 0.204725 0.95657 0.405565 -0.183489 0.727076 -0.183489
hip 1580.87 -0.121607 0.660613 0.740812 0.765487 0.021032 0.490969 0.021032
lHand 1580.87 -0.0877986 0.0145531 0.996032 0.897841 -0.136839 -0.289038 -0.136839
rHand 1580.87 0.115701 0.456994 0.881912 -0.092126 0.234774 -0.691225 0.234774
lFoot 1580.87 -0.139738 0.984889 0.102303 -0.6392 -0.556448 -0.0288925 -0.556448
rFoot 1580.87 -0.569812 0.791378 0.221439 0.960908 0.130169 -0.199732 0.130169
head 1580.88 -0.207662 0.204628 0.956558 0.405787 -0.183722 0.726945 -0.183722
hip 1580.88 -0.121391 0.660638 0.740825 0.765339 0.0204182 0.490357 0.0204182
lHand 1580.88 -0.0888078 0.0138665 0.995952 0.899047 -0.134541 -0.286399 -0.134541
rHand 1580.88 0.11442 0.455629 0.882786 -0.0932816 0.234871 -0.690817 0.234871
lFoot 1580.88 -0.139941 0.984884 0.102077 -0.639129 -0.556639 -0.0288151 -0.556639
rFoot 1580.88 -0.569369 0.791744 0.22127 0.961073 0.129601 -0.199086 0.129601
head 1580.89 -0.207683 0.204438 0.956594 0.406078 -0.183896 0.726749 -0.183896
hip 1580.89 -0.121289 0.66065 0.740831 0.765169 0.0203057 0.490473 0.0203057
lHand 1580.89 -0.0900511 0.0130972 0.995851 0.900293 -0.131212 -0.283253 -0.131212
rHand 1580.89 0.113517 0.454914 0.883271 -0.0935568 0.235113 -0.691017 0.235113
lFoot 1580.89 -0.139752 0.984876 0.102418 -0.638819 -0.556879 -0.0288101 -0.556879
rFoot 1580.89 -0.568885 0.792056 0.221399 0.961308 0.128831 -0.198037 0.128831
head 1580.9 -0.207774 0.204305 0.956603 0.406447 -0.183991 0.726558 -0.183991
hip 1580.9 -0.121517 0.660569 0.740866 0.765506 0.0202474 0.48999 0.0202474
lHand 1580.9 -0.0910105 0.0122359 0.995775 0.901234 -0.128377 -0.281245 -0.128377
rHand 1580.9 0.112686 0.454772 0.88345 -0.0925147 0.235449 -0.692247 0.235449
lFoot 1580.9 -0.139688 0.984872 0.102545 -0.638496 -0.557084 -0.0286364 -0.557084
rFoot 1580.9 -0.56833 0.792457 0.221386 0.961389 0.12813 -0.197784 0.12813
head 1580.91 -0.207819 0.204045 0.956649 0.406818 -0.183812 0.726391 -0.183812
hip 1580.91 -0.121473 0.660537 0.740901 0.765897 0.0200846 0.489362 0.0200846
lHand 1580.91 -0.0915474 0.0114129 0.995735 0.901718 -0.126886 -0.281126 -0.126886
rHand 1580.91 0.111379 0.4545 0.883756 -0.0926733 0.235357 -0.69267 0.235357
lFoot 1580.91 -0.139824 0.984861 0.102464 -0.638533 -0.556805 -0.0283983 -0.556805
rFoot 1580.91 -0.567985 0.792759 0.221192 0.961478 0.127703 -0.197243 0.127703
head 1580.93 -0.208012 0.203865 0.956645 0.4073 -0.183486 0.726174 -0.183486
hip 1580.93 -0.12115 0.660678 0.740829 0.765482 0.0200875 0.489598 0.0200875
lHand 1580.93 -0.0918391 0.0106819 0.995717 0.902031 -0.126121 -0.281697 -0.126121
rHand 1580.93 0.111022 0.45298 0.884581 -0.0940014 0.235037 -0.692443 0.235037
lFoot 1580.93 -0.139701 0.984846 0.102774 -0.638457 -0.556843 -0.0283169 -0.556843
rFoot 1580.93 -0.567201 0.793318 0.221202 0.961688 0.127033 -0.196464 0.127033
head 1580.94 -0.208193 0.203619 0.956658 0.407857 -0.183232 0.725923 -0.183232
hip 1580.94 -0.120919 0.660644 0.740897 0.765392 0.019695 0.490147 0.019695
lHand 1580.94 -0.0922813 0.00996921 0.995683 0.902167 -0.125509 -0.282703 -0.125509
rHand 1580.94 0.110745 0.452066 0.885083 -0.094299 0.234719 -0.692513 0.234719
lFoot 1580.94 -0.139636 0.984853 0.10279 -0.637831 -0.557801 -0.0285718 -0.557801
rFoot 1580.94 -0.566913 0.793711 0.220529 0.961867 0.125923 -0.196014 0.125923
head 1580.95 -0.208429 0.203467 0.956639 0.408514 -0.182806 0.725804 -0.182806
hip 1580.95 -0.120735 0.660599 0.740967 0.765362 0.0193438 0.490311 0.0193438
lHand 1580.95 -0.0924519 0.00939582 0.995673 0.901802 -0.125846 -0.285214 -0.125846
rHand 1580.95 0.110117 0.451969 0.885211 -0.0940263 0.234476 -0.692461 0.234476
lFoot 1580.95 -0.139689 0.984867 0.102584 -0.637258 -0.558866 -0.0287695 -0.558866
rFoot 1580.95 -0.566263 0.794166 0.220558 0.962062 0.125198 -0.195193 0.125198
head 1580.96 -0.208638 0.203197 0.956651 0.409329 -0.182455 0.725581 -0.182455
hip 1580.96 -0.120621 0.660578 0.741004 0.76577 0.0189682 0.490214 0.0189682
lHand 1580.96 -0.0927917 0.00884376 0.995646 0.90148 -0.126143 -0.286485 -0.126143
rHand 1580.96 0.110064 0.45187 0.885268 -0.0939014 0.234342 -0.692356 0.234342
lFoot 1580.96 -0.139615 0.98487 0.102656 -0.636895 -0.559774 -0.0285848 -0.559774
rFoot 1580.96 -0.565956 0.794265 0.220992 0.962063 0.125171 -0.195006 0.125171
head 1580.97 -0.208815 0.203153 0.956622 0.410073 -0.181961 0.725429 -0.181961
hip 1580.97 -0.120449 0.66046 0.741138 0.766074 0.0188363 0.48983 0.0188363
lHand 1580.97 -0.0931233 0.00848925 0.995618 0.901186 -0.126281 -0.28763 -0.126281
rHand 1580.97 0.11056 0.451206 0.885545 -0.0936933 0.234078 -0.692228 0.234078
lFoot 1580.97 -0.139573 0.984877 0.102646 -0.63649 -0.560823 -0.0282248 -0.560823
rFoot 1580.97 -0.565512 0.794571 0.221027 0.962163 0.124283 -0.194739 0.124283
head 1580.98 -0.208921 0.203015 0.956628 0.410821 -0.181445 0.725274 -0.181445
hip 1580.98 -0.120246 0.66047 0.741162 0.766333 0.0184872 0.489304 0.0184872
lHand 1580.98 -0.0935193 0.00801486 0.995585 0.900779 -0.126756 -0.288648 -0.126756
rHand 1580.98 0.111522 0.451324 0.885364 -0.0931787 0.233714 -0.692171 0.233714
lFoot 1580.98 -0.139531 0.984903 0.10246 -0.636226 -0.561403 -0.0283442 -0.561403
rFoot 1580.98 -0.565359 0.794636 0.221186 0.962134 0.124113 -0.194718 0.124113
head 1580.99 -0.209094 0.202845 0.956626 0.411499 -0.181083 0.725009 -0.181083
hip 1580.99 -0.120015 0.660473 0.741197 0.766505 0.0178625 0.488803 0.0178625
lHand 1580.99 -0.0937806 0.0074269 0.995565 0.900483 -0.1272 -0.28931 -0.1272
rHand 1580.99 0.112296 0.450349 0.885763 -0.0926578 0.233298 -0.692229 0.233298
lFoot 1580.99 -0.13932 0.98489 0.102871 -0.636077 -0.561349 -0.0287526 -0.561349
rFoot 1580.99 -0.565092 0.794816 0.22122 0.96213 0.124188 -0.194476 0.124188
head 1581 -0.209308 0.202692 0.956612 0.412101 -0.181019 0.72474 -0.181019
hip 1581 -0.119808 0.660504 0.741202 0.766735 0.0172679 0.488264 0.0172679
lHand 1581 -0.0942944 0.00695074 0.99552 0.90019 -0.12882 -0.289233 -0.12882
rHand 1581 0.113212 0.450186 0.885729 -0.0910943 0.232916 -0.693092 0.232916
lFoot 1581 -0.139231 0.984883 0.103055 -0.636728 -0.560125 -0.0287358 -0.560125
rFoot 1581 -0.565245 0.7947 0.221247 0.962165 0.123559 -0.194519 0.123559
head 1581.01 -0.209562 0.202595 0.956577 0.412625 -0.18121 0.724396 -0.18121
hip 1581.01 -0.119721 0.660523 0.741199 0.766843 0.0170431 0.488103 0.0170431
lHand 1581.01 -0.0947903 0.006496 0.995476 0.900136 -0.12995 -0.289028 -0.12995
rHand 1581.01 0.113193 0.450719 0.88546 -0.0898863 0.232306 -0.693762 0.232306
lFoot 1581.01 -0.139482 0.98487 0.102837 -0.636985 -0.560064 -0.0283057 -0.560064
rFoot 1581.01 -0.565054 0.794807 0.221348 0.962193 0.123269 -0.194338 0.123269
head 1581.03 -0.209718 0.202518 0.956559 0.413108 -0.181831 0.724043 -0.181831
hip 1581.03 -0.11973 0.660545 0.741178 0.766988 0.0170617 0.488151 0.0170617
lHand 1581.03 -0.0955771 0.00605055 0.995404 0.900543 -0.131056 -0.287866 -0.131056
rHand 1581.03 0.114307 0.450314 0.885523 -0.0887815 0.231414 -0.694377 0.231414
lFoot 1581.03 -0.139122 0.984854 0.103475 -0.636587 -0.560632 -0.0283861 -0.560632
rFoot 1581.03 -0.565248 0.794697 0.221249 0.962139 0.123281 -0.194522 0.123281
head 1581.04 -0.209872 0.202507 0.956528 0.413437 -0.182644 0.723749 -0.182644
hip 1581.04 -0.119825 0.6606 0.741114 0.766994 0.0169587 0.488355 0.0169587
lHand 1581.04 -0.0963736 0.0053569 0.995331 0.901388 -0.131605 -0.286022 -0.131605
rHand 1581.04 0.1159 0.44999 0.885481 -0.087517 0.230362 -0.694912 0.230362
lFoot 1581.04 -0.13905 0.984873 0.103395 -0.636905 -0.559831 -0.0292674 -0.559831
rFoot 1581.04 -0.565205 0.794704 0.221333 0.962145 0.123036 -0.194583 0.123036
head 1581.05 -0.20999 0.202519 0.956499 0.413636 -0.183793 0.723471 -0.183793
hip 1581.05 -0.119814 0.660637 0.741082 0.766768 0.0168561 0.488934 0.0168561
lHand 1581.05 -0.0970225 0.00471332 0.995271 0.901984 -0.132291 -0.284866 -0.132291
rHand 1581.05 0.116675 0.450552 0.885093 -0.086082 0.229694 -0.69558 0.229694
lFoot 1581.05 -0.138962 0.984866 0.103577 -0.637526 -0.558718 -0.0293349 -0.558718
rFoot 1581.05 -0.565301 0.794614 0.221412 0.962123 0.122701 -0.194813 0.122701
head 1581.06 -0.210102 0.202573 0.956463 0.41379 -0.185053 0.723251 -0.185053
hip 1581.06 -0.119751 0.660671 0.741063 0.766641 0.0165238 0.489265 0.0165238
lHand 1581.06 -0.0977991 0.00412608 0.995198 0.902772 -0.133111 -0.283571 -0.133111
rHand 1581.06 0.117502 0.451079 0.884715 -0.0852758 0.22938 -0.695733 0.22938
lFoot 1581.06 -0.13854 0.984837 0.104414 -0.637992 -0.558262 -0.0292243 -0.558262
rFoot 1581.06 -0.565309 0.794662 0.221219 0.962108 0.122825 -0.194901 0.122825
head 1581.07 -0.210246 0.202511 0.956444 0.413828 -0.186326 0.723111 -0.186326
hip 1581.07 -0.119778 0.660721 0.741014 0.766397 0.0162495 0.489756 0.0162495
lHand 1581.07 -0.0984815 0.00315503 0.995134 0.903652 -0.133711 -0.282556 -0.133711
rHand 1581.07 0.118615 0.450694 0.884763 -0.0857891 0.228695 -0.695076 0.228695
lFoot 1581.07 -0.138429 0.98485 0.104437 -0.637563 -0.559043 -0.0294254 -0.559043
rFoot 1581.07 -0.5654 0.794584 0.221268 0.962094 0.12263 -0.195027 0.12263
head 1581.08 -0.210405 0.20251 0.95641 0.413723 -0.187608 0.723008 -0.187608
hip 1581.08 -0.119774 0.660715 0.741019 0.766281 0.016101 0.490133 0.016101
lHand 1581.08 -0.099007 0.00231603 0.995084 0.904587 -0.134517 -0.281692 -0.134517
rHand 1581.08 0.118721 0.450842 0.884673 -0.0861812 0.22821 -0.694637 0.22821
lFoot 1581.08 -0.13854 0.984863 0.104168 -0.637363 -0.559597 -0.0296372 -0.559597
rFoot 1581.08 -0.565422 0.794572 0.221254 0.962081 0.122638 -0.195127 0.122638
head 1581.09 -0.210486 0.202564 0.95638 0.413664 -0.188869 0.722883 -0.188869
hip 1581.09 -0.119802 0.660708 0.741022 0.76637 0.0160275 0.490254 0.0160275
lHand 1581.09 -0.09975 0.00165441 0.995011 0.905389 -0.135331 -0.280623 -0.135331
rHand 1581.09 0.118967 0.451235 0.88444 -0.0872062 0.228391 -0.694069 0.228391
lFoot 1581.09 -0.138187 0.98485 0.104759 -0.637494 -0.559498 -0.0295819 -0.559498
rFoot 1581.09 -0.565423 0.794583 0.221212 0.96206 0.12264 -0.195193 0.12264
head 1581.1 -0.210548 0.202581 0.956363 0.413535 -0.189934 0.722851 -0.189934
hip 1581.1 -0.119891 0.660698 0.741016 0.766705 0.0160634 0.490094 0.0160634
lHand 1581.1 -0.100481 0.000652997 0.994939 0.906929 -0.135008 -0.278527 -0.135008
rHand 1581.1 0.119342 0.451418 0.884296 -0.0878943 0.228686 -0.693402 0.228686
lFoot 1581.1 -0.138094 0.984856 0.10483 -0.637733 -0.559429 -0.0294701 -0.559429
rFoot 1581.1 -0.565748 0.794295 0.221415 0.961944 0.122506 -0.195902 0.122506
head 1581.12 -0.210763 0.202523 0.956328 0.413477 -0.19093 0.722823 -0.19093
hip 1581.12 -0.11995 0.660702 0.741003 0.766905 0.0161988 0.490123 0.0161988
lHand 1581.12 -0.101228 -0.000323166 0.994863 0.908329 -0.134106 -0.276241 -0.134106
rHand 1581.12 0.119578 0.452197 0.883866 -0.0882428 0.228978 -0.692625 0.228978
lFoot 1581.12 -0.138278 0.98486 0.104545 -0.637611 -0.559715 -0.0295236 -0.559715
rFoot 1581.12 -0.56573 0.794295 0.22146 0.961908 0.122462 -0.196095 0.122462
head 1581.13 -0.210819 0.202401 0.956342 0.413456 -0.191841 0.722836 -0.191841
hip 1581.13 -0.120103 0.660772 0.740916 0.766867 0.0162789 0.490448 0.0162789
lHand 1581.13 -0.101987 -0.00116011 0.994785 0.909503 -0.133814 -0.2743 -0.133814
rHand 1581.13 0.120252 0.452448 0.883646 -0.0883606 0.229183 -0.692371 0.229183
lFoot 1581.13 -0.13789 0.984845 0.105203 -0.63756 -0.559932 -0.0293283 -0.559932
rFoot 1581.13 -0.566084 0.793987 0.221662 0.961876 0.122075 -0.196404 0.122075
head 1581.14 -0.210912 0.202356 0.95633 0.413397 -0.19272 0.722844 -0.19272
hip 1581.14 -0.119943 0.660621 0.741076 0.766661 0.016116 0.490883 0.016116
lHand 1581.14 -0.102628 -0.00204118 0.994718 0.910585 -0.133387 -0.272623 -0.133387
rHand 1581.14 0.120739 0.452158 0.883728 -0.0894141 0.229093 -0.691451 0.229093
lFoot 1581.14 -0.137779 0.984846 0.105332 -0.637762 -0.559664 -0.0293339 -0.559664
rFoot 1581.14 -0.565952 0.794025 0.221861 0.961795 0.121963 -0.196885 0.121963
head 1581.15 -0.210927 0.202261 0.956347 0.413291 -0.193459 0.722864 -0.193459
hip 1581.15 -0.119815 0.660647 0.741074 0.766317 0.015876 0.491372 0.015876
lHand 1581.15 -0.103159 -0.00295108 0.99466 0.911449 -0.132697 -0.271203 -0.132697
rHand 1581.15 0.120918 0.451787 0.883893 -0.0905946 0.228597 -0.690342 0.228597
lFoot 1581.15 -0.137849 0.984852 0.105181 -0.63798 -0.559253 -0.0294303 -0.559253
rFoot 1581.15 -0.565902 0.794042 0.221931 0.961776 0.122125 -0.196956 0.122125
head 1581.16 -0.211024 0.202275 0.956323 0.413181 -0.19405 0.722928 -0.19405
hip 1581.16 -0.119684 0.660642 0.741099 0.766134 0.015443 0.491643 0.015443
lHand 1581.16 -0.103515 -0.00374415 0.994621 0.911987 -0.132669 -0.270453 -0.132669
rHand 1581.16 0.121793 0.451707 0.883814 -0.0907113 0.228025 -0.690169 0.228025
lFoot 1581.16 -0.137497 0.984841 0.10575 -0.637888 -0.559482 -0.0294333 -0.559482
rFoot 1581.16 -0.565755 0.794124 0.222011 0.961776 0.121606 -0.197346 0.121606
head 1581.17 -0.211092 0.202169 0.95633 0.413184 -0.194585 0.722978 -0.194585
hip 1581.17 -0.119364 0.660679 0.741118 0.76609 0.0151086 0.491678 0.0151086
lHand 1581.17 -0.103895 -0.00448221 0.994578 0.912435 -0.133003 -0.269988 -0.133003
rHand 1581.17 0.122782 0.452447 0.883299 -0.089232 0.22799 -0.690761 0.22799
lFoot 1581.17 -0.137403 0.984847 0.105812 -0.637595 -0.560128 -0.029271 -0.560128
rFoot 1581.17 -0.565909 0.793996 0.222076 0.961748 0.121624 -0.197491 0.121624
head 1581.18 -0.21114 0.202134 0.956327 0.41331 -0.194996 0.723061 -0.194996
hip 1581.18 -0.119342 0.660646 0.741151 0.766313 0.014812 0.491587 0.014812
lHand 1581.18 -0.103966 -0.00496347 0.994569 0.912559 -0.134384 -0.270911 -0.134384
rHand 1581.18 0.123862 0.453307 0.882707 -0.0877645 0.228153 -0.690809 0.228153
lFoot 1581.18 -0.137629 0.984841 0.10558 -0.637616 -0.560022 -0.0293288 -0.560022
rFoot 1581.18 -0.565794 0.794037 0.222219 0.961663 0.12209 -0.197647 0.12209
head 1581.19 -0.211152 0.201975 0.956358 0.413478 -0.195346 0.723085 -0.195346
hip 1581.19 -0.119365 0.660616 0.741174 0.766579 0.0148246 0.491522 0.0148246
lHand 1581.19 -0.104088 -0.00578566 0.994551 0.913141 -0.134477 -0.270618 -0.134477
rHand 1581.19 0.124761 0.45416 0.882141 -0.0868743 0.227942 -0.69041 0.227942
lFoot 1581.19 -0.137364 0.984807 0.106235 -0.637771 -0.559918 -0.029152 -0.559918
rFoot 1581.19 -0.565865 0.793957 0.222326 0.961649 0.121755 -0.197909 0.121755
head 1581.2 -0.211138 0.201973 0.956362 0.413769 -0.195578 0.72299 -0.195578
hip 1581.2 -0.119316 0.660509 0.741277 0.766974 0.0149732 0.491439 0.0149732
lHand 1581.2 -0.104349 -0.00651307 0.994519 0.913768 -0.133799 -0.26993 -0.133799
rHand 1581.2 0.125701 0.454155 0.88201 -0.0866259 0.227875 -0.68987 0.227875
lFoot 1581.2 -0.137318 0.984806 0.106307 -0.637554 -0.560418 -0.0289128 -0.560418
rFoot 1581.2 -0.565814 0.794059 0.222095 0.961608 0.121717 -0.198064 0.121717
head 1581.22 -0.21105 0.201756 0.956427 0.414167 -0.195827 0.722953 -0.195827
hip 1581.22 -0.119331 0.660507 0.741277 0.767311 0.0149891 0.491383 0.0149891
lHand 1581.22 -0.104581 -0.00718267 0.99449 0.914109 -0.133323 -0.269646 -0.133323
rHand 1581.22 0.127824 0.452336 0.88264 -0.0879866 0.22756 -0.68845 0.22756
lFoot 1581.22 -0.137165 0.984815 0.106421 -0.63696 -0.561028 -0.0289361 -0.561028
rFoot 1581.22 -0.565815 0.794001 0.222297 0.96153 0.12163 -0.198436 0.12163
head 1581.23 -0.211139 0.20171 0.956417 0.414703 -0.195811 0.722914 -0.195811
hip 1581.23 -0.119335 0.660615 0.741179 0.767578 0.0149928 0.491191 0.0149928
lHand 1581.23 -0.104625 -0.00782193 0.994481 0.914346 -0.133593 -0.269813 -0.133593
rHand 1581.23 0.128361 0.45166 0.882908 -0.0882631 0.227001 -0.68847 0.227001
lFoot 1581.23 -0.137085 0.984811 0.106558 -0.636915 -0.561018 -0.0287712 -0.561018
rFoot 1581.23 -0.565511 0.794185 0.22241 0.961547 0.121195 -0.198444 0.121195
head 1581.24 -0.211225 0.201525 0.956437 0.415465 -0.195777 0.722821 -0.195777
hip 1581.24 -0.119202 0.660604 0.741211 0.767767 0.0147059 0.49085 0.0147059
lHand 1581.24 -0.104527 -0.0084923 0.994486 0.914098 -0.134504 -0.271321 -0.134504
rHand 1581.24 0.129025 0.451446 0.882921 -0.087477 0.226537 -0.689122 0.226537
lFoot 1581.24 -0.13701 0.984809 0.106677 -0.636786 -0.56128 -0.0284537 -0.56128
rFoot 1581.24 -0.5657 0.793995 0.22261 0.961484 0.121049 -0.198762 0.121049
head 1581.25 -0.211243 0.20137 0.956466 0.416158 -0.195814 0.722848 -0.195814
hip 1581.25 -0.119039 0.660668 0.74118 0.767712 0.0142751 0.490695 0.0142751
lHand 1581.25 -0.104498 -0.00902851 0.994484 0.914133 -0.135381 -0.272123 -0.135381
rHand 1581.25 0.129814 0.451115 0.882974 -0.0856866 0.225947 -0.689971 0.225947
lFoot 1581.25 -0.137319 0.9848 0.106365 -0.636589 -0.56167 -0.0281107 -0.56167
rFoot 1581.25 -0.565475 0.794039 0.223025 0.961466 0.120971 -0.19886 0.120971
head 1581.26 -0.211266 0.201084 0.956521 0.416905 -0.195685 0.722822 -0.195685
hip 1581.26 -0.118882 0.660723 0.741156 0.767514 0.0138871 0.490806 0.0138871
lHand 1581.26 -0.10438 -0.00970079 0.99449 0.914424 -0.13631 -0.272436 -0.13631
rHand 1581.26 0.130744 0.450965 0.882914 -0.0845234 0.225684 -0.690053 0.225684
lFoot 1581.26 -0.137243 0.984769 0.106748 -0.636308 -0.562127 -0.0280615 -0.562127
rFoot 1581.26 -0.565239 0.794136 0.223276 0.961528 0.120475 -0.198717 0.120475
head 1581.27 -0.211317 0.200968 0.956534 0.417586 -0.195569 0.72279 -0.195569
hip 1581.27 -0.118686 0.660662 0.741242 0.767077 0.0133929 0.491296 0.0133929
lHand 1581.27 -0.10453 -0.0104142 0.994467 0.915105 -0.135963 -0.271582 -0.135963
rHand 1581.27 0.131596 0.450639 0.882954 -0.083444 0.225452 -0.689841 0.225452
lFoot 1581.27 -0.137189 0.984767 0.106833 -0.63589 -0.562854 -0.0278769 -0.562854
rFoot 1581.27 -0.564874 0.794358 0.223412 0.96148 0.120252 -0.198932 0.120252
head 1581.28 -0.211449 0.200822 0.956536 0.418243 -0.195424 0.722584 -0.195424
hip 1581.28 -0.118527 0.660679 0.741252 0.766809 0.0131457 0.49167 0.0131457
lHand 1581.28 -0.104818 -0.011006 0.99443 0.915772 -0.135607 -0.270759 -0.135607
rHand 1581.28 0.132099 0.449748 0.883333 -0.0830799 0.225081 -0.689537 0.225081
lFoot 1581.28 -0.137283 0.984763 0.106745 -0.635539 -0.563709 -0.027587 -0.563709
rFoot 1581.28 -0.564836 0.794307 0.223688 0.961428 0.120391 -0.198936 0.120391
head 1581.29 -0.211492 0.200671 0.956558 0.418948 -0.195347 0.722301 -0.195347
hip 1581.29 -0.118477 0.660677 0.741262 0.767014 0.0131343 0.491573 0.0131343
lHand 1581.29 -0.104972 -0.0117502 0.994406 0.916599 -0.134504 -0.269672 -0.134504
rHand 1581.29 0.13237 0.449122 0.883611 -0.0823156 0.224739 -0.689842 0.224739
lFoot 1581.29 -0.137228 0.984764 0.106812 -0.635148 -0.564502 -0.0274632 -0.564502
rFoot 1581.29 -0.564915 0.79432 0.223445 0.961472 0.120449 -0.198618 0.120449
head 1581.31 -0.211577 0.200512 0.956572 0.41989 -0.195258 0.721994 -0.195258
hip 1581.31 -0.118458 0.66062 0.741316 0.76746 0.0130612 0.491066 0.0130612
lHand 1581.31 -0.105043 -0.0126035 0.994388 0.917278 -0.133286 -0.269255 -0.133286
rHand 1581.31 0.132535 0.448489 0.883907 -0.0813073 0.224308 -0.690406 0.224308
lFoot 1581.31 -0.137152 0.984769 0.106863 -0.63449 -0.565615 -0.0273637 -0.565615
rFoot 1581.31 -0.564919 0.794324 0.223417 0.961515 0.120222 -0.198489 0.120222
head 1581.32 -0.211749 0.200412 0.956555 0.420891 -0.195192 0.721715 -0.195192
hip 1581.32 -0.118387 0.660596 0.741348 0.768035 0.0127056 0.49008 0.0127056
lHand 1581.32 -0.104959 -0.0132981 0.994388 0.917642 -0.132186 -0.269671 -0.132186
rHand 1581.32 0.132092 0.448226 0.884107 -0.0802766 0.223343 -0.691256 0.223343
lFoot 1581.32 -0.137301 0.984748 0.106859 -0.633998 -0.5666 -0.0269368 -0.5666
rFoot 1581.32 -0.564924 0.794307 0.223467 0.961487 0.120473 -0.198378 0.120473
head 1581.33 -0.211842 0.200193 0.95658 0.421918 -0.195112 0.721552 -0.195112
hip 1581.33 -0.118474 0.660607 0.741325 0.768431 0.0122867 0.489284 0.0122867
lHand 1581.33 -0.104972 -0.0138512 0.994379 0.917803 -0.131735 -0.270129 -0.131735
rHand 1581.33 0.132012 0.447598 0.884437 -0.0789731 0.222856 -0.692495 0.222856
lFoot 1581.33 -0.137183 0.984746 0.107033 -0.633865 -0.566667 -0.0268803 -0.566667
rFoot 1581.33 -0.565293 0.794018 0.223562 0.961565 0.120083 -0.198143 0.120083
head 1581.34 -0.211875 0.200088 0.956595 0.422892 -0.195204 0.721237 -0.195204
hip 1581.34 -0.118357 0.660456 0.741478 0.768484 0.0120499 0.489001 0.0120499
lHand 1581.34 -0.104688 -0.014266 0.994403 0.917572 -0.132119 -0.27135 -0.132119
rHand 1581.34 0.131959 0.447357 0.884567 -0.0772811 0.222964 -0.693816 0.222964
lFoot 1581.34 -0.136992 0.984746 0.107278 -0.634064 -0.565806 -0.0272322 -0.565806
rFoot 1581.34 -0.565092 0.794168 0.223537 0.961594 0.120051 -0.198042 0.120051
head 1581.35 -0.211921 0.199903 0.956623 0.423899 -0.19517 0.720848 -0.19517
hip 1581.35 -0.11831 0.660432 0.741507 0.768397 0.0119928 0.489414 0.0119928
lHand 1581.35 -0.104343 -0.0148002 0.994431 0.917444 -0.132035 -0.272593 -0.132035
rHand 1581.35 0.130997 0.448404 0.884179 -0.0751756 0.222849 -0.695193 0.222849
lFoot 1581.35 -0.136782 0.984733 0.107662 -0.63474 -0.564261 -0.0273933 -0.564261
rFoot 1581.35 -0.565282 0.79412 0.223228 0.961568 0.120261 -0.197927 0.120261
head 1581.36 -0.212035 0.199882 0.956603 0.425036 -0.195221 0.720388 -0.195221
hip 1581.36 -0.11829 0.660408 0.741531 0.768337 0.0121239 0.489837 0.0121239
lHand 1581.36 -0.104177 -0.0151749 0.994443 0.917297 -0.131614 -0.273406 -0.131614
rHand 1581.36 0.130934 0.447938 0.884425 -0.0739809 0.222577 -0.695969 0.222577
lFoot 1581.36 -0.136736 0.984705 0.107978 -0.635803 -0.562414 -0.0270828 -0.562414
rFoot 1581.36 -0.564939 0.794444 0.222939 0.961623 0.120335 -0.197582 0.120335
head 1581.37 -0.212053 0.199751 0.956626 0.426247 -0.195645 0.71991 -0.195645
hip 1581.37 -0.118086 0.660478 0.741501 0.768735 0.0122883 0.489419 0.0122883
lHand 1581.37 -0.103913 -0.0155394 0.994465 0.916884 -0.131702 -0.274533 -0.131702
rHand 1581.37 0.13037 0.44711 0.884927 -0.0739017 0.222355 -0.696422 0.222355
lFoot 1581.37 -0.137212 0.984701 0.107408 -0.635561 -0.562878 -0.0270011 -0.562878
rFoot 1581.37 -0.56533 0.794188 0.222862 0.961622 0.120228 -0.197572 0.120228
head 1581.38 -0.212041 0.199678 0.956644 0.427525 -0.19623 0.719357 -0.19623
hip 1581.38 -0.118083 0.660463 0.741515 0.769283 0.0122125 0.488526 0.0122125
lHand 1581.38 -0.103499 -0.0158078 0.994504 0.916327 -0.132477 -0.276118 -0.132477
rHand 1581.38 0.127798 0.449154 0.884267 -0.0733788 0.222241 -0.697196 0.222241
lFoot 1581.38 -0.136706 0.984691 0.108146 -0.634855 -0.563601 -0.0276933 -0.563601
rFoot 1581.38 -0.565286 0.794229 0.222827 0.961676 0.120459 -0.197319 0.120459
head 1581.39 -0.212071 0.199573 0.956659 0.428844 -0.196704 0.718856 -0.196704
hip 1581.39 -0.117986 0.660455 0.741538 0.769258 0.0119799 0.488374 0.0119799
lHand 1581.39 -0.103178 -0.0161307 0.994532 0.915988 -0.132996 -0.277496 -0.132996
rHand 1581.39 0.127314 0.448833 0.8845 -0.0727131 0.222111 -0.697821 0.222111
lFoot 1581.39 -0.136519 0.984696 0.108338 -0.63506 -0.563013 -0.0281567 -0.563013
rFoot 1581.39 -0.56535 0.794266 0.222534 0.961682 0.120735 -0.197183 0.120735
head 1581.41 -0.212063 0.199471 0.956682 0.430268 -0.196978 0.718275 -0.196978
hip 1581.41 -0.117829 0.660398 0.741614 0.769402 0.0116142 0.487887 0.0116142
lHand 1581.41 -0.102931 -0.0164974 0.994552 0.915958 -0.133241 -0.278478 -0.133241
rHand 1581.41 0.126986 0.448647 0.884642 -0.0724873 0.221966 -0.698229 0.221966
lFoot 1581.41 -0.136697 0.984676 0.108287 -0.636503 -0.560228 -0.0284865 -0.560228
rFoot 1581.41 -0.565395 0.794284 0.222355 0.96174 0.120701 -0.196951 0.120701
head 1581.42 -0.212009 0.199371 0.956715 0.431663 -0.197075 0.717702 -0.197075
hip 1581.42 -0.117827 0.660378 0.741632 0.769829 0.0113577 0.487119 0.0113577
lHand 1581.42 -0.102789 -0.0169141 0.994559 0.916326 -0.13311 -0.278508 -0.13311
rHand 1581.42 0.125325 0.451054 0.883654 -0.0711187 0.222247 -0.699231 0.222247
lFoot 1581.42 -0.136369 0.984626 0.109153 -0.636989 -0.559141 -0.0283139 -0.559141
rFoot 1581.42 -0.565396 0.794338 0.222156 0.961781 0.120883 -0.196659 0.120883
head 1581.43 -0.211962 0.199305 0.956739 0.43301 -0.197012 0.717266 -0.197012
hip 1581.43 -0.117975 0.660413 0.741578 0.770426 0.0112993 0.486297 0.0112993
lHand 1581.43 -0.102711 -0.0173438 0.99456 0.916918 -0.132751 -0.277794 -0.132751
rHand 1581.43 0.124893 0.451312 0.883583 -0.0707494 0.222534 -0.699557 0.222534
lFoot 1581.43 -0.1363 0.984633 0.109176 -0.636202 -0.560532 -0.028026 -0.560532
rFoot 1581.43 -0.565474 0.794308 0.222069 0.961765 0.121076 -0.196576 0.121076
head 1581.44 -0.211923 0.199184 0.956773 0.434576 -0.196937 0.716882 -0.196937
hip 1581.44 -0.11806 0.66028 0.741682 0.770947 0.0115871 0.485795 0.0115871
lHand 1581.44 -0.102699 -0.0178558 0.994552 0.917478 -0.13242 -0.276917 -0.13242
rHand 1581.44 0.124576 0.450923 0.883827 -0.0713507 0.222352 -0.69934 0.222352
lFoot 1581.44 -0.136136 0.984644 0.109288 -0.635938 -0.560787 -0.0283045 -0.560787
rFoot 1581.44 -0.565706 0.79418 0.221933 0.961772 0.121179 -0.196475 0.121179
head 1581.45 -0.211743 0.199026 0.956846 0.436189 -0.196971 0.71653 -0.196971
hip 1581.45 -0.118173 0.660303 0.741644 0.771301 0.0117953 0.485584 0.0117953
lHand 1581.45 -0.10242 -0.0182049 0.994575 0.917819 -0.132365 -0.276584 -0.132365
rHand 1581.45 0.122577 0.453288 0.882896 -0.0718438 0.222321 -0.699016 0.222321
lFoot 1581.45 -0.136206 0.98464 0.109233 -0.636569 -0.559645 -0.0283825 -0.559645
rFoot 1581.45 -0.5658 0.794122 0.2219 0.961779 0.121185 -0.196363 0.121185
head 1581.46 -0.211567 0.198834 0.956924 0.437859 -0.197183 0.716116 -0.197183
hip 1581.46 -0.118185 0.660363 0.741588 0.771394 0.0118583 0.485577 0.0118583
lHand 1581.46 -0.102185 -0.0185526 0.994592 0.91804 -0.132191 -0.276394 -0.132191
rHand 1581.46 0.12249 0.453079 0.883015 -0.0720847 0.222173 -0.698505 0.222173
lFoot 1581.46 -0.136139 0.98463 0.109409 -0.637145 -0.558955 -0.0281 -0.558955
rFoot 1581.46 -0.565825 0.794081 0.221985 0.961854 0.121038 -0.196089 0.121038
head 1581.47 -0.211436 0.198588 0.957005 0.439574 -0.197234 0.715694 -0.197234
hip 1581.47 -0.11811 0.66033 0.74163 0.77132 0.0118596 0.485645 0.0118596
lHand 1581.47 -0.101956 -0.0189504 0.994608 0.918056 -0.131984 -0.276523 -0.131984
rHand 1581.47 0.120946 0.455258 0.882107 -0.0715401 0.222121 -0.698713 0.222121
lFoot 1581.47 -0.136026 0.984632 0.109533 -0.637003 -0.55907 -0.0282886 -0.55907
rFoot 1581.47 -0.56597 0.793957 0.22206 0.961894 0.120615 -0.196125 0.120615
head 1581.48 -0.21136 0.198406 0.957059 0.441186 -0.196984 0.71534 -0.196984
hip 1581.48 -0.117962 0.660394 0.741596 0.770938 0.0115488 0.48582 0.0115488
lHand 1581.48 -0.101655 -0.0192355 0.994634 0.917941 -0.131382 -0.277119 -0.131382
rHand 1581.48 0.120993 0.455159 0.882151 -0.0708201 0.222449 -0.699172 0.222449
lFoot 1581.48 -0.136088 0.984655 0.109243 -0.636412 -0.560024 -0.0284537 -0.560024
rFoot 1581.48 -0.565927 0.794005 0.221995 0.961927 0.120476 -0.195906 0.120476
head 1581.5 -0.211182 0.198108 0.95716 0.442717 -0.196433 0.715093 -0.196433
hip 1581.5 -0.117887 0.660424 0.741581 0.770841 0.0112819 0.48561 0.0112819
lHand 1581.5 -0.101288 -0.0194857 0.994666 0.917765 -0.130723 -0.277778 -0.130723
rHand 1581.5 0.120766 0.455072 0.882227 -0.0706544 0.2225 -0.699332 0.2225
lFoot 1581.5 -0.135985 0.984661 0.109324 -0.636244 -0.560475 -0.0283099 -0.560475
rFoot 1581.5 -0.565853 0.794033 0.222086 0.96191 0.120727 -0.195784 0.120727
head 1581.51 -0.210997 0.197862 0.957252 0.444246 -0.195579 0.714947 -0.195579
hip 1581.51 -0.117954 0.660413 0.74158 0.770784 0.0111238 0.485492 0.0111238
lHand 1581.51 -0.100736 -0.0195015 0.994722 0.917216 -0.130257 -0.279364 -0.130257
rHand 1581.51 0.119673 0.456642 0.881565 -0.0709423 0.222107 -0.699474 0.222107
lFoot 1581.51 -0.135877 0.98466 0.109464 -0.636341 -0.560323 -0.0282536 -0.560323
rFoot 1581.51 -0.565744 0.794069 0.222234 0.961917 0.120333 -0.195982 0.120333
head 1581.52 -0.21074 0.197546 0.957374 0.44595 -0.194652 0.714854 -0.194652
hip 1581.52 -0.118022 0.660395 0.741586 0.770803 0.0112345 0.485574 0.0112345
lHand 1581.52 -0.10006 -0.0197016 0.994786 0.91685 -0.130147 -0.28084 -0.130147
rHand 1581.52 0.120044 0.456427 0.881626 -0.0706287 0.221638 -0.69958 0.221638
lFoot 1581.52 -0.136063 0.984655 0.109277 -0.636537 -0.559779 -0.0282378 -0.559779
rFoot 1581.52 -0.565688 0.794091 0.2223 0.961947 0.120377 -0.195742 0.120377
head 1581.53 -0.210519 0.197175 0.957499 0.44765 -0.193781 0.71511 -0.193781
hip 1581.53 -0.118202 0.660444 0.741514 0.771007 0.0114333 0.485565 0.0114333
lHand 1581.53 -0.099517 -0.0198926 0.994837 0.916661 -0.129799 -0.282062 -0.129799
rHand 1581.53 0.120387 0.456741 0.881416 -0.0695962 0.22148 -0.699932 0.22148
lFoot 1581.53 -0.135987 0.984645 0.109465 -0.636459 -0.559705 -0.0279911 -0.559705
rFoot 1581.53 -0.565834 0.794048 0.222079 0.961918 0.120635 -0.19573 0.120635
head 1581.54 -0.210288 0.196934 0.957599 0.449043 -0.192949 0.715717 -0.192949
hip 1581.54 -0.118113 0.660344 0.741617 0.771057 0.0112546 0.485529 0.0112546
lHand 1581.54 -0.0991891 -0.0200421 0.994867 0.916747 -0.128493 -0.282284 -0.128493
rHand 1581.54 0.120364 0.456899 0.881337 -0.0692033 0.221577 -0.70002 0.221577
lFoot 1581.54 -0.13588 0.984642 0.109624 -0.636283 -0.559748 -0.0279691 -0.559748
rFoot 1581.54 -0.565716 0.79414 0.222054 0.961943 0.120659 -0.195498 0.120659
head 1581.55 -0.210009 0.196495 0.95775 0.449997 -0.1919 0.716892 -0.1919
hip 1581.55 -0.118002 0.660335 0.741642 0.770989 0.0110109 0.485536 0.0110109
lHand 1581.55 -0.0988679 -0.020225 0.994895 0.916728 -0.127439 -0.282587 -0.127439
rHand 1581.55 0.118718 0.459413 0.880253 -0.0693075 0.22186 -0.70003 0.22186
lFoot 1581.55 -0.136141 0.984636 0.10935 -0.636231 -0.559498 -0.0280572 -0.559498
rFoot 1581.55 -0.565892 0.794007 0.222082 0.96193 0.120456 -0.19572 0.120456
head 1581.56 -0.209718 0.196117 0.957892 0.450794 -0.19081 0.718132 -0.19081
hip 1581.56 -0.117965 0.660401 0.741589 0.770949 0.0109179 0.48558 0.0109179
lHand 1581.56 -0.0985703 -0.0202558 0.994924 0.916566 -0.126669 -0.283126 -0.126669
rHand 1581.56 0.118308 0.459334 0.88035 -0.0697191 0.221921 -0.699937 0.221921
lFoot 1581.56 -0.136075 0.984631 0.109482 -0.636211 -0.559531 -0.0278366 -0.559531
rFoot 1581.56 -0.565867 0.794096 0.221823 0.961985 0.12045 -0.195436 0.12045
head 1581.57 -0.209404 0.195627 0.958061 0.451423 -0.189449 0.719364 -0.189449
hip 1581.57 -0.117835 0.660365 0.741642 0.770886 0.010711 0.485577 0.010711
lHand 1581.57 -0.0982047 -0.0203782 0.994958 0.916239 -0.126399 -0.284414 -0.126399
rHand 1581.57 0.117777 0.45895 0.880621 -0.0708038 0.222065 -0.699453 0.222065
lFoot 1581.57 -0.135989 0.984632 0.109574 -0.635991 -0.559985 -0.0277079 -0.559985
rFoot 1581.57 -0.565987 0.793973 0.221957 0.961981 0.12038 -0.195488 0.12038
head 1581.58 -0.209067 0.195234 0.958214 0.452096 -0.188032 0.720445 -0.188032
hip 1581.58 -0.117797 0.660367 0.741646 0.771003 0.0106367 0.485176 0.0106367
lHand 1581.58 -0.0979604 -0.0203584 0.994982 0.915868 -0.125814 -0.28533 -0.125814
rHand 1581.58 0.115756 0.461315 0.879653 -0.0707566 0.222334 -0.699499 0.222334
lFoot 1581.58 -0.136382 0.984637 0.109041 -0.635639 -0.560482 -0.0277576 -0.560482
rFoot 1581.58 -0.56581 0.794075 0.222044 0.962053 0.119878 -0.195368 0.119878
head 1581.6 -0.208719 0.194808 0.958377 0.452791 -0.186553 0.721598 -0.186553
hip 1581.6 -0.117792 0.660436 0.741586 0.771248 0.0105988 0.484609 0.0105988
lHand 1581.6 -0.0976801 -0.0203005 0.995011 0.915482 -0.125535 -0.28606 -0.125535
rHand 1581.6 0.115317 0.461448 0.879641 -0.0705701 0.222586 -0.699575 0.222586
lFoot 1581.6 -0.136306 0.984628 0.109221 -0.635832 -0.560056 -0.0275795 -0.560056
rFoot 1581.6 -0.565797 0.794087 0.222034 0.961984 0.120261 -0.195383 0.120261
head 1581.61 -0.208318 0.194401 0.958547 0.453208 -0.185224 0.722833 -0.185224
hip 1581.61 -0.117693 0.660364 0.741665 0.771499 0.0105507 0.483994 0.0105507
lHand 1581.61 -0.0974631 -0.020213 0.995034 0.91501 -0.12608 -0.286793 -0.12608
rHand 1581.61 0.114922 0.461269 0.879786 -0.0706299 0.222494 -0.699969 0.222494
lFoot 1581.61 -0.136244 0.984617 0.109392 -0.636037 -0.559618 -0.0275153 -0.559618
rFoot 1581.61 -0.565782 0.794097 0.222037 0.961987 0.120322 -0.195258 0.120322
head 1581.62 -0.207954 0.193983 0.95871 0.453391 -0.183928 0.724235 -0.183928
hip 1581.62 -0.117637 0.660374 0.741666 0.771631 0.0106147 0.483791 0.0106147
lHand 1581.62 -0.0974377 -0.0200585 0.995039 0.914902 -0.126616 -0.286755 -0.126616
rHand 1581.62 0.113679 0.463063 0.879005 -0.0703752 0.222248 -0.700401 0.222248
lFoot 1581.62 -0.136545 0.984622 0.108972 -0.635926 -0.55977 -0.0274937 -0.55977
rFoot 1581.62 -0.56576 0.794113 0.222038 0.961975 0.120189 -0.195335 0.120189
head 1581.63 -0.207425 0.193659 0.958891 0.453337 -0.182411 0.725364 -0.182411
hip 1581.63 -0.117586 0.66042 0.741633 0.771576 0.010435 0.483886 0.010435
lHand 1581.63 -0.0976025 -0.0200274 0.995024 0.915212 -0.126157 -0.285483 -0.126157
rHand 1581.63 0.113819 0.462687 0.879185 -0.0704919 0.221673 -0.700532 0.221673
lFoot 1581.63 -0.136455 0.98463 0.10901 -0.635557 -0.560499 -0.027475 -0.560499
rFoot 1581.63 -0.565699 0.794181 0.221948 0.962029 0.119902 -0.195161 0.119902
head 1581.64 -0.206857 0.193335 0.959079 0.45344 -0.180368 0.726105 -0.180368
hip 1581.64 -0.117289 0.660325 0.741764 0.771298 0.00988865 0.484257 0.00988865
lHand 1581.64 -0.0978792 -0.0200025 0.994997 0.915525 -0.125102 -0.283997 -0.125102
rHand 1581.64 0.113735 0.462618 0.879232 -0.0706064 0.221529 -0.700587 0.221529
lFoot 1581.64 -0.136357 0.984629 0.109146 -0.635518 -0.560446 -0.0275165 -0.560446
rFoot 1581.64 -0.565862 0.79409 0.22186 0.961955 0.120251 -0.195317 0.120251
head 1581.65 -0.206215 0.192924 0.959299 0.45368 -0.177872 0.726484 -0.177872
hip 1581.65 -0.117137 0.660275 0.741832 0.771262 0.00923602 0.484487 0.00923602
lHand 1581.65 -0.0979666 -0.0199487 0.99499 0.915401 -0.124469 -0.283633 -0.124469
rHand 1581.65 0.113663 0.463548 0.878751 -0.0708616 0.221302 -0.700421 0.221302
lFoot 1581.65 -0.136669 0.984634 0.10871 -0.635726 -0.560041 -0.027528 -0.560041
rFoot 1581.65 -0.565737 0.794148 0.221973 0.961994 0.119917 -0.19517 0.119917
head 1581.66 -0.205625 0.192528 0.959506 0.454093 -0.174964 0.726679 -0.174964
hip 1581.66 -0.117085 0.660234 0.741878 0.771444 0.00890327 0.484428 0.00890327
lHand 1581.66 -0.0981573 -0.0197123 0.994976 0.91469 -0.124152 -0.28448 -0.124152
rHand 1581.66 0.113521 0.463714 0.878682 -0.0713171 0.221166 -0.700096 0.221166
lFoot 1581.66 -0.136623 0.984624 0.108853 -0.635748 -0.559995 -0.0272519 -0.559995
rFoot 1581.66 -0.565621 0.794187 0.222126 0.961997 0.119652 -0.195242 0.119652
head 1581.67 -0.20502 0.192054 0.95973 0.454648 -0.171849 0.726967 -0.171849
hip 1581.67 -0.117142 0.660149 0.741944 0.771829 0.00913632 0.484307 0.00913632
lHand 1581.67 -0.0981719 -0.0193971 0.99498 0.913474 -0.125041 -0.286666 -0.125041
rHand 1581.67 0.113667 0.463734 0.878653 -0.0718714 0.221107 -0.699648 0.221107
lFoot 1581.67 -0.136547 0.984623 0.108965 -0.635543 -0.560194 -0.0272407 -0.560194
rFoot 1581.67 -0.565771 0.79405 0.222232 0.961931 0.119576 -0.195506 0.119576
head 1581.69 -0.204453 0.191558 0.95995 0.455185 -0.168343 0.727453 -0.168343
hip 1581.69 -0.117206 0.660116 0.741964 0.771942 0.00939811 0.484654 0.00939811
lHand 1581.69 -0.0980816 -0.018977 0.994997 0.912118 -0.127462 -0.289227 -0.127462
rHand 1581.69 0.114072 0.464134 0.878389 -0.0723201 0.220837 -0.699349 0.220837
lFoot 1581.69 -0.136832 0.984631 0.108526 -0.635435 -0.560457 -0.0271297 -0.560457
rFoot 1581.69 -0.565808 0.793998 0.222325 0.96191 0.119629 -0.195601 0.119629
head 1581.7 -0.203888 0.191071 0.960168 0.455662 -0.165023 0.728113 -0.165023
hip 1581.7 -0.117225 0.660155 0.741925 0.77187 0.00957207 0.484954 0.00957207
lHand 1581.7 -0.0981693 -0.0186788 0.994994 0.911185 -0.12966 -0.29055 -0.12966
rHand 1581.7 0.114498 0.463926 0.878443 -0.073047 0.220218 -0.698967 0.220218
lFoot 1581.7 -0.136767 0.984626 0.108658 -0.635457 -0.560376 -0.0270133 -0.560376
rFoot 1581.7 -0.565852 0.793949 0.222389 0.961899 0.119564 -0.195667 0.119564
head 1581.71 -0.20334 0.190697 0.960358 0.456105 -0.161904 0.728883 -0.161904
hip 1581.71 -0.116925 0.660045 0.742071 0.771535 0.00919275 0.485012 0.00919275
lHand 1581.71 -0.0986408 -0.01841 0.994953 0.910666 -0.132133 -0.290482 -0.132133
rHand 1581.71 0.114911 0.464119 0.878288 -0.0733405 0.219917 -0.698629 0.219917
lFoot 1581.71 -0.13668 0.984627 0.108757 -0.635401 -0.56041 -0.0270124 -0.56041
rFoot 1581.71 -0.565939 0.793877 0.222423 0.961843 0.119364 -0.195985 0.119364
head 1581.72 -0.202833 0.190268 0.96055 0.456477 -0.159344 0.729854 -0.159344
hip 1581.72 -0.116665 0.660013 0.74214 0.771376 0.00855089 0.485384 0.00855089
lHand 1581.72 -0.099443 -0.0182124 0.994877 0.910596 -0.13427 -0.288963 -0.13427
rHand 1581.72 0.114828 0.465037 0.877813 -0.0735915 0.219792 -0.698165 0.219792
lFoot 1581.72 -0.136899 0.984627 0.108484 -0.635558 -0.560184 -0.026968 -0.560184
rFoot 1581.72 -0.566126 0.793751 0.222398 0.961727 0.119947 -0.196182 0.119947
head 1581.73 -0.202238 0.189917 0.960745 0.456605 -0.157824 0.730993 -0.157824
hip 1581.73 -0.116858 0.660016 0.742107 0.771531 0.00871503 0.485746 0.00871503
lHand 1581.73 -0.100147 -0.018103 0.994808 0.910702 -0.137198 -0.286975 -0.137198
rHand 1581.73 0.114941 0.465815 0.877385 -0.0735954 0.220229 -0.697429 0.220229
lFoot 1581.73 -0.136803 0.984619 0.108672 -0.635938 -0.559339 -0.0271165 -0.559339
rFoot 1581.73 -0.566165 0.793738 0.222344 0.961751 0.11964 -0.196235 0.11964
head 1581.74 -0.201688 0.189677 0.960908 0.456564 -0.15689 0.732209 -0.15689
hip 1581.74 -0.116752 0.659863 0.74226 0.77201 0.00903134 0.485424 0.00903134
lHand 1581.74 -0.100832 -0.0181521 0.994738 0.911037 -0.140327 -0.285083 -0.140327
rHand 1581.74 0.115084 0.466447 0.877031 -0.0734314 0.220438 -0.697043 0.220438
lFoot 1581.74 -0.136725 0.984621 0.10876 -0.636012 -0.559247 -0.0272063 -0.559247
rFoot 1581.74 -0.566663 0.793422 0.222202 0.961776 0.119432 -0.196271 0.119432
head 1581.75 -0.201117 0.189463 0.96107 0.456201 -0.157109 0.733438 -0.157109
hip 1581.75 -0.116704 0.659844 0.742284 0.772878 0.00944462 0.48419 0.00944462
lHand 1581.75 -0.10154 -0.0182731 0.994664 0.911643 -0.143014 -0.282843 -0.143014
rHand 1581.75 0.115405 0.467684 0.876329 -0.0729761 0.220818 -0.696775 0.220818
lFoot 1581.75 -0.137029 0.98465 0.108108 -0.635612 -0.559978 -0.0272639 -0.559978
rFoot 1581.75 -0.566438 0.793591 0.222174 0.961734 0.119479 -0.19635 0.119479
head 1581.76 -0.200603 0.189235 0.961222 0.456027 -0.157072 0.734215 -0.157072
hip 1581.76 -0.116444 0.65993 0.742249 0.77333 0.00958474 0.483359 0.00958474
lHand 1581.76 -0.102289 -0.0185854 0.994581 0.912585 -0.145149 -0.280121 -0.145149
rHand 1581.76 0.115137 0.467752 0.876328 -0.0734628 0.2212 -0.69616 0.2212
lFoot 1581.76 -0.136922 0.984661 0.108143 -0.635367 -0.560371 -0.0273699 -0.560371
rFoot 1581.76 -0.566493 0.793522 0.222281 0.961684 0.119258 -0.196474 0.119258
head 1581.77 -0.200162 0.188997 0.961361 0.456183 -0.156834 0.734593 -0.156834
hip 1581.77 -0.116108 0.659828 0.742392 0.773421 0.00948701 0.482844 0.00948701
lHand 1581.77 -0.10288 -0.0191431 0.99451 0.913445 -0.147276 -0.278234 -0.147276
rHand 1581.77 0.115039 0.467304 0.87658 -0.0743657 0.221077 -0.695387 0.221077
lFoot 1581.77 -0.136857 0.984657 0.108259 -0.635547 -0.560037 -0.0271927 -0.560037
rFoot 1581.77 -0.566179 0.793709 0.222415 0.961662 0.119576 -0.196227 0.119576
head 1581.79 -0.199869 0.188792 0.961462 0.456348 -0.156537 0.734924 -0.156537
hip 1581.79 -0.115703 0.65984 0.742445 0.772995 0.00937213 0.482553 0.00937213
lHand 1581.79 -0.103349 -0.0198085 0.994448 0.914752 -0.149067 -0.276647 -0.149067
rHand 1581.79 0.115729 0.466866 0.876723 -0.0743156 0.220982 -0.695255 0.220982
lFoot 1581.79 -0.137204 0.984657 0.107823 -0.635683 -0.559645 -0.0271335 -0.559645
rFoot 1581.79 -0.566222 0.793595 0.222711 0.961591 0.119644 -0.196353 0.119644
head 1581.8 -0.199644 0.188636 0.96154 0.456662 -0.156348 0.735411 -0.156348
hip 1581.8 -0.115436 0.659891 0.742441 0.77313 0.00932856 0.481803 0.00932856
lHand 1581.8 -0.103816 -0.0203294 0.994389 0.915956 -0.150657 -0.274859 -0.150657
rHand 1581.8 0.115492 0.467299 0.876523 -0.0728806 0.221348 -0.696067 0.221348
lFoot 1581.8 -0.137146 0.98465 0.107961 -0.635605 -0.559529 -0.0270727 -0.559529
rFoot 1581.8 -0.565948 0.793816 0.222617 0.961606 0.119548 -0.196204 0.119548
head 1581.81 -0.199394 0.188549 0.961609 0.45706 -0.156838 0.735871 -0.156838
hip 1581.81 -0.115161 0.659804 0.742561 0.773345 0.00946327 0.48095 0.00946327
lHand 1581.81 -0.104227 -0.0215278 0.994321 0.918174 -0.150486 -0.271795 -0.150486
rHand 1581.81 0.114764 0.467335 0.8766 -0.0725794 0.222082 -0.696407 0.222082
lFoot 1581.81 -0.137061 0.984649 0.108075 -0.635333 -0.559617 -0.0272586 -0.559617
rFoot 1581.81 -0.565858 0.79389 0.222584 0.961628 0.119389 -0.196078 0.119389
head 1581.82 -0.199103 0.188523 0.961674 0.457468 -0.157522 0.736179 -0.157522
hip 1581.82 -0.114923 0.659781 0.742618 0.773304 0.00982057 0.480985 0.00982057
lHand 1581.82 -0.104599 -0.0224236 0.994262 0.920022 -0.150028 -0.268493 -0.150028
rHand 1581.82 0.114625 0.466575 0.877023 -0.0727426 0.222445 -0.696727 0.222445
lFoot 1581.82 -0.137338 0.984652 0.1077 -0.635129 -0.55971 -0.0273465 -0.55971
rFoot 1581.82 -0.566016 0.793724 0.222774 0.961582 0.119391 -0.196231 0.119391
head 1581.83 -0.19877 0.188498 0.961748 0.457961 -0.158826 0.736265 -0.158826
hip 1581.83 -0.114616 0.65982 0.742631 0.772941 0.0101623 0.481755 0.0101623
lHand 1581.83 -0.105012 -0.0235754 0.994191 0.922305 -0.147163 -0.264555 -0.147163
rHand 1581.83 0.11371 0.466173 0.877356 -0.0728173 0.222742 -0.697817 0.222742
lFoot 1581.83 -0.137322 0.984642 0.107807 -0.635289 -0.559614 -0.0268936 -0.559614
rFoot 1581.83 -0.565924 0.793769 0.222848 0.961571 0.119269 -0.196195 0.119269
head 1581.84 -0.198479 0.188378 0.961832 0.4585 -0.160167 0.736097 -0.160167
hip 1581.84 -0.114254 0.659694 0.742799 0.772967 0.0101101 0.481687 0.0101101
lHand 1581.84 -0.105357 -0.0249545 0.994121 0.92415 -0.143116 -0.261767 -0.143116
rHand 1581.84 0.112715 0.465273 0.877961 -0.0739386 0.222453 -0.698856 0.222453
lFoot 1581.84 -0.137252 0.984643 0.107891 -0.635039 -0.559836 -0.0269317 -0.559836
rFoot 1581.84 -0.565816 0.793778 0.223089 0.961619 0.118713 -0.196197 0.118713
head 1581.85 -0.198186 0.188366 0.961894 0.459172 -0.161549 0.73535 -0.161549
hip 1581.85 -0.113992 0.659564 0.742954 0.774035 0.00970076 0.479831 0.00970076
lHand 1581.85 -0.105135 -0.0258623 0.994122 0.925185 -0.140114 -0.260881 -0.140114
rHand 1581.85 0.112951 0.463133 0.879062 -0.0750704 0.222179 -0.699293 0.222179
lFoot 1581.85 -0.137649 0.984635 0.107456 -0.634811 -0.560068 -0.0267579 -0.560068
rFoot 1581.85 -0.565927 0.793679 0.223158 0.961562 0.118919 -0.196353 0.118919
head 1581.86 -0.197858 0.188274 0.96198 0.460061 -0.162808 0.734283 -0.162808
hip 1581.86 -0.113756 0.659475 0.74307 0.774656 0.00998613 0.478997 0.00998613
lHand 1581.86 -0.104886 -0.0265654 0.994129 0.925729 -0.138239 -0.261422 -0.138239
rHand 1581.86 0.11244 0.462511 0.879455 -0.0763442 0.221973 -0.699402 0.221973
lFoot 1581.86 -0.137608 0.984629 0.107564 -0.634737 -0.560065 -0.0265124 -0.560065
rFoot 1581.86 -0.565733 0.793792 0.223248 0.96155 0.118889 -0.196298 0.118889
head 1581.88 -0.197565 0.188198 0.962055 0.461051 -0.16413 0.732998 -0.16413
hip 1581.88 -0.113539 0.659499 0.743081 0.774982 0.0105947 0.47874 0.0105947
lHand 1581.88 -0.103858 -0.0268643 0.994229 0.92482 -0.135592 -0.266985 -0.135592
rHand 1581.88 0.111935 0.462834 0.879349 -0.0766765 0.222593 -0.699395 0.222593
lFoot 1581.88 -0.137594 0.984618 0.107681 -0.634745 -0.559992 -0.0261247 -0.559992
rFoot 1581.88 -0.565601 0.793904 0.223187 0.961566 0.118599 -0.196451 0.118599
head 1581.89 -0.197181 0.188108 0.962151 0.462277 -0.165381 0.731604 -0.165381
hip 1581.89 -0.113227 0.659486 0.74314 0.775064 0.0111535 0.479162 0.0111535
lHand 1581.89 -0.102847 -0.0275192 0.994316 0.924414 -0.13352 -0.270723 -0.13352
rHand 1581.89 0.112954 0.462014 0.87965 -0.0763442 0.223624 -0.699193 0.223624
lFoot 1581.89 -0.137828 0.984624 0.107324 -0.634509 -0.560151 -0.0259701 -0.560151
rFoot 1581.89 -0.565385 0.79402 0.223318 0.961583 0.118553 -0.196439 0.118553
head 1581.9 -0.19685 0.187989 0.962242 0.463925 -0.166526 0.730168 -0.166526
hip 1581.9 -0.112816 0.659617 0.743087 0.774913 0.0111369 0.479399 0.0111369
lHand 1581.9 -0.101916 -0.0278463 0.994403 0.923332 -0.131352 -0.276056 -0.131352
rHand 1581.9 0.113056 0.462402 0.879433 -0.076487 0.224196 -0.698655 0.224196
lFoot 1581.9 -0.137787 0.984627 0.107356 -0.634117 -0.560749 -0.0256821 -0.560749
rFoot 1581.9 -0.564722 0.794437 0.223515 0.961618 0.118028 -0.19644 0.118028
head 1581.91 -0.19654 0.187853 0.962332 0.466265 -0.167452 0.728573 -0.167452
hip 1581.91 -0.112014 0.65956 0.743259 0.774407 0.0101466 0.479569 0.0101466
lHand 1581.91 -0.101059 -0.0281874 0.994481 0.92258 -0.129424 -0.280502 -0.129424
rHand 1581.91 0.113297 0.462528 0.879336 -0.0770988 0.224549 -0.697923 0.224549
lFoot 1581.91 -0.137758 0.984621 0.107449 -0.633987 -0.561026 -0.0251969 -0.561026
rFoot 1581.91 -0.56486 0.794237 0.223878 0.961429 0.118349 -0.197196 0.118349
head 1581.92 -0.196325 0.187786 0.962389 0.46899 -0.167787 0.726939 -0.167787
hip 1581.92 -0.111138 0.65962 0.743337 0.773665 0.00880876 0.479714 0.00880876
lHand 1581.92 -0.100204 -0.028088 0.99457 0.921106 -0.128987 -0.285514 -0.128987
rHand 1581.92 0.116015 0.459634 0.880498 -0.0773259 0.224366 -0.697803 0.224366
lFoot 1581.92 -0.138006 0.984639 0.106957 -0.633962 -0.56078 -0.025316 -0.56078
rFoot 1581.92 -0.564695 0.794459 0.223504 0.961424 0.118114 -0.197179 0.118114
head 1581.93 -0.196147 0.187711 0.96244 0.47206 -0.167694 0.725383 -0.167694
hip 1581.93 -0.110683 0.659655 0.743374 0.773665 0.00836902 0.479479 0.00836902
lHand 1581.93 -0.0995828 -0.0279693 0.994636 0.919939 -0.12918 -0.28898 -0.12918
rHand 1581.93 0.117205 0.459578 0.88037 -0.0767416 0.22378 -0.698023 0.22378
lFoot 1581.93 -0.137996 0.984643 0.10694 -0.633755 -0.561437 -0.02476 -0.561437
rFoot 1581.93 -0.564378 0.794652 0.223618 0.961351 0.117777 -0.197635 0.117777
head 1581.94 -0.195944 0.187612 0.962501 0.475074 -0.167577 0.723689 -0.167577
hip 1581.94 -0.11034 0.65966 0.74342 0.774212 0.00833965 0.478938 0.00833965
lHand 1581.94 -0.0991131 -0.0273584 0.9947 0.91827 -0.131798 -0.291773 -0.131798
rHand 1581.94 0.118446 0.45918 0.880411 -0.076399 0.223033 -0.698071 0.223033
lFoot 1581.94 -0.137954 0.984642 0.107001 -0.633531 -0.56179 -0.0244134 -0.56179
rFoot 1581.94 -0.56398 0.794867 0.22386 0.961285 0.117908 -0.197773 0.117908
head 1581.95 -0.19562 0.187497 0.962589 0.478462 -0.167368 0.721331 -0.167368
hip 1581.95 -0.110145 0.659675 0.743436 0.775169 0.00871864 0.478056 0.00871864
lHand 1581.95 -0.0988258 -0.0264019 0.994754 0.916761 -0.135741 -0.293717 -0.135741
rHand 1581.95 0.120224 0.457018 0.881295 -0.0764326 0.222491 -0.698214 0.222491
lFoot 1581.95 -0.138264 0.984615 0.106852 -0.633433 -0.562062 -0.0240788 -0.562062
rFoot 1581.95 -0.563611 0.794941 0.224526 0.961238 0.117644 -0.198092 0.117644
head 1581.96 -0.195238 0.187229 0.962719 0.482359 -0.167246 0.718323 -0.167246
hip 1581.96 -0.109952 0.659839 0.743319 0.775931 0.00917329 0.477274 0.00917329
lHand 1581.96 -0.0985772 -0.0258535 0.994794 0.91589 -0.138533 -0.294852 -0.138533
rHand 1581.96 0.121134 0.456733 0.881318 -0.0756911 0.221988 -0.698564 0.221988
lFoot 1581.96 -0.138263 0.98461 0.106894 -0.633153 -0.562539 -0.0237813 -0.562539
rFoot 1581.96 -0.563171 0.795166 0.22483 0.961196 0.117286 -0.198421 0.117286
head 1581.98 -0.194911 0.187117 0.962807 0.486908 -0.167561 0.714772 -0.167561
hip 1581.98 -0.109585 0.659874 0.743342 0.776203 0.00947416 0.476881 0.00947416
lHand 1581.98 -0.0990081 -0.0253897 0.994763 0.91619 -0.139886 -0.293081 -0.139886
rHand 1581.98 0.122125 0.456869 0.881111 -0.0741347 0.22179 -0.699159 0.22179
lFoot 1581.98 -0.138238 0.984614 0.106892 -0.632582 -0.563505 -0.0235353 -0.563505
rFoot 1581.98 -0.562522 0.79558 0.224993 0.961166 0.117086 -0.198563 0.117086
head 1581.99 -0.194618 0.186916 0.962905 0.492306 -0.168556 0.710788 -0.168556
hip 1581.99 -0.108928 0.660008 0.74332 0.775646 0.00888991 0.476832 0.00888991
lHand 1581.99 -0.100113 -0.0248717 0.994665 0.917408 -0.139388 -0.289675 -0.139388
rHand 1581.99 0.123779 0.455887 0.881389 -0.0729978 0.221729 -0.699721 0.221729
lFoot 1581.99 -0.138625 0.984624 0.106296 -0.632241 -0.564202 -0.0231408 -0.564202
rFoot 1581.99 -0.562529 0.795511 0.225219 0.961116 0.117218 -0.19867 0.117218
head 1582 -0.194203 0.186598 0.96305 0.49813 -0.17036 0.706697 -0.17036
hip 1582 -0.108214 0.66019 0.743262 0.774442 0.00736167 0.477311 0.00736167
lHand 1582 -0.101078 -0.0245666 0.994575 0.918732 -0.13795 -0.285636 -0.13795
rHand 1582 0.125042 0.456118 0.881091 -0.0715161 0.22158 -0.700519 0.22158
lFoot 1582 -0.138607 0.984622 0.10634 -0.631818 -0.564942 -0.0229196 -0.564942
rFoot 1582 -0.562077 0.795687 0.225725 0.961071 0.117123 -0.198913 0.117123
head 1582.01 -0.19385 0.186494 0.963142 0.504844 -0.172862 0.702284 -0.172862
hip 1582.01 -0.107326 0.660101 0.74347 0.7734 0.00611315 0.477648 0.00611315
lHand 1582.01 -0.101944 -0.0243192 0.994493 0.919391 -0.136847 -0.283174 -0.136847
rHand 1582.01 0.125949 0.455893 0.881078 -0.0712373 0.221415 -0.700857 0.221415
lFoot 1582.01 -0.138985 0.984622 0.10584 -0.631196 -0.565964 -0.0228159 -0.565964
rFoot 1582.01 -0.561366 0.796144 0.225883 0.961023 0.116857 -0.199163 0.116857
head 1582.02 -0.193346 0.186345 0.963272 0.511769 -0.175339 0.697663 -0.175339
hip 1582.02 -0.106644 0.660105 0.743565 0.772465 0.00514493 0.478685 0.00514493
lHand 1582.02 -0.102469 -0.0237734 0.994452 0.919443 -0.136831 -0.282373 -0.136831
rHand 1582.02 0.127292 0.453318 0.882213 -0.0718596 0.221118 -0.700853 0.221118
lFoot 1582.02 -0.138939 0.984614 0.105982 -0.630734 -0.566849 -0.0226378 -0.566849
rFoot 1582.02 -0.560618 0.796563 0.226263 0.96095 0.116792 -0.199457 0.116792
head 1582.03 -0.192939 0.186157 0.96339 0.519358 -0.177516 0.692455 -0.177516
hip 1582.03 -0.106099 0.660194 0.743564 0.772077 0.00497261 0.47924 0.00497261
lHand 1582.03 -0.102841 -0.0227802 0.994437 0.918472 -0.138042 -0.284379 -0.138042
rHand 1582.03 0.127913 0.452641 0.882471 -0.0730435 0.22093 -0.700542 0.22093
lFoot 1582.03 -0.138934 0.984611 0.106009 -0.630423 -0.567499 -0.0222663 -0.567499
rFoot 1582.03 -0.560007 0.796881 0.226655 0.960833 0.116828 -0.199773 0.116828
head 1582.04 -0.192495 0.18611 0.963488 0.52693 -0.179196 0.686987 -0.179196
hip 1582.04 -0.105901 0.660116 0.743661 0.772022 0.00550087 0.479925 0.00550087
lHand 1582.04 -0.103162 -0.0219997 0.994421 0.917834 -0.138995 -0.285717 -0.138995
rHand 1582.04 0.128409 0.452517 0.882462 -0.0738479 0.221365 -0.700175 0.221365
lFoot 1582.04 -0.13934 0.984604 0.105539 -0.630169 -0.567854 -0.0219234 -0.567854
rFoot 1582.04 -0.559338 0.797248 0.227018 0.960738 0.116611 -0.200157 0.116611
head 1582.05 -0.192147 0.185911 0.963596 0.534458 -0.180338 0.681545 -0.180338
hip 1582.05 -0.105819 0.660017 0.74376 0.77244 0.00597783 0.480008 0.00597783
lHand 1582.05 -0.103541 -0.021027 0.994403 0.916853 -0.140722 -0.287436 -0.140722
rHand 1582.05 0.130691 0.451132 0.882836 -0.0739792 0.221997 -0.699917 0.221997
lFoot 1582.05 -0.139374 0.984612 0.105427 -0.629645 -0.568388 -0.0218379 -0.568388
rFoot 1582.05 -0.558903 0.797402 0.227547 0.960627 0.116431 -0.200763 0.116431
head 1582.06 -0.191799 0.185649 0.963716 0.541559 -0.181543 0.676357 -0.181543
hip 1582.06 -0.1057 0.660067 0.743733 0.77288 0.00617361 0.479565 0.00617361
lHand 1582.06 -0.104275 -0.0198129 0.994351 0.916068 -0.142701 -0.287893 -0.142701
rHand 1582.06 0.131729 0.451247 0.882623 -0.0740763 0.222218 -0.699773 0.222218
lFoot 1582.06 -0.139324 0.984616 0.105449 -0.628786 -0.569485 -0.0218989 -0.569485
rFoot 1582.06 -0.558566 0.797533 0.227914 0.960541 0.116171 -0.201269 0.116171
head 1582.08 -0.191407 0.185373 0.963847 0.548652 -0.182944 0.671172 -0.182944
hip 1582.08 -0.105386 0.659914 0.743913 0.772933 0.00601328 0.479409 0.00601328
lHand 1582.08 -0.105145 -0.018815 0.994279 0.915645 -0.144666 -0.287067 -0.144666
rHand 1582.08 0.133125 0.451169 0.882453 -0.0744925 0.221973 -0.69933 0.221973
lFoot 1582.08 -0.139321 0.984607 0.105543 -0.628372 -0.56994 -0.0216425 -0.56994
rFoot 1582.08 -0.558335 0.797605 0.228229 0.960482 0.115852 -0.201767 0.115852
head 1582.09 -0.191153 0.185033 0.963962 0.555508 -0.184306 0.666104 -0.184306
hip 1582.09 -0.104928 0.659844 0.74404 0.772547 0.00529095 0.479905 0.00529095
lHand 1582.09 -0.106125 -0.0177248 0.994195 0.915402 -0.146454 -0.285075 -0.146454
rHand 1582.09 0.13486 0.449813 0.882882 -0.0754826 0.221536 -0.698919 0.221536
lFoot 1582.09 -0.139814 0.984611 0.104852 -0.628345 -0.569856 -0.0214779 -0.569856
rFoot 1582.09 -0.55828 0.797558 0.228528 0.960331 0.116425 -0.202163 0.116425
head 1582.1 -0.190738 0.184621 0.964123 0.562247 -0.185645 0.661036 -0.185645
hip 1582.1 -0.10448 0.659883 0.744069 0.772016 0.00445651 0.480239 0.00445651
lHand 1582.1 -0.107123 -0.0165034 0.994109 0.914966 -0.14894 -0.283357 -0.14894
rHand 1582.1 0.136466 0.449648 0.88272 -0.0759071 0.220962 -0.698362 0.220962
lFoot 1582.1 -0.139826 0.984602 0.104917 -0.628336 -0.569933 -0.0210317 -0.569933
rFoot 1582.1 -0.55818 0.797553 0.228789 0.960267 0.116093 -0.202654 0.116093
head 1582.11 -0.190445 0.184466 0.964211 0.568964 -0.18633 0.656097 -0.18633
hip 1582.11 -0.103924 0.659781 0.744237 0.771443 0.00349489 0.480443 0.00349489
lHand 1582.11 -0.10836 -0.0152477 0.993995 0.914242 -0.151974 -0.281318 -0.151974
rHand 1582.11 0.137906 0.45007 0.882281 -0.0755504 0.220811 -0.698271 0.220811
lFoot 1582.11 -0.13981 0.984595 0.105003 -0.628194 -0.570135 -0.0206967 -0.570135
rFoot 1582.11 -0.55796 0.797628 0.229062 0.960183 0.116148 -0.203099 0.116148
head 1582.12 -0.190206 0.184177 0.964314 0.575087 -0.186373 0.651701 -0.186373
hip 1582.12 -0.103549 0.659709 0.744353 0.77087 0.00267851 0.48187 0.00267851
lHand 1582.12 -0.109193 -0.0139988 0.993922 0.913384 -0.155242 -0.279599 -0.155242
rHand 1582.12 0.138437 0.450416 0.882021 -0.0751977 0.2214 -0.697835 0.2214
lFoot 1582.12 -0.140221 0.984581 0.104583 -0.628019 -0.570429 -0.0204622 -0.570429
rFoot 1582.12 -0.557657 0.797779 0.229274 0.960089 0.116167 -0.203495 0.116167
head 1582.13 -0.190043 0.183786 0.96442 0.580249 -0.185532 0.648289 -0.185532
hip 1582.13 -0.103347 0.659759 0.744337 0.770497 0.00239136 0.482746 0.00239136
lHand 1582.13 -0.110069 -0.0124673 0.993846 0.911904 -0.160072 -0.278545 -0.160072
rHand 1582.13 0.139599 0.451315 0.881378 -0.0749002 0.221807 -0.697484 0.221807
lFoot 1582.13 -0.14021 0.984574 0.104671 -0.628174 -0.570156 -0.0200714 -0.570156
rFoot 1582.13 -0.557697 0.797694 0.229473 0.959967 0.116304 -0.204136 0.116304
head 1582.14 -0.189998 0.183611 0.964462 0.584795 -0.184532 0.645424 -0.184532
hip 1582.14 -0.103153 0.659694 0.744421 0.770048 0.00221054 0.483821 0.00221054
lHand 1582.14 -0.110832 -0.0109194 0.993779 0.909887 -0.165758 -0.277599 -0.165758
rHand 1582.14 0.140729 0.4518 0.880949 -0.0752134 0.222111 -0.696907 0.222111
lFoot 1582.14 -0.140657 0.984589 0.103919 -0.628388 -0.569827 -0.0197331 -0.569827
rFoot 1582.14 -0.557952 0.797421 0.229803 0.959799 0.116482 -0.20496 0.116482
head 1582.15 -0.19008 0.183294 0.964507 0.588399 -0.183034 0.643611 -0.183034
hip 1582.15 -0.102996 0.65968 0.744456 0.769695 0.00192858 0.485007 0.00192858
lHand 1582.15 -0.111502 -0.00936747 0.99372 0.907255 -0.172995 -0.276935 -0.172995
rHand 1582.15 0.142411 0.451869 0.880644 -0.0760557 0.222135 -0.69596 0.222135
lFoot 1582.15 -0.140481 0.984552 0.104507 -0.628696 -0.569135 -0.0193423 -0.569135
rFoot 1582.15 -0.558672 0.796869 0.229968 0.959698 0.116418 -0.205639 0.116418
head 1582.17 -0.190234 0.18301 0.96453 0.591759 -0.181678 0.642024 -0.181678
hip 1582.17 -0.103123 0.659722 0.7444 0.769452 0.00190447 0.485826 0.00190447
lHand 1582.17 -0.112108 -0.00786774 0.993665 0.904314 -0.18004 -0.276262 -0.18004
rHand 1582.17 0.144063 0.452409 0.880098 -0.0762192 0.221699 -0.695805 0.221699
lFoot 1582.17 -0.140514 0.984536 0.104621 -0.629215 -0.568287 -0.0186003 -0.568287
rFoot 1582.17 -0.559195 0.796455 0.230133 0.959527 0.116484 -0.206565 0.116484
head 1582.18 -0.19041 0.182899 0.964516 0.594952 -0.180477 0.640615 -0.180477
hip 1582.18 -0.103078 0.659764 0.744369 0.769241 0.00171245 0.486671 0.00171245
lHand 1582.18 -0.112595 -0.00662417 0.993619 0.90173 -0.186592 -0.275701 -0.186592
rHand 1582.18 0.145612 0.452731 0.879677 -0.0763929 0.221356 -0.695485 0.221356
lFoot 1582.18 -0.140501 0.984527 0.104724 -0.629501 -0.567726 -0.0181585 -0.567726
rFoot 1582.18 -0.559461 0.796238 0.230235 0.959462 0.116104 -0.207172 0.116104
head 1582.19 -0.190644 0.182834 0.964483 0.597505 -0.179282 0.639773 -0.179282
hip 1582.19 -0.103163 0.659935 0.744207 0.769148 0.00176469 0.486848 0.00176469
lHand 1582.19 -0.1127 -0.00595951 0.993611 0.899351 -0.193329 -0.275022 -0.193329
rHand 1582.19 0.147096 0.453127 0.879226 -0.0770205 0.220965 -0.694575 0.220965
lFoot 1582.19 -0.140869 0.984522 0.104273 -0.62972 -0.567167 -0.0180171 -0.567167
rFoot 1582.19 -0.559999 0.795807 0.230417 0.959242 0.116359 -0.208188 0.116359
head 1582.2 -0.190926 0.182779 0.964437 0.599677 -0.178298 0.639098 -0.178298
hip 1582.2 -0.103117 0.660183 0.743993 0.768788 0.00148835 0.487386 0.00148835
lHand 1582.2 -0.113095 -0.00572913 0.993568 0.897851 -0.198543 -0.273377 -0.198543
rHand 1582.2 0.148516 0.453019 0.879043 -0.077946 0.22053 -0.693852 0.22053
lFoot 1582.2 -0.140885 0.984519 0.104282 -0.629935 -0.566677 -0.0176939 -0.566677
rFoot 1582.2 -0.560326 0.795517 0.230624 0.959121 0.116156 -0.208938 0.116156
head 1582.21 -0.191177 0.182964 0.964352 0.601261 -0.177818 0.638619 -0.177818
hip 1582.21 -0.103029 0.660373 0.743837 0.768221 0.00128083 0.488044 0.00128083
lHand 1582.21 -0.113679 -0.00610961 0.993499 0.897392 -0.20158 -0.270497 -0.20158
rHand 1582.21 0.149997 0.453187 0.878705 -0.0780528 0.220376 -0.693199 0.220376
lFoot 1582.21 -0.140833 0.984538 0.104166 -0.630353 -0.566323 -0.0175344 -0.566323
rFoot 1582.21 -0.560893 0.795065 0.230802 0.958907 0.116264 -0.210047 0.116264
head 1582.22 -0.191471 0.183124 0.964264 0.602605 -0.177443 0.638125 -0.177443
hip 1582.22 -0.10287 0.660632 0.743629 0.767822 0.000393202 0.48811 0.000393202
lHand 1582.22 -0.114421 -0.00713036 0.993407 0.898236 -0.202047 -0.266905 -0.202047
rHand 1582.22 0.151281 0.453979 0.878076 -0.0785664 0.21985 -0.692297 0.21985
lFoot 1582.22 -0.141325 0.984579 0.103104 -0.630923 -0.564947 -0.0178213 -0.564947
rFoot 1582.22 -0.561272 0.794774 0.230883 0.958743 0.116557 -0.210723 0.116557
head 1582.23 -0.191747 0.183272 0.964181 0.603628 -0.177078 0.637794 -0.177078
hip 1582.23 -0.102709 0.660846 0.74346 0.767533 -0.000510665 0.488091 -0.000510665
lHand 1582.23 -0.115123 -0.00863642 0.993314 0.899989 -0.201183 -0.263855 -0.201183
rHand 1582.23 0.152492 0.453742 0.877989 -0.0787407 0.2191 -0.692055 0.2191
lFoot 1582.23 -0.141272 0.984566 0.103301 -0.632085 -0.562168 -0.0182611 -0.562168
rFoot 1582.23 -0.561693 0.794393 0.23117 0.958635 0.116639 -0.211397 0.116639
head 1582.24 -0.192173 0.183565 0.96404 0.60461 -0.176876 0.637432 -0.176876
hip 1582.24 -0.10261 0.661078 0.743267 0.767477 -0.00150307 0.487469 -0.00150307
lHand 1582.24 -0.115616 -0.0106563 0.993237 0.902139 -0.199462 -0.262109 -0.199462
rHand 1582.24 0.153547 0.454612 0.877355 -0.0767185 0.219 -0.693619 0.219
lFoot 1582.24 -0.141318 0.984559 0.103312 -0.632971 -0.56095 -0.0176587 -0.56095
rFoot 1582.24 -0.562545 0.793715 0.231428 0.958457 0.116861 -0.21249 0.116861
head 1582.25 -0.192652 0.183791 0.963901 0.605321 -0.176796 0.637171 -0.176796
hip 1582.25 -0.10258 0.661292 0.743081 0.767572 -0.00222009 0.486921 -0.00222009
lHand 1582.25 -0.116125 -0.013017 0.993149 0.904936 -0.196104 -0.26101 -0.196104
rHand 1582.25 0.154214 0.457091 0.875948 -0.0740045 0.219059 -0.695788 0.219059
lFoot 1582.25 -0.142106 0.9846 0.101823 -0.632944 -0.560509 -0.0175061 -0.560509
rFoot 1582.25 -0.563145 0.793262 0.231521 0.958398 0.116483 -0.213129 0.116483
head 1582.27 -0.19323 0.183812 0.963782 0.606038 -0.176669 0.6369 -0.176669
hip 1582.27 -0.102563 0.66147 0.742926 0.767638 -0.0028639 0.486818 -0.0028639
lHand 1582.27 -0.116869 -0.0157128 0.993023 0.907529 -0.192861 -0.259516 -0.192861
rHand 1582.27 0.155148 0.457325 0.875661 -0.0730311 0.218701 -0.696659 0.218701
lFoot 1582.27 -0.142139 0.984605 0.101735 -0.633056 -0.560412 -0.0169915 -0.560412
rFoot 1582.27 -0.563947 0.792656 0.231648 0.958279 0.116343 -0.213894 0.116343
head 1582.28 -0.193803 0.184039 0.963623 0.606495 -0.176652 0.636658 -0.176652
hip 1582.28 -0.102553 0.661694 0.742728 0.767636 -0.00323704 0.487015 -0.00323704
lHand 1582.28 -0.117396 -0.0184368 0.992914 0.910506 -0.188244 -0.25846 -0.188244
rHand 1582.28 0.156062 0.456554 0.875901 -0.073261 0.2175 -0.697146 0.2175
lFoot 1582.28 -0.142154 0.984602 0.101736 -0.633553 -0.559543 -0.0164874 -0.559543
rFoot 1582.28 -0.56451 0.792239 0.231704 0.958167 0.116826 -0.214459 0.116826
head 1582.29 -0.194439 0.184285 0.963448 0.606615 -0.177084 0.636363 -0.177084
hip 1582.29 -0.102603 0.661831 0.742598 0.767513 -0.0033126 0.487812 -0.0033126
lHand 1582.29 -0.118151 -0.0215697 0.992761 0.914335 -0.181842 -0.257786 -0.181842
rHand 1582.29 0.156082 0.456866 0.875735 -0.07278 0.216293 -0.697746 0.216293
lFoot 1582.29 -0.143055 0.984623 0.100264 -0.634225 -0.558323 -0.0162298 -0.558323
rFoot 1582.29 -0.564514 0.792176 0.231908 0.958201 0.116493 -0.214694 0.116493
head 1582.3 -0.195025 0.184451 0.963298 0.606691 -0.177632 0.636067 -0.177632
hip 1582.3 -0.102702 0.662036 0.742402 0.767287 -0.00345502 0.488918 -0.00345502
lHand 1582.3 -0.118657 -0.0249259 0.992622 0.918225 -0.174734 -0.257473 -0.174734
rHand 1582.3 0.157093 0.456922 0.875525 -0.0716161 0.215545 -0.698106 0.215545
lFoot 1582.3 -0.143124 0.984616 0.100235 -0.634672 -0.557517 -0.0155505 -0.557517
rFoot 1582.3 -0.564996 0.791801 0.232015 0.958033 0.116423 -0.215716 0.116423
head 1582.31 -0.195626 0.184734 0.963122 0.606631 -0.178513 0.635804 -0.178513
hip 1582.31 -0.102478 0.662077 0.742396 0.767155 -0.00403494 0.489596 -0.00403494
lHand 1582.31 -0.119189 -0.0288837 0.992451 0.922301 -0.165829 -0.258207 -0.165829
rHand 1582.31 0.157817 0.457188 0.875256 -0.0702847 0.21494 -0.698711 0.21494
lFoot 1582.31 -0.143154 0.984618 0.100175 -0.634826 -0.557122 -0.0151258 -0.557122
rFoot 1582.31 -0.565354 0.791565 0.231948 0.958032 0.116543 -0.216009 0.116543
head 1582.32 -0.196251 0.185051 0.962934 0.606469 -0.179822 0.635562 -0.179822
hip 1582.32 -0.102284 0.662144 0.742363 0.767183 -0.00469304 0.489931 -0.00469304
lHand 1582.32 -0.119709 -0.0319989 0.992293 0.925332 -0.158785 -0.258819 -0.158785
rHand 1582.32 0.157905 0.459045 0.874267 -0.0677104 0.214694 -0.699874 0.214694
lFoot 1582.32 -0.143894 0.984638 0.0989078 -0.635204 -0.556618 -0.0146552 -0.556618
rFoot 1582.32 -0.566013 0.791101 0.231923 0.958053 0.116413 -0.216416 0.116413
head 1582.33 -0.196884 0.185218 0.962773 0.606106 -0.181406 0.635482 -0.181406
hip 1582.33 -0.102068 0.662166 0.742374 0.767626 -0.00536747 0.489375 -0.00536747
lHand 1582.33 -0.119996 -0.03502 0.992157 0.927545 -0.152155 -0.260841 -0.152155
rHand 1582.33 0.158794 0.460683 0.873244 -0.0648102 0.21496 -0.700928 0.21496
lFoot 1582.33 -0.143939 0.984629 0.0989335 -0.63562 -0.555707 -0.0141783 -0.555707
rFoot 1582.33 -0.566404 0.790858 0.231798 0.958042 0.116366 -0.216744 0.116366
head 1582.34 -0.197477 0.185481 0.9626 0.605697 -0.183081 0.635339 -0.183081
hip 1582.34 -0.101883 0.662185 0.742382 0.76805 -0.00609344 0.488885 -0.00609344
lHand 1582.34 -0.120209 -0.0378747 0.992026 0.929268 -0.147111 -0.262863 -0.147111
rHand 1582.34 0.159553 0.461728 0.872554 -0.0630928 0.214971 -0.701469 0.214971
lFoot 1582.34 -0.143983 0.98462 0.0989586 -0.636208 -0.554534 -0.0139748 -0.554534
rFoot 1582.34 -0.566834 0.790571 0.231725 0.95805 0.116658 -0.216946 0.116658
head 1582.36 -0.19804 0.185779 0.962427 0.605136 -0.184943 0.634945 -0.184943
hip 1582.36 -0.101685 0.662161 0.74243 0.76866 -0.00693988 0.488244 -0.00693988
lHand 1582.36 -0.120116 -0.0395767 0.991971 0.9289 -0.146433 -0.267261 -0.146433
rHand 1582.36 0.159867 0.463259 0.871684 -0.0630402 0.214592 -0.70087 0.214592
lFoot 1582.36 -0.144407 0.984617 0.0983659 -0.636458 -0.554426 -0.0136445 -0.554426
rFoot 1582.36 -0.567288 0.790285 0.231591 0.958063 0.116376 -0.217285 0.116376
head 1582.37 -0.198568 0.185995 0.962277 0.604668 -0.186926 0.634324 -0.186926
hip 1582.37 -0.101683 0.662158 0.742434 0.769425 -0.00703087 0.487763 -0.00703087
lHand 1582.37 -0.120155 -0.0414499 0.991889 0.929332 -0.144664 -0.27006 -0.144664
rHand 1582.37 0.160556 0.463139 0.871621 -0.0638767 0.2141 -0.699537 0.2141
lFoot 1582.37 -0.144429 0.984625 0.0982556 -0.636285 -0.554723 -0.0136387 -0.554723
rFoot 1582.37 -0.567513 0.790114 0.231622 0.958087 0.116387 -0.217273 0.116387
head 1582.38 -0.199039 0.186233 0.962133 0.604381 -0.189045 0.633567 -0.189045
hip 1582.38 -0.101615 0.662162 0.742439 0.77013 -0.00748177 0.487284 -0.00748177
lHand 1582.38 -0.120354 -0.0427172 0.991812 0.929045 -0.145335 -0.272604 -0.145335
rHand 1582.38 0.160913 0.463484 0.871372 -0.0639493 0.214127 -0.698928 0.214127
lFoot 1582.38 -0.144435 0.984628 0.0982148 -0.636456 -0.554196 -0.013821 -0.554196
rFoot 1582.38 -0.567744 0.789945 0.231633 0.958021 0.11678 -0.217541 0.11678
head 1582.39 -0.199554 0.186602 0.961955 0.604039 -0.191457 0.632882 -0.191457
hip 1582.39 -0.101546 0.662164 0.742447 0.770697 -0.00769655 0.487155 -0.00769655
lHand 1582.39 -0.120933 -0.0437688 0.991695 0.929022 -0.146353 -0.273317 -0.146353
rHand 1582.39 0.161289 0.464719 0.870644 -0.0632618 0.21423 -0.698749 0.21423
lFoot 1582.39 -0.145093 0.984652 0.0969997 -0.636792 -0.553715 -0.013524 -0.553715
rFoot 1582.39 -0.567699 0.789973 0.231648 0.958109 0.116233 -0.217461 0.116233
head 1582.4 -0.199961 0.186886 0.961816 0.603681 -0.193914 0.632279 -0.193914
hip 1582.4 -0.101515 0.662236 0.742387 0.771048 -0.00782899 0.487178 -0.00782899
lHand 1582.4 -0.121584 -0.0447724 0.991571 0.929345 -0.146736 -0.272646 -0.146736
rHand 1582.4 0.161105 0.464586 0.87075 -0.0637208 0.214469 -0.697943 0.214469
lFoot 1582.4 -0.145147 0.984653 0.0969084 -0.637115 -0.553377 -0.0132107 -0.553377
rFoot 1582.4 -0.567826 0.789891 0.231616 0.958074 0.116189 -0.217775 0.116189
head 1582.41 -0.200312 0.187248 0.961672 0.603237 -0.196506 0.631752 -0.196506
hip 1582.41 -0.101424 0.66228 0.74236 0.771474 -0.00799111 0.486923 -0.00799111
lHand 1582.41 -0.122467 -0.0456621 0.991422 0.929769 -0.147493 -0.271521 -0.147493
rHand 1582.41 0.160934 0.464683 0.87073 -0.0645733 0.214483 -0.697551 0.214483
lFoot 1582.41 -0.146206 0.984698 0.0948326 -0.637283 -0.552881 -0.0135519 -0.552881
rFoot 1582.41 -0.56773 0.789943 0.231674 0.958121 0.116029 -0.217684 0.116029
head 1582.42 -0.200727 0.187579 0.961521 0.602803 -0.198762 0.631173 -0.198762
hip 1582.42 -0.101234 0.662308 0.742361 0.77173 -0.00868756 0.486644 -0.00868756
lHand 1582.42 -0.123435 -0.0466739 0.991254 0.930189 -0.148107 -0.271093 -0.148107
rHand 1582.42 0.160758 0.46483 0.870684 -0.0636506 0.21443 -0.69858 0.21443
lFoot 1582.42 -0.146028 0.984703 0.0950556 -0.637423 -0.552542 -0.0132487 -0.552542
rFoot 1582.42 -0.568026 0.789711 0.231741 0.958146 0.115698 -0.217829 0.115698
head 1582.43 -0.201047 0.187657 0.961439 0.602488 -0.200957 0.630503 -0.200957
hip 1582.43 -0.101276 0.662353 0.742315 0.772076 -0.00885296 0.486246 -0.00885296
lHand 1582.43 -0.124119 -0.0476591 0.991122 0.930579 -0.14939 -0.270797 -0.14939
rHand 1582.43 0.16103 0.464975 0.870556 -0.0624244 0.214353 -0.699484 0.214353
lFoot 1582.43 -0.146099 0.984701 0.0949721 -0.637694 -0.552123 -0.0128298 -0.552123
rFoot 1582.43 -0.568295 0.789543 0.231652 0.958083 0.115975 -0.217902 0.115975
head 1582.45 -0.20128 0.187847 0.961353 0.60223 -0.202993 0.62974 -0.202993
hip 1582.45 -0.101255 0.662374 0.7423 0.772459 -0.00890378 0.485956 -0.00890378
lHand 1582.45 -0.124791 -0.0488157 0.990981 0.931106 -0.150175 -0.270737 -0.150175
rHand 1582.45 0.161564 0.46445 0.870737 -0.0616812 0.213876 -0.700307 0.213876
lFoot 1582.45 -0.14614 0.984706 0.0948537 -0.637867 -0.551831 -0.0127078 -0.551831
rFoot 1582.45 -0.568277 0.789546 0.231686 0.958154 0.115696 -0.217763 0.115696
head 1582.46 -0.201472 0.188042 0.961275 0.601819 -0.204802 0.629182 -0.204802
hip 1582.46 -0.10126 0.662467 0.742215 0.772903 -0.00921506 0.485628 -0.00921506
lHand 1582.46 -0.125512 -0.0499523 0.990834 0.932088 -0.150423 -0.269986 -0.150423
rHand 1582.46 0.162243 0.46266 0.871563 -0.0614526 0.213266 -0.700777 0.213266
lFoot 1582.46 -0.147314 0.984727 0.0927921 -0.637835 -0.552004 -0.0126268 -0.552004
rFoot 1582.46 -0.568285 0.789531 0.231716 0.958167 0.115266 -0.217854 0.115266
head 1582.47 -0.201612 0.187961 0.961261 0.601462 -0.20656 0.628631 -0.20656
hip 1582.47 -0.101225 0.662355 0.742321 0.77342 -0.00904861 0.485261 -0.00904861
lHand 1582.47 -0.126203 -0.0513704 0.990673 0.933335 -0.149705 -0.268689 -0.149705
rHand 1582.47 0.162756 0.461453 0.872107 -0.0617948 0.212552 -0.700744 0.212552
lFoot 1582.47 -0.147364 0.984733 0.0926502 -0.637677 -0.552025 -0.0127683 -0.552025
rFoot 1582.47 -0.568196 0.789571 0.231801 0.958029 0.115833 -0.217987 0.115833
head 1582.48 -0.201817 0.188095 0.961192 0.601088 -0.207878 0.628284 -0.207878
hip 1582.48 -0.101197 0.662352 0.742327 0.773813 -0.00911054 0.48497 -0.00911054
lHand 1582.48 -0.126862 -0.0527288 0.990518 0.934797 -0.148307 -0.266908 -0.148307
rHand 1582.48 0.163077 0.460452 0.872576 -0.0617425 0.211827 -0.701265 0.211827
lFoot 1582.48 -0.147428 0.984736 0.09252 -0.637575 -0.551957 -0.0127546 -0.551957
rFoot 1582.48 -0.568122 0.7896 0.23188 0.958061 0.115509 -0.217912 0.115509
head 1582.49 -0.201888 0.188021 0.961192 0.60064 -0.209109 0.628116 -0.209109
hip 1582.49 -0.101031 0.662413 0.742295 0.773848 -0.00927146 0.48494 -0.00927146
lHand 1582.49 -0.127502 -0.0539311 0.990371 0.936019 -0.147574 -0.265304 -0.147574
rHand 1582.49 0.163394 0.458905 0.873332 -0.0611252 0.211395 -0.701864 0.211395
lFoot 1582.49 -0.148366 0.984751 0.0908493 -0.637753 -0.551645 -0.0127505 -0.551645
rFoot 1582.49 -0.568226 0.789521 0.231894 0.957989 0.115369 -0.218193 0.115369
head 1582.5 -0.202049 0.187991 0.961164 0.600205 -0.210267 0.628096 -0.210267
hip 1582.5 -0.100818 0.662254 0.742466 0.773827 -0.00933361 0.48514 -0.00933361
lHand 1582.5 -0.127946 -0.0550496 0.990252 0.93727 -0.146724 -0.263397 -0.146724
rHand 1582.5 0.163823 0.458369 0.873533 -0.060427 0.211308 -0.701975 0.211308
lFoot 1582.5 -0.14847 0.984748 0.0907103 -0.637601 -0.551663 -0.0127278 -0.551663
rFoot 1582.5 -0.568182 0.789528 0.231978 0.95802 0.115374 -0.217843 0.115374
head 1582.51 -0.202152 0.188086 0.961124 0.599795 -0.211257 0.62822 -0.211257
hip 1582.51 -0.100653 0.662198 0.742538 0.773511 -0.00941847 0.485679 -0.00941847
lHand 1582.51 -0.128214 -0.0562679 0.990149 0.938294 -0.145405 -0.262092 -0.145405
rHand 1582.51 0.164511 0.457193 0.87402 -0.0600437 0.211333 -0.702148 0.211333
lFoot 1582.51 -0.149498 0.984759 0.0888818 -0.637287 -0.552066 -0.0127528 -0.552066
rFoot 1582.51 -0.568261 0.789455 0.232036 0.958008 0.115059 -0.21794 0.115059
head 1582.52 -0.202211 0.188054 0.961117 0.599427 -0.211959 0.628485 -0.211959
hip 1582.52 -0.100527 0.662144 0.742603 0.773548 -0.00968154 0.485637 -0.00968154
lHand 1582.52 -0.128506 -0.0572474 0.990055 0.939136 -0.144154 -0.261214 -0.144154
rHand 1582.52 0.164009 0.457095 0.874165 -0.0600499 0.21163 -0.702192 0.21163
lFoot 1582.52 -0.14956 0.984757 0.0887951 -0.636893 -0.552119 -0.0128542 -0.552119
rFoot 1582.52 -0.568277 0.789418 0.232121 0.957994 0.114916 -0.217888 0.114916
head 1582.53 -0.202299 0.187884 0.961132 0.599065 -0.212193 0.628984 -0.212193
hip 1582.53 -0.100483 0.662068 0.742677 0.773803 -0.00985144 0.485115 -0.00985144
lHand 1582.53 -0.128484 -0.05807 0.99001 0.93957 -0.142683 -0.261386 -0.142683
rHand 1582.53 0.16377 0.456416 0.874565 -0.0602714 0.211773 -0.702359 0.211773
lFoot 1582.53 -0.149709 0.984746 0.08867 -0.636918 -0.551824 -0.0125385 -0.551824
rFoot 1582.53 -0.568341 0.789373 0.232119 0.95792 0.114824 -0.218049 0.114824
head 1582.55 -0.202349 0.18789 0.96112 0.598565 -0.212453 0.629551 -0.212453
hip 1582.55 -0.100476 0.661997 0.742741 0.774107 -0.00974647 0.484731 -0.00974647
lHand 1582.55 -0.128088 -0.0587427 0.990022 0.939509 -0.141753 -0.262813 -0.141753
rHand 1582.55 0.163636 0.455558 0.875037 -0.060458 0.211517 -0.702719 0.211517
lFoot 1582.55 -0.150718 0.984733 0.0870947 -0.637 -0.551609 -0.0125032 -0.551609
rFoot 1582.55 -0.568272 0.789364 0.232318 0.95783 0.115048 -0.218172 0.115048
head 1582.56 -0.202298 0.187877 0.961134 0.597814 -0.212795 0.630379 -0.212795
hip 1582.56 -0.100481 0.661995 0.742743 0.774247 -0.00943949 0.484762 -0.00943949
lHand 1582.56 -0.127328 -0.0593713 0.990082 0.939224 -0.141168 -0.264891 -0.141168
rHand 1582.56 0.163347 0.454797 0.875487 -0.0607455 0.211021 -0.703377 0.211021
lFoot 1582.56 -0.150794 0.984721 0.0870984 -0.636668 -0.551737 -0.012477 -0.551737
rFoot 1582.56 -0.568073 0.789451 0.232507 0.95781 0.114621 -0.218243 0.114621
head 1582.57 -0.20223 0.187776 0.961168 0.59706 -0.213174 0.631169 -0.213174
hip 1582.57 -0.10036 0.661849 0.742889 0.774468 -0.00934937 0.484694 -0.00934937
lHand 1582.57 -0.126836 -0.0598284 0.990118 0.939201 -0.139782 -0.266167 -0.139782
rHand 1582.57 0.163735 0.453773 0.875946 -0.0610117 0.210454 -0.703671 0.210454
lFoot 1582.57 -0.150957 0.984715 0.0868864 -0.636323 -0.552057 -0.0123376 -0.552057
rFoot 1582.57 -0.568008 0.78951 0.232465 0.957759 0.114427 -0.218404 0.114427
head 1582.58 -0.202089 0.187685 0.961215 0.59622 -0.213442 0.631898 -0.213442
hip 1582.58 -0.100354 0.661773 0.742957 0.774926 -0.00911706 0.48433 -0.00911706
lHand 1582.58 -0.126392 -0.0604202 0.990139 0.939303 -0.137963 -0.267216 -0.137963
rHand 1582.58 0.164108 0.453111 0.876219 -0.0608932 0.210203 -0.703775 0.210203
lFoot 1582.58 -0.15113 0.984706 0.0866876 -0.635995 -0.552355 -0.0121289 -0.552355
rFoot 1582.58 -0.567887 0.789561 0.232589 0.957698 0.114388 -0.218497 0.114388
head 1582.59 -0.201955 0.187519 0.961275 0.595521 -0.213752 0.632523 -0.213752
hip 1582.59 -0.100333 0.661714 0.743012 0.775277 -0.00898429 0.484032 -0.00898429
lHand 1582.59 -0.125703 -0.0608156 0.990202 0.939194 -0.136325 -0.26839 -0.136325
rHand 1582.59 0.164057 0.453592 0.875979 -0.0606598 0.21003 -0.703793 0.21003
lFoot 1582.59 -0.151731 0.984704 0.0856437 -0.635723 -0.552602 -0.0121902 -0.552602
rFoot 1582.59 -0.567704 0.789638 0.232776 0.957626 0.114336 -0.218646 0.114336
head 1582.6 -0.201794 0.187356 0.961341 0.594725 -0.214022 0.633228 -0.214022
hip 1582.6 -0.100209 0.661614 0.743118 0.775567 -0.00891925 0.483713 -0.00891925
lHand 1582.6 -0.125031 -0.0612104 0.990263 0.938982 -0.135245 -0.269669 -0.135245
rHand 1582.6 0.164204 0.453309 0.876098 -0.0606296 0.210214 -0.703719 0.210214
lFoot 1582.6 -0.151885 0.984699 0.085437 -0.635431 -0.552867 -0.012199 -0.552867
rFoot 1582.6 -0.567505 0.78967 0.233153 0.957578 0.114278 -0.21873 0.114278
head 1582.61 -0.201571 0.187133 0.961431 0.593861 -0.214032 0.634088 -0.214032
hip 1582.61 -0.100085 0.661584 0.743162 0.775618 -0.00890996 0.483606 -0.00890996
lHand 1582.61 -0.124172 -0.0613018 0.990365 0.938389 -0.135049 -0.27151 -0.135049
rHand 1582.61 0.163924 0.454123 0.875729 -0.0606868 0.210043 -0.70373 0.210043
lFoot 1582.61 -0.151999 0.984682 0.085422 -0.635171 -0.553223 -0.0124136 -0.553223
rFoot 1582.61 -0.567244 0.789843 0.233198 0.957506 0.114196 -0.218922 0.114196
head 1582.62 -0.201325 0.186963 0.961516 0.592892 -0.214054 0.634997 -0.214054
hip 1582.62 -0.0998985 0.661641 0.743136 0.77557 -0.00873421 0.483551 -0.00873421
lHand 1582.62 -0.123052 -0.0611969 0.990512 0.937733 -0.135813 -0.273231 -0.135813
rHand 1582.62 0.164203 0.453592 0.875952 -0.0607998 0.209878 -0.703517 0.209878
lFoot 1582.62 -0.151952 0.984685 0.085471 -0.634798 -0.553763 -0.0124845 -0.553763
rFoot 1582.62 -0.566818 0.790095 0.233383 0.957551 0.114089 -0.21873 0.114089
head 1582.63 -0.201097 0.186757 0.961604 0.591882 -0.21396 0.635892 -0.21396
hip 1582.63 -0.0996882 0.661557 0.743239 0.775703 -0.0088478 0.483149 -0.0088478
lHand 1582.63 -0.122327 -0.0614289 0.990587 0.937545 -0.135516 -0.273934 -0.135516
rHand 1582.63 0.163846 0.453335 0.876152 -0.0608728 0.209961 -0.703613 0.209961
lFoot 1582.63 -0.152107 0.984684 0.0852086 -0.63438 -0.554587 -0.012508 -0.554587
rFoot 1582.63 -0.566376 0.790382 0.233484 0.957653 0.113604 -0.218455 0.113604
head 1582.65 -0.20082 0.186696 0.961673 0.59116 -0.213716 0.636482 -0.213716
hip 1582.65 -0.0995472 0.661502 0.743308 0.77598 -0.00893311 0.482487 -0.00893311
lHand 1582.65 -0.121749 -0.0614108 0.990659 0.937657 -0.134562 -0.27358 -0.134562
rHand 1582.65 0.162417 0.45506 0.875523 -0.060412 0.210207 -0.704087 0.210207
lFoot 1582.65 -0.151974 0.984689 0.0853927 -0.63394 -0.555216 -0.0128539 -0.555216
rFoot 1582.65 -0.566335 0.790335 0.233744 0.957577 0.114172 -0.218546 0.114172
head 1582.66 -0.20057 0.186637 0.961737 0.590716 -0.213371 0.63686 -0.213371
hip 1582.66 -0.0995648 0.661541 0.74327 0.776281 -0.00892981 0.482025 -0.00892981
lHand 1582.66 -0.121244 -0.0613697 0.990724 0.937886 -0.13331 -0.272751 -0.13331
rHand 1582.66 0.162222 0.455361 0.875403 -0.0597863 0.210295 -0.704429 0.210295
lFoot 1582.66 -0.152083 0.98468 0.0853036 -0.633703 -0.555893 -0.0126496 -0.555893
rFoot 1582.66 -0.566307 0.790417 0.233534 0.95762 0.113847 -0.218424 0.113847
head 1582.67 -0.200297 0.186472 0.961826 0.590363 -0.213162 0.637193 -0.213162
hip 1582.67 -0.0994807 0.661414 0.743394 0.77651 -0.00869105 0.481839 -0.00869105
lHand 1582.67 -0.120671 -0.0614429 0.990789 0.937858 -0.132488 -0.272731 -0.132488
rHand 1582.67 0.161945 0.455408 0.87543 -0.0599532 0.210211 -0.704293 0.210211
lFoot 1582.67 -0.152227 0.984677 0.0850779 -0.633842 -0.555963 -0.0124373 -0.555963
rFoot 1582.67 -0.566498 0.790296 0.233476 0.957629 0.113701 -0.218412 0.113701
head 1582.68 -0.19998 0.186415 0.961903 0.590059 -0.212911 0.637633 -0.212911
hip 1582.68 -0.0995119 0.661343 0.743454 0.776762 -0.0081789 0.481994 -0.0081789
lHand 1582.68 -0.119823 -0.0611401 0.990911 0.937356 -0.132523 -0.273879 -0.132523
rHand 1582.68 0.161447 0.455576 0.875435 -0.0604923 0.210478 -0.703859 0.210478
lFoot 1582.68 -0.152355 0.984677 0.0848538 -0.633779 -0.556063 -0.0126123 -0.556063
rFoot 1582.68 -0.566508 0.790335 0.233324 0.957724 0.114141 -0.217826 0.114141
head 1582.69 -0.199643 0.186496 0.961957 0.589597 -0.21283 0.63806 -0.21283
hip 1582.69 -0.0995936 0.661275 0.743502 0.777306 -0.00757542 0.481627 -0.00757542
lHand 1582.69 -0.11892 -0.0609102 0.991034 0.93685 -0.132702 -0.275036 -0.132702
rHand 1582.69 0.160123 0.457492 0.874678 -0.0603185 0.210996 -0.703792 0.210996
lFoot 1582.69 -0.152029 0.984685 0.0853423 -0.633576 -0.556622 -0.012747 -0.556622
rFoot 1582.69 -0.566459 0.790411 0.233183 0.957756 0.114014 -0.217838 0.114014
head 1582.7 -0.199212 0.186554 0.962035 0.589118 -0.212615 0.638549 -0.212615
hip 1582.7 -0.0996309 0.661216 0.743551 0.777985 -0.0071158 0.480855 -0.0071158
lHand 1582.7 -0.118031 -0.0603242 0.991176 0.936162 -0.133265 -0.27641 -0.133265
rHand 1582.7 0.159075 0.458236 0.87448 -0.0606898 0.212003 -0.703519 0.212003
lFoot 1582.7 -0.152148 0.984689 0.0850767 -0.63339 -0.557132 -0.0127268 -0.557132
rFoot 1582.7 -0.566336 0.790505 0.233163 0.957803 0.114041 -0.2177 0.114041
head 1582.71 -0.198788 0.186616 0.962111 0.588388 -0.212556 0.639173 -0.212556
hip 1582.71 -0.0996356 0.661188 0.743574 0.778385 -0.00695858 0.480047 -0.00695858
lHand 1582.71 -0.117097 -0.059851 0.991315 0.93553 -0.133954 -0.277474 -0.133954
rHand 1582.71 0.157998 0.459322 0.874105 -0.0623294 0.212583 -0.70322 0.212583
lFoot 1582.71 -0.151946 0.98471 0.0851943 -0.633395 -0.557305 -0.0127722 -0.557305
rFoot 1582.71 -0.566175 0.79065 0.233062 0.957872 0.114046 -0.217495 0.114046
head 1582.72 -0.198467 0.186652 0.96217 0.587453 -0.21239 0.639959 -0.21239
hip 1582.72 -0.0996421 0.661202 0.743561 0.77842 -0.00663395 0.479952 -0.00663395
lHand 1582.72 -0.116239 -0.0594248 0.991442 0.935126 -0.134277 -0.277841 -0.134277
rHand 1582.72 0.156797 0.459709 0.874118 -0.0635824 0.212997 -0.70304 0.212997
lFoot 1582.72 -0.151153 0.984683 0.0868988 -0.633538 -0.556971 -0.0127343 -0.556971
rFoot 1582.72 -0.566123 0.790692 0.233045 0.957895 0.114368 -0.217395 0.114368
head 1582.73 -0.198058 0.186601 0.962265 0.586109 -0.212479 0.641003 -0.212479
hip 1582.73 -0.0995219 0.661135 0.743637 0.778335 -0.00645765 0.47993 -0.00645765
lHand 1582.73 -0.115471 -0.0590365 0.991555 0.934846 -0.1344 -0.277553 -0.1344
rHand 1582.73 0.156072 0.460041 0.874073 -0.0640602 0.21327 -0.703012 0.21327
lFoot 1582.73 -0.151265 0.984681 0.0867326 -0.633648 -0.556973 -0.0125902 -0.556973
rFoot 1582.73 -0.565875 0.790872 0.233041 0.957963 0.114189 -0.217222 0.114189
head 1582.75 -0.197676 0.186735 0.962317 0.584713 -0.212686 0.642245 -0.212686
hip 1582.75 -0.0994524 0.661136 0.743645 0.778584 -0.00656196 0.47917 -0.00656196
lHand 1582.75 -0.114618 -0.0585589 0.991682 0.93448 -0.134562 -0.277906 -0.134562
rHand 1582.75 0.155447 0.460055 0.874177 -0.0649704 0.21332 -0.702637 0.21332
lFoot 1582.75 -0.151094 0.98469 0.0869295 -0.633555 -0.557259 -0.0127386 -0.557259
rFoot 1582.75 -0.565585 0.791075 0.233054 0.958079 0.113969 -0.216858 0.113969
head 1582.76 -0.197333 0.186881 0.962359 0.582724 -0.213043 0.643945 -0.213043
hip 1582.76 -0.0994493 0.661134 0.743648 0.778944 -0.00652346 0.478283 -0.00652346
lHand 1582.76 -0.113577 -0.058201 0.991823 0.934226 -0.134666 -0.278211 -0.134666
rHand 1582.76 0.153796 0.46159 0.87366 -0.0652921 0.213436 -0.702464 0.213436
lFoot 1582.76 -0.150842 0.984697 0.0872837 -0.633134 -0.557988 -0.012991 -0.557988
rFoot 1582.76 -0.565715 0.791147 0.232494 0.958086 0.114226 -0.216827 0.114226
head 1582.77 -0.196995 0.186764 0.962451 0.580243 -0.213302 0.64609 -0.213302
hip 1582.77 -0.0996177 0.661283 0.743492 0.779184 -0.00628128 0.477825 -0.00628128
lHand 1582.77 -0.112882 -0.0580142 0.991913 0.934165 -0.134099 -0.277829 -0.134099
rHand 1582.77 0.153236 0.462355 0.873354 -0.0649543 0.213864 -0.702507 0.213864
lFoot 1582.77 -0.150927 0.984701 0.0870937 -0.633096 -0.558266 -0.0130096 -0.558266
rFoot 1582.77 -0.56578 0.791153 0.232315 0.958158 0.11434 -0.216472 0.11434
head 1582.78 -0.196615 0.186847 0.962513 0.576852 -0.213499 0.648991 -0.213499
hip 1582.78 -0.0997995 0.661259 0.74349 0.779434 -0.00576554 0.477914 -0.00576554
lHand 1582.78 -0.112018 -0.0577393 0.992027 0.934266 -0.13278 -0.277197 -0.13278
rHand 1582.78 0.152831 0.463264 0.872943 -0.0644986 0.214378 -0.702345 0.214378
lFoot 1582.78 -0.151001 0.984705 0.086919 -0.633249 -0.558297 -0.0130123 -0.558297
rFoot 1582.78 -0.565768 0.791181 0.232248 0.95822 0.114213 -0.216344 0.114213
head 1582.79 -0.1963 0.186893 0.962568 0.572704 -0.213667 0.652484 -0.213667
hip 1582.79 -0.0999084 0.661231 0.7435 0.77985 -0.00544821 0.477541 -0.00544821
lHand 1582.79 -0.11098 -0.0574497 0.992161 0.933972 -0.132158 -0.277531 -0.132158
rHand 1582.79 0.151283 0.464576 0.872515 -0.0647898 0.214859 -0.701973 0.214859
lFoot 1582.79 -0.14998 0.984686 0.0888776 -0.633114 -0.558395 -0.013105 -0.558395
rFoot 1582.79 -0.565758 0.791028 0.232794 0.958228 0.114484 -0.216195 0.114484
head 1582.8 -0.195986 0.186931 0.962625 0.567295 -0.213547 0.657191 -0.213547
hip 1582.8 -0.0999679 0.660974 0.74372 0.780208 -0.00490101 0.477272 -0.00490101
lHand 1582.8 -0.109711 -0.0570156 0.992327 0.933037 -0.131687 -0.279651 -0.131687
rHand 1582.8 0.150314 0.465053 0.872428 -0.0655166 0.215538 -0.701539 0.215538
lFoot 1582.8 -0.150049 0.98469 0.0887142 -0.632992 -0.558818 -0.0130051 -0.558818
rFoot 1582.8 -0.565443 0.791241 0.232833 0.958341 0.11425 -0.21598 0.11425
head 1582.81 -0.195796 0.186884 0.962672 0.560621 -0.213186 0.663122 -0.213186
hip 1582.81 -0.100164 0.660933 0.74373 0.780737 -0.00416698 0.476986 -0.00416698
lHand 1582.81 -0.108373 -0.0566998 0.992492 0.932079 -0.131823 -0.281993 -0.131823
rHand 1582.81 0.150084 0.465843 0.872046 -0.0659839 0.215921 -0.701315 0.215921
lFoot 1582.81 -0.149883 0.984695 0.0889448 -0.632839 -0.559176 -0.0130346 -0.559176
rFoot 1582.81 -0.565316 0.791326 0.232854 0.958365 0.114286 -0.215895 0.114286
head 1582.82 -0.195935 0.186842 0.962652 0.553462 -0.213065 0.669455 -0.213065
hip 1582.82 -0.100258 0.66096 0.743694 0.780999 -0.00383333 0.476426 -0.00383333
lHand 1582.82 -0.106799 -0.0563076 0.992685 0.930989 -0.132526 -0.284958 -0.132526
rHand 1582.82 0.149252 0.465828 0.872197 -0.0670726 0.216019 -0.700868 0.216019
lFoot 1582.82 -0.149085 0.984677 0.0904709 -0.63286 -0.558942 -0.0131678 -0.558942
rFoot 1582.82 -0.565134 0.791404 0.233029 0.958384 0.114442 -0.21576 0.114442
head 1582.84 -0.195858 0.186787 0.962679 0.545925 -0.213329 0.676043 -0.213329
hip 1582.84 -0.100156 0.660781 0.743866 0.781308 -0.00376106 0.475892 -0.00376106
lHand 1582.84 -0.10561 -0.055987 0.99283 0.930553 -0.13241 -0.286013 -0.13241
rHand 1582.84 0.148893 0.466161 0.872081 -0.0672207 0.216025 -0.700713 0.216025
lFoot 1582.84 -0.149138 0.984677 0.0903791 -0.632893 -0.559015 -0.0132105 -0.559015
rFoot 1582.84 -0.565031 0.791498 0.232961 0.958458 0.114384 -0.215514 0.114384
head 1582.85 -0.195823 0.186938 0.962656 0.538598 -0.213742 0.682116 -0.213742
hip 1582.85 -0.100062 0.660728 0.743926 0.78115 -0.00370194 0.475854 -0.00370194
lHand 1582.85 -0.10488 -0.0558685 0.992914 0.931129 -0.130504 -0.284373 -0.130504
rHand 1582.85 0.14849 0.467506 0.871429 -0.0669484 0.216352 -0.700664 0.216352
lFoot 1582.85 -0.148962 0.984676 0.0906826 -0.632835 -0.559419 -0.0132351 -0.559419
rFoot 1582.85 -0.56505 0.791502 0.232901 0.958493 0.114516 -0.21536 0.114516
head 1582.86 -0.195929 0.187096 0.962604 0.531587 -0.214273 0.687638 -0.214273
hip 1582.86 -0.10002 0.660664 0.743988 0.781178 -0.00371905 0.4757 -0.00371905
lHand 1582.86 -0.104268 -0.0558115 0.992982 0.932013 -0.127653 -0.281418 -0.127653
rHand 1582.86 0.14809 0.46818 0.871135 -0.067049 0.216853 -0.700241 0.216853
lFoot 1582.86 -0.148604 0.984678 0.0912439 -0.632493 -0.559882 -0.0132221 -0.559882
rFoot 1582.86 -0.564902 0.79177 0.23235 0.958534 0.11469 -0.215207 0.11469
head 1582.87 -0.196 0.187081 0.962593 0.524852 -0.214907 0.692782 -0.214907
hip 1582.87 -0.1001 0.660793 0.743864 0.78142 -0.00341263 0.475411 -0.00341263
lHand 1582.87 -0.103652 -0.0557915 0.993048 0.93228 -0.125608 -0.279939 -0.125608
rHand 1582.87 0.147901 0.468708 0.870884 -0.0675678 0.21728 -0.699731 0.21728
lFoot 1582.87 -0.148617 0.984684 0.0911657 -0.632243 -0.560143 -0.0136147 -0.560143
rFoot 1582.87 -0.564766 0.791848 0.232416 0.958601 0.114462 -0.215041 0.114462
head 1582.88 -0.196146 0.187196 0.962541 0.518324 -0.215572 0.697744 -0.215572
hip 1582.88 -0.100352 0.660713 0.743901 0.781476 -0.00258439 0.475691 -0.00258439
lHand 1582.88 -0.102541 -0.0555285 0.993178 0.931634 -0.124985 -0.28142 -0.124985
rHand 1582.88 0.1473 0.468981 0.870838 -0.0687288 0.217652 -0.69905 0.217652
lFoot 1582.88 -0.148497 0.984685 0.0913441 -0.632021 -0.560647 -0.0138964 -0.560647
rFoot 1582.88 -0.56482 0.791761 0.232577 0.958474 0.114896 -0.215385 0.114896
head 1582.89 -0.196228 0.187249 0.962514 0.512032 -0.216377 0.702368 -0.216377
hip 1582.89 -0.100583 0.660643 0.743931 0.781592 -0.00160333 0.475855 -0.00160333
lHand 1582.89 -0.101145 -0.0553414 0.993331 0.930813 -0.124782 -0.283688 -0.124782
rHand 1582.89 0.147141 0.469116 0.870793 -0.0698 0.217788 -0.69838 0.217788
lFoot 1582.89 -0.147857 0.984671 0.0925285 -0.631739 -0.56102 -0.0140238 -0.56102
rFoot 1582.89 -0.564672 0.791713 0.2331 0.95843 0.114836 -0.215495 0.114836
head 1582.9 -0.196324 0.187428 0.962459 0.505974 -0.217277 0.706689 -0.217277
hip 1582.9 -0.100689 0.660495 0.744049 0.781817 -0.000864863 0.475664 -0.000864863
lHand 1582.9 -0.0997776 -0.0549822 0.99349 0.929815 -0.124952 -0.286809 -0.124952
rHand 1582.9 0.147226 0.469306 0.870676 -0.0706145 0.218105 -0.697401 0.218105
lFoot 1582.9 -0.147841 0.984682 0.0924393 -0.631668 -0.561217 -0.0142589 -0.561217
rFoot 1582.9 -0.564649 0.791702 0.233197 0.95838 0.114849 -0.21561 0.114849
head 1582.91 -0.196491 0.187646 0.962383 0.500566 -0.21826 0.710347 -0.21826
hip 1582.91 -0.100856 0.660457 0.744059 -0.781953 0.000291046 -0.475455 0.000291046
lHand 1582.91 -0.0986709 -0.0547252 0.993614 0.929334 -0.124235 -0.28907 -0.124235
rHand 1582.91 0.147647 0.469977 0.870243 -0.0709651 0.218463 -0.696763 0.218463
lFoot 1582.91 -0.14759 0.984685 0.0927999 -0.631794 -0.561175 -0.0144574 -0.561175
rFoot 1582.91 -0.564777 0.791583 0.233287 0.958345 0.115185 -0.215564 0.115185
head 1582.92 -0.196737 0.187781 0.962306 0.495911 -0.219159 0.713371 -0.219159
hip 1582.92 -0.100989 0.660417 0.744077 -0.781975 -7.94828e-05 -0.475453 -7.94828e-05
lHand 1582.92 -0.0978897 -0.0546762 0.993694 0.929605 -0.122808 -0.288722 -0.122808
rHand 1582.92 0.147752 0.470272 0.870065 -0.0710946 0.218625 -0.696291 0.218625
lFoot 1582.92 -0.147146 0.984675 0.0936123 -0.631933 -0.561128 -0.0145684 -0.561128
rFoot 1582.92 -0.565046 0.79134 0.233458 0.958318 0.115041 -0.215617 0.115041
head 1582.94 -0.197023 0.187858 0.962233 0.49215 -0.220126 0.715566 -0.220126
hip 1582.94 -0.10102 0.660288 0.744187 -0.78173 -0.000157125 -0.475669 -0.000157125
lHand 1582.94 -0.0973192 -0.0547066 0.993749 0.929921 -0.121229 -0.287768 -0.121229
rHand 1582.94 0.148217 0.470488 0.86987 -0.0706283 0.218549 -0.696141 0.218549
lFoot 1582.94 -0.147142 0.984684 0.0935249 -0.631831 -0.561525 -0.0147309 -0.561525
rFoot 1582.94 -0.565319 0.791135 0.233494 0.958245 0.11504 -0.215888 0.11504
head 1582.95 -0.197195 0.188054 0.962159 0.488581 -0.221215 0.71742 -0.221215
hip 1582.95 -0.101088 0.660257 0.744205 -0.781334 -0.000257745 -0.476268 -0.000257745
lHand 1582.95 -0.0968064 -0.0547147 0.993798 0.93033 -0.119196 -0.286425 -0.119196
rHand 1582.95 0.148392 0.471269 0.869417 -0.0698835 0.218739 -0.696342 0.218739
lFoot 1582.95 -0.146902 0.984684 0.0939034 -0.63166 -0.561823 -0.0150294 -0.561823
rFoot 1582.95 -0.565379 0.791113 0.233425 0.958252 0.115129 -0.215804 0.115129
head 1582.96 -0.197407 0.188257 0.962076 0.485656 -0.222196 0.718692 -0.222196
hip 1582.96 -0.101259 0.66032 0.744126 -0.781177 -0.000657234 -0.476777 -0.000657234
lHand 1582.96 -0.0962889 -0.0545286 0.993859 0.930412 -0.118302 -0.285779 -0.118302
rHand 1582.96 0.148804 0.471749 0.869086 -0.0693123 0.218971 -0.696512 0.218971
lFoot 1582.96 -0.146282 0.984667 0.0950418 -0.631566 -0.561937 -0.0152316 -0.561937
rFoot 1582.96 -0.565658 0.790902 0.233462 0.958198 0.114868 -0.216248 0.114868
head 1582.97 -0.19764 0.188407 0.961999 0.482653 -0.223107 0.719779 -0.223107
hip 1582.97 -0.101425 0.660251 0.744165 -0.78106 -0.00110532 -0.477231 -0.00110532
lHand 1582.97 -0.0957693 -0.0545109 0.99391 0.930425 -0.117023 -0.285582 -0.117023
rHand 1582.97 0.149012 0.471436 0.86922 -0.0699076 0.218688 -0.696511 0.218688
lFoot 1582.97 -0.146279 0.984673 0.0949811 -0.631451 -0.562196 -0.0153711 -0.562196
rFoot 1582.97 -0.565538 0.790961 0.233553 0.958152 0.115035 -0.216271 0.115035
head 1582.98 -0.197811 0.188519 0.961941 0.480105 -0.223813 0.720186 -0.223813
hip 1582.98 -0.101607 0.660207 0.744179 -0.780939 -0.00146643 -0.47765 -0.00146643
lHand 1582.98 -0.0951474 -0.0544821 0.993971 0.930336 -0.116367 -0.285623 -0.116367
rHand 1582.98 0.149456 0.471431 0.869147 -0.0706471 0.218252 -0.696399 0.218252
lFoot 1582.98 -0.146002 0.984662 0.0955188 -0.631271 -0.562416 -0.0154724 -0.562416
rFoot 1582.98 -0.565624 0.790918 0.233493 0.958041 0.115114 -0.216586 0.115114
head 1582.99 -0.198004 0.188841 0.961839 0.47796 -0.224552 0.720082 -0.224552
hip 1582.99 -0.101766 0.660178 0.744183 -0.780856 -0.00162079 -0.47792 -0.00162079
lHand 1582.99 -0.0947122 -0.0541703 0.99403 0.930254 -0.115963 -0.285354 -0.115963
rHand 1582.99 0.15006 0.47137 0.869075 -0.0714446 0.218142 -0.695739 0.218142
lFoot 1582.99 -0.145297 0.984654 0.0966683 -0.631217 -0.562308 -0.015573 -0.562308
rFoot 1582.99 -0.565871 0.790713 0.233585 0.957923 0.115149 -0.217 0.115149
head 1583 -0.198171 0.189125 0.961748 0.476819 -0.225436 0.719039 -0.225436
hip 1583 -0.10189 0.660264 0.74409 -0.780799 -0.00156333 -0.477996 -0.00156333
lHand 1583 -0.0945533 -0.053939 0.994058 0.930459 -0.114286 -0.284276 -0.114286
rHand 1583 0.150581 0.471586 0.868868 -0.0716937 0.218075 -0.695159 0.218075
lFoot 1583 -0.145282 0.984656 0.0966775 -0.631382 -0.562035 -0.0155697 -0.562035
rFoot 1583 -0.566055 0.79068 0.233254 0.957882 0.115178 -0.217074 0.115178
head 1583.01 -0.198396 0.189447 0.961639 0.476106 -0.22624 0.718001 -0.22624
hip 1583.01 -0.102024 0.660274 0.744063 -0.780828 -0.00150342 -0.478065 -0.00150342
lHand 1583.01 -0.0943327 -0.0537568 0.994088 0.930535 -0.112643 -0.283545 -0.112643
rHand 1583.01 0.151859 0.472088 0.868373 -0.0712441 0.217898 -0.694638 0.217898
lFoot 1583.01 -0.14592 0.984702 0.0952295 -0.631571 -0.561883 -0.0154312 -0.561883
rFoot 1583.01 -0.566494 0.790386 0.233185 0.957808 0.115188 -0.217398 0.115188
head 1583.03 -0.198611 0.189628 0.961559 0.47548 -0.227032 0.717246 -0.227032
hip 1583.03 -0.102095 0.660278 0.744049 -0.780616 -0.00146884 -0.478527 -0.00146884
lHand 1583.03 -0.0942163 -0.0535094 0.994113 0.93014 -0.111443 -0.283619 -0.111443
rHand 1583.03 0.152132 0.472653 0.868018 -0.0709666 0.217791 -0.694364 0.217791
lFoot 1583.03 -0.145379 0.984686 0.0962239 -0.631929 -0.561576 -0.0153466 -0.561576
rFoot 1583.03 -0.566615 0.790273 0.233274 0.957837 0.115449 -0.217245 0.115449
head 1583.04 -0.198861 0.189839 0.961465 0.474867 -0.227771 0.716804 -0.227771
hip 1583.04 -0.102234 0.660282 0.744027 -0.780464 -0.00162643 -0.478874 -0.00162643
lHand 1583.04 -0.0937732 -0.0528716 0.994189 0.928947 -0.112044 -0.285624 -0.112044
rHand 1583.04 0.152589 0.473174 0.867653 -0.070758 0.217775 -0.694095 0.217775
lFoot 1583.04 -0.145273 0.984692 0.0963178 -0.632526 -0.56038 -0.0157846 -0.56038
rFoot 1583.04 -0.566784 0.790176 0.233189 0.957756 0.115446 -0.217646 0.115446
head 1583.05 -0.199063 0.190134 0.961365 0.474082 -0.228475 0.716637 -0.228475
hip 1583.05 -0.102309 0.660285 0.744014 -0.78045 -0.00186958 -0.478973 -0.00186958
lHand 1583.05 -0.0933073 -0.0522359 0.994266 0.927514 -0.114046 -0.288268 -0.114046
rHand 1583.05 0.153457 0.473258 0.867455 -0.0708477 0.217692 -0.693662 0.217692
lFoot 1583.05 -0.145947 0.984726 0.0949463 -0.633133 -0.559191 -0.0159932 -0.559191
rFoot 1583.05 -0.566799 0.790082 0.233472 0.957789 0.115182 -0.21767 0.115182
head 1583.06 -0.199277 0.190251 0.961298 0.473663 -0.229062 0.716269 -0.229062
hip 1583.06 -0.10238 0.660296 0.743994 -0.780566 -0.00206406 -0.478967 -0.00206406
lHand 1583.06 -0.0928748 -0.0518491 0.994327 0.926544 -0.115434 -0.289972 -0.115434
rHand 1583.06 0.153664 0.473503 0.867284 -0.071114 0.217798 -0.693038 0.217798
lFoot 1583.06 -0.145571 0.984697 0.0958215 -0.633118 -0.55982 -0.0153099 -0.55982
rFoot 1583.06 -0.566874 0.789949 0.233741 0.957693 0.11524 -0.218053 0.11524
head 1583.07 -0.199512 0.19041 0.961218 0.473474 -0.22966 0.715687 -0.22966
hip 1583.07 -0.102317 0.660278 0.744019 -0.780801 -0.00210999 -0.478788 -0.00210999
lHand 1583.07 -0.0927228 -0.0513837 0.994365 0.925989 -0.117071 -0.290883 -0.117071
rHand 1583.07 0.153855 0.473613 0.867191 -0.0714069 0.217839 -0.692367 0.217839
lFoot 1583.07 -0.14551 0.984713 0.0957484 -0.632575 -0.560512 -0.0156473 -0.560512
rFoot 1583.07 -0.567002 0.789833 0.233821 0.957591 0.115513 -0.218243 0.115513
head 1583.08 -0.199758 0.190699 0.961109 0.473596 -0.230225 0.714965 -0.230225
hip 1583.08 -0.10227 0.660318 0.74399 -0.780937 -0.00193074 -0.47842 -0.00193074
lHand 1583.08 -0.0930354 -0.0512115 0.994345 0.926393 -0.117126 -0.2895 -0.117126
rHand 1583.08 0.154739 0.473335 0.867185 -0.0713018 0.217688 -0.691856 0.217688
lFoot 1583.08 -0.146232 0.984739 0.0943706 -0.632634 -0.560298 -0.0158624 -0.560298
rFoot 1583.08 -0.567194 0.789669 0.233912 0.957609 0.115356 -0.218201 0.115356
head 1583.09 -0.200043 0.190983 0.960993 0.473796 -0.230842 0.714392 -0.230842
hip 1583.09 -0.102192 0.660373 0.743952 -0.780847 -0.00178908 -0.478413 -0.00178908
lHand 1583.09 -0.0937532 -0.0510882 0.994284 0.927297 -0.116373 -0.286748 -0.116373
rHand 1583.09 0.15561 0.474004 0.866663 -0.0698926 0.217234 -0.691722 0.217234
lFoot 1583.09 -0.145715 0.984707 0.0954917 -0.633059 -0.559601 -0.0156639 -0.559601
rFoot 1583.09 -0.567486 0.789728 0.232999 0.957602 0.115069 -0.218426 0.115069
head 1583.1 -0.200263 0.190998 0.960945 0.473959 -0.231481 0.713945 -0.231481
hip 1583.1 -0.10221 0.660605 0.743743 -0.780682 -0.00186862 -0.47854 -0.00186862
lHand 1583.1 -0.0943904 -0.0512701 0.994214 0.928046 -0.115836 -0.284458 -0.115836
rHand 1583.1 0.156724 0.474664 0.866101 -0.0685605 0.216903 -0.691113 0.216903
lFoot 1583.1 -0.145727 0.9847 0.095554 -0.633358 -0.559001 -0.0154535 -0.559001
rFoot 1583.1 -0.567936 0.789465 0.232797 0.957602 0.115515 -0.218189 0.115515
head 1583.11 -0.200467 0.191126 0.960877 0.474181 -0.232007 0.713572 -0.232007
hip 1583.11 -0.102107 0.660684 0.743687 -0.78054 -0.00184179 -0.478549 -0.00184179
lHand 1583.11 -0.0947676 -0.0512174 0.994181 0.928378 -0.115849 -0.28315 -0.115849
rHand 1583.11 0.157411 0.475237 0.865663 -0.0676584 0.216913 -0.690661 0.216913
lFoot 1583.11 -0.146488 0.984712 0.0942516 -0.633322 -0.558984 -0.0154521 -0.558984
rFoot 1583.11 -0.567984 0.789458 0.232701 0.957622 0.115422 -0.218147 0.115422
head 1583.13 -0.200701 0.191132 0.960827 0.474525 -0.232545 0.713165 -0.232545
hip 1583.13 -0.102116 0.660878 0.743514 -0.780575 -0.00167769 -0.478175 -0.00167769
lHand 1583.13 -0.0953072 -0.0511605 0.994132 0.928523 -0.116259 -0.282592 -0.116259
rHand 1583.13 0.158062 0.475355 0.865479 -0.0666131 0.217237 -0.690304 0.217237
lFoot 1583.13 -0.145929 0.984699 0.0952492 -0.633165 -0.559026 -0.0153507 -0.559026
rFoot 1583.13 -0.568031 0.789304 0.233109 0.957539 0.115427 -0.218443 0.115427
head 1583.14 -0.200805 0.191287 0.960774 0.475235 -0.232962 0.712597 -0.232962
hip 1583.14 -0.10187 0.660838 0.743583 0.780702 0.00124046 0.477763 0.00124046
lHand 1583.14 -0.0955112 -0.0511505 0.994113 0.928501 -0.116902 -0.283013 -0.116902
rHand 1583.14 0.158281 0.474545 0.865883 -0.0680209 0.21682 -0.688388 0.21682
lFoot 1583.14 -0.145921 0.984694 0.0953119 -0.633408 -0.558427 -0.0151621 -0.558427
rFoot 1583.14 -0.567926 0.789359 0.23318 0.957533 0.115431 -0.218364 0.115431
head 1583.15 -0.200955 0.191493 0.960702 0.475966 -0.233301 0.712016 -0.233301
hip 1583.15 -0.101652 0.660949 0.743514 0.780427 0.00084205 0.477849 0.00084205
lHand 1583.15 -0.0957955 -0.0512475 0.994081 0.928694 -0.116935 -0.283113 -0.116935
rHand 1583.15 0.159394 0.473813 0.86608 -0.0683248 0.216364 -0.687598 0.216364
lFoot 1583.15 -0.146559 0.984708 0.0941804 -0.633627 -0.558046 -0.0150166 -0.558046
rFoot 1583.15 -0.567945 0.789316 0.233279 0.957563 0.115199 -0.218268 0.115199
head 1583.16 -0.201196 0.191497 0.96065 0.476822 -0.233419 0.711554 -0.233419
hip 1583.16 -0.101412 0.661052 0.743455 0.77998 0.000522695 0.478212 0.000522695
lHand 1583.16 -0.0963034 -0.0512857 0.99403 0.929038 -0.116529 -0.282408 -0.116529
rHand 1583.16 0.159481 0.473806 0.866068 -0.0676803 0.21612 -0.687723 0.21612
lFoot 1583.16 -0.146083 0.984685 0.0951611 -0.63372 -0.557728 -0.0147624 -0.557728
rFoot 1583.16 -0.568139 0.789183 0.233256 0.957552 0.11534 -0.218222 0.11534
